Time,Longitude,Latitude,Altitude,Roll (deg),Pitch (deg),Yaw (deg),Health
0.0,128.181881,37.919968,4953.517855200001,0.0,-0.003,179.999,1.0
0.0166,128.181881,37.919929,4953.501091200001,0.0,-0.012,180.0,0.9929619225078538
0.0333,128.181881,37.919891,4953.482498400001,0.087,-0.014,180.011,0.9857343361587599
0.05,128.181881,37.919852,4953.461162400001,0.258,0.003,180.032,0.9783221001784577
0.0666,128.181881,37.919814,4953.4376928,0.516,0.052,180.062,0.9707203553900209
0.0833,128.181881,37.919775,4953.4111752,0.862,0.144,180.096,0.9629339610164599
0.1,128.181881,37.919737,4953.381914400001,1.294,0.288,180.133,0.9549604874766209
0.1166,128.181881,37.919698,4953.3499104,1.812,0.494,180.173,0.9467999347810976
0.1333,128.181881,37.91966,4953.3145536,2.412,0.768,180.217,0.9384498733313936
0.15,128.181881,37.919621,4953.276148800001,3.092,1.105,180.266,0.9299151623271796
0.1666,128.181881,37.919583,4953.234391200001,3.847,1.497,180.319,0.9211909425466531
0.1833,128.181881,37.919544,4953.1911096,4.676,1.934,180.379,0.9122820731678764
0.2,128.181881,37.919505,4953.1456944,5.573,2.403,180.446,0.9031836949480692
0.2166,128.181881,37.919467,4953.0990600000005,6.537,2.891,180.52,0.8938958078465918
0.2333,128.181881,37.919428,4953.0515112,7.564,3.385,180.601,0.8844232710062043
0.25,128.181881,37.919389,4953.0036576,8.65,3.874,180.688,0.8747612251647975
0.2666,128.181881,37.919351,4952.9561088,9.794,4.351,180.783,0.8649096702594913
0.2833,128.181881,37.919312,4952.9091696000005,10.994,4.814,180.884,0.8548734654197563
0.3,128.181881,37.919273,4952.8634496,12.246,5.264,180.994,0.8446477513879824
0.3166,128.18188,37.919234,4952.8192536,13.55,5.698,181.11,0.8342325281207994
0.3333,128.18188,37.919196,4952.777191200001,14.903,6.118,181.235,0.8236277958002252
0.35,128.18188,37.919157,4952.7375672,16.303,6.523,181.368,0.8128359838504527
0.3666,128.18188,37.919118,4952.700381600001,17.749,6.912,181.509,0.8128359838504527
0.3833,128.18188,37.919079,4952.666244,19.24,7.287,181.657,0.8128359838504527
0.4,128.18188,37.91904,4952.635764000001,20.773,7.646,181.814,0.8128359838504527
0.4166,128.18188,37.919001,4952.608636800001,22.348,7.991,181.978,0.8128359838504527
0.4333,128.18188,37.918963,4952.5851672,23.963,8.321,182.151,0.8128359838504527
0.45,128.181879,37.918924,4952.5659648,25.618,8.636,182.331,0.8128359838504527
0.4666,128.181879,37.918885,4952.5510296,27.311,8.937,182.52,0.8128359838504527
0.4833,128.181879,37.918846,4952.5403616,29.042,9.223,182.716,0.8128359838504527
0.5,128.181879,37.918807,4952.5339608,30.809,9.495,182.921,0.8128359838504527
0.5166,128.181878,37.918768,4952.5324368,32.612,9.752,183.133,0.8128359838504527
0.5333,128.181878,37.918729,4952.535484800001,34.451,10.005,183.359,0.8128359838504527
0.55,128.181877,37.91869,4952.5431048,36.326,10.252,183.599,0.8128359838504527
0.5666,128.181877,37.918651,4952.5552968,38.235,10.491,183.853,0.8128359838504527
0.5833,128.181876,37.918612,4952.5720608,40.178,10.719,184.117,0.8128359838504527
0.6,128.181876,37.918573,4952.5937016,42.154,10.936,184.392,0.8128359838504527
0.6166,128.181875,37.918534,4952.6196096,44.162,11.138,184.676,0.8128359838504527
0.6333,128.181874,37.918495,4952.6503944,46.2,11.327,184.968,0.8128359838504527
0.65,128.181873,37.918456,4952.685141600001,48.269,11.501,185.269,0.8128359838504527
0.6666,128.181873,37.918417,4952.7244608,50.366,11.659,185.578,0.8128359838504527
0.6833,128.181872,37.918379,4952.7677424,52.492,11.802,185.895,0.8128359838504527
0.7,128.181871,37.91834,4952.814986400001,54.647,11.928,186.219,0.8128359838504527
0.7166,128.18187,37.918301,4952.8661928,56.831,12.037,186.55,0.8128359838504527
0.7333,128.181868,37.918262,4952.920752,59.045,12.129,186.887,0.8128359838504527
0.75,128.181867,37.918223,4952.9789688,61.288,12.202,187.231,0.8128359838504527
0.7666,128.181866,37.918184,4953.0399288,63.559,12.255,187.582,0.8128359838504527
0.7833,128.181864,37.918145,4953.1042416,65.858,12.286,187.94,0.8128359838504527
0.8,128.181863,37.918106,4953.1709928,68.184,12.295,188.303,0.8128359838504527
0.8166,128.181861,37.918067,4953.240182400001,70.537,12.278,188.673,0.8128359838504527
0.8333,128.18186,37.918029,4953.3118104000005,72.916,12.235,189.047,0.8128359838504527
0.85,128.181858,37.91799,4953.3852672,75.32,12.164,189.426,0.8128359838504527
0.8666,128.181856,37.917951,4953.460248,77.751,12.063,189.808,0.8128359838504527
0.8833,128.181854,37.917912,4953.536752800001,80.207,11.931,190.193,0.8128359838504527
0.9,128.181852,37.917873,4953.6141720000005,82.688,11.767,190.578,0.8128359838504527
0.9166,128.18185,37.917835,4953.692505600001,85.195,11.569,190.962,0.8128359838504527
0.9333,128.181848,37.917796,4953.7714488,87.726,11.337,191.344,0.8128359838504527
0.95,128.181846,37.917757,4953.850392,90.282,11.07,191.722,0.8128359838504527
0.9666,128.181843,37.917718,4953.9293352,92.863,10.768,192.093,0.8128359838504527
0.9833,128.181841,37.917679,4954.007668800001,95.468,10.429,192.455,0.8128359838504527
1.0,128.181839,37.917641,4954.085392800001,98.097,10.055,192.807,0.8128359838504527
1.0166,128.181836,37.917602,4954.1622024,100.75,9.644,193.145,0.8128359838504527
1.0333,128.181833,37.917563,4954.237488,103.427,9.199,193.467,0.8128359838504527
1.05,128.18183,37.917525,4954.3112496,106.129,8.718,193.77,0.8128359838504527
1.0666,128.181828,37.917486,4954.3828776,108.854,8.205,194.053,0.8128359838504527
1.0833,128.181825,37.917447,4954.452372,111.605,7.658,194.312,0.8128359838504527
1.1,128.181822,37.917408,4954.519123200001,114.379,7.082,194.546,0.8128359838504527
1.1166,128.181819,37.91737,4954.5831312,117.178,6.476,194.751,0.8128359838504527
1.1333,128.181815,37.917331,4954.644396000001,120.002,5.843,194.926,0.8128359838504527
1.15,128.181812,37.917292,4954.7020032,122.85,5.187,195.068,0.8128359838504527
1.1666,128.181809,37.917253,4954.755648,125.724,4.509,195.176,0.8128359838504527
1.1833,128.181806,37.917215,4954.8056352,128.624,3.813,195.248,0.8128359838504527
1.2,128.181802,37.917176,4954.8510504000005,131.55,3.1,195.282,0.8128359838504527
1.2166,128.181799,37.917137,4954.8918936,134.502,2.375,195.278,0.8128359838504527
1.2333,128.181795,37.917098,4954.927860000001,137.48,1.64,195.235,0.8128359838504527
1.25,128.181791,37.91706,4954.95834,140.486,0.9,195.153,0.8128359838504527
1.2666,128.181788,37.917021,4954.9833336,143.519,0.156,195.03,0.8128359838504527
1.2833,128.181784,37.916982,4955.0022312,146.58,-0.586,194.867,0.8128359838504527
1.3,128.18178,37.916943,4955.014728,149.665,-1.324,194.665,0.8128359838504527
1.3166,128.181776,37.916904,4955.0202144,152.773,-2.055,194.424,0.8128359838504527
1.3333,128.181772,37.916865,4955.0183856,155.903,-2.774,194.145,0.8128359838504527
1.35,128.181768,37.916827,4955.009241600001,159.052,-3.479,193.829,0.8128359838504527
1.3666,128.181764,37.916788,4954.9921728,162.22,-4.167,193.479,0.8128359838504527
1.3833,128.18176,37.916749,4954.9665696,165.405,-4.833,193.095,0.8128359838504527
1.4,128.181756,37.91671,4954.9324320000005,168.605,-5.477,192.679,0.8128359838504527
1.4166,128.181752,37.916671,4954.88976,171.82,-6.095,192.235,0.8128359838504527
1.4333,128.181748,37.916632,4954.837944000001,175.048,-6.686,191.763,0.8128359838504527
1.45,128.181743,37.916593,4954.7766792,178.288,-7.248,191.267,0.8128359838504527
1.4666,128.181739,37.916554,4954.7062704,-178.46,-7.779,190.748,0.8128359838504527
1.4833,128.181735,37.916516,4954.626108,-175.199,-8.278,190.21,0.8128359838504527
1.5,128.181731,37.916477,4954.5361920000005,-171.93,-8.744,189.654,0.8128359838504527
1.5166,128.181726,37.916438,4954.4365224,-168.654,-9.177,189.084,0.8128359838504527
1.5333,128.181722,37.916399,4954.3267944,-165.371,-9.575,188.502,0.8128359838504527
1.55,128.181718,37.91636,4954.2073128,-162.083,-9.94,187.909,0.8128359838504527
1.5666,128.181714,37.916321,4954.0777728,-158.792,-10.27,187.31,0.8128359838504527
1.5833,128.181709,37.916282,4953.9381744,-155.497,-10.567,186.705,0.8128359838504527
1.6,128.181705,37.916243,4953.7888224,-152.2,-10.83,186.097,0.8128359838504527
1.6166,128.181701,37.916204,4953.6297168,-148.902,-11.06,185.488,0.8128359838504527
1.6333,128.181697,37.916165,4953.4608576,-145.604,-11.258,184.879,0.8128359838504527
1.65,128.181693,37.916126,4953.2825496000005,-142.306,-11.424,184.273,0.8128359838504527
1.6666,128.181689,37.916087,4953.0947928000005,-139.01,-11.56,183.67,0.8128359838504527
1.6833,128.181685,37.916048,4952.8975872,-135.716,-11.666,183.073,0.8128359838504527
1.7,128.181681,37.916009,4952.6915424,-132.424,-11.742,182.482,0.8128359838504527
1.7166,128.181677,37.91597,4952.4766584,-129.135,-11.791,181.899,0.8128359838504527
1.7333,128.181673,37.915931,4952.2523256,-125.997,-11.829,181.336,0.8128359838504527
1.75,128.18167,37.915892,4952.0188488,-123.005,-11.857,180.793,0.8128359838504527
1.7666,128.181666,37.915853,4951.775923200001,-120.156,-11.878,180.27,0.8128359838504527
1.7833,128.181662,37.915813,4951.5238536,-117.444,-11.894,179.766,0.8128359838504527
1.8,128.181659,37.915774,4951.26264,-114.864,-11.905,179.28,0.8128359838504527
1.8166,128.181656,37.915735,4950.9925872,-112.412,-11.914,178.81,0.8128359838504527
1.8333,128.181652,37.915696,4950.7133904,-110.083,-11.921,178.354,0.8128359838504527
1.85,128.181649,37.915657,4950.4256592,-107.874,-11.928,177.911,0.8128359838504527
1.8666,128.181646,37.915618,4950.1293936,-105.779,-11.935,177.479,0.8128359838504527
1.8833,128.181644,37.915579,4949.8248984,-103.794,-11.943,177.056,0.8128359838504527
1.9,128.181641,37.915539,4949.5127832,-101.917,-11.952,176.641,0.8128359838504527
1.9166,128.181639,37.9155,4949.1927432,-100.141,-11.962,176.233,0.8128359838504527
1.9333,128.181636,37.915461,4948.8650832,-98.469,-11.97,175.829,0.8128359838504527
1.95,128.181634,37.915422,4948.530108,-96.901,-11.974,175.429,0.8128359838504527
1.9666,128.181633,37.915383,4948.1881224,-95.439,-11.97,175.031,0.8128359838504527
1.9833,128.181631,37.915344,4947.8391264,-94.08,-11.956,174.635,0.8128359838504527
2.0,128.181629,37.915305,4947.4837296000005,-92.821,-11.932,174.24,0.8128359838504527
2.0166,128.181628,37.915265,4947.122541600001,-91.659,-11.898,173.846,0.8128359838504527
2.0333,128.181627,37.915226,4946.755562400001,-90.591,-11.855,173.453,0.8128359838504527
2.05,128.181626,37.915187,4946.3830968,-89.612,-11.802,173.062,0.8128359838504527
2.0666,128.181626,37.915148,4946.0057544,-88.718,-11.741,172.671,0.8128359838504527
2.0833,128.181625,37.915109,4945.6235352,-87.897,-11.67,172.283,0.8128359838504527
2.1,128.181625,37.91507,4945.237048800001,-87.141,-11.591,171.897,0.8128359838504527
2.1166,128.181625,37.915031,4944.8456856,-86.441,-11.503,171.513,0.8128359838504527
2.1333,128.181625,37.914991,4944.4506648,-85.787,-11.407,171.132,0.8128359838504527
2.15,128.181625,37.914952,4944.0516816,-85.175,-11.304,170.754,0.8128359838504527
2.1666,128.181625,37.914913,4943.648736,-84.596,-11.194,170.379,0.8128359838504527
2.1833,128.181626,37.914874,4943.2427424,-84.048,-11.078,170.009,0.8128359838504527
2.2,128.181627,37.914835,4942.8330912,-83.525,-10.957,169.642,0.8128359838504527
2.2166,128.181628,37.914796,4942.420392000001,-83.024,-10.832,169.28,0.8128359838504527
2.2333,128.181629,37.914757,4942.0046448,-82.542,-10.703,168.922,0.8128359838504527
2.25,128.18163,37.914718,4941.5861544,-82.077,-10.571,168.568,0.8128359838504527
2.2666,128.181632,37.914679,4941.1649208,-81.628,-10.437,168.219,0.8128359838504527
2.2833,128.181633,37.91464,4940.741248800001,-81.192,-10.3,167.875,0.8128359838504527
2.3,128.181635,37.914601,4940.3154432,-80.77,-10.162,167.535,0.8128359838504527
2.3166,128.181637,37.914561,4939.8871992,-80.36,-10.022,167.199,0.8128359838504527
2.3333,128.18164,37.914522,4939.457736,-80.008,-9.888,166.867,0.8128359838504527
2.35,128.181642,37.914483,4939.026748800001,-79.714,-9.76,166.537,0.8128359838504527
2.3666,128.181645,37.914444,4938.5942376,-79.48,-9.636,166.209,0.8128359838504527
2.3833,128.181648,37.914405,4938.1605072,-79.306,-9.515,165.885,0.8128359838504527
2.4,128.181651,37.914366,4937.725557600001,-79.192,-9.397,165.564,0.8128359838504527
2.4166,128.181654,37.914327,4937.2899984000005,-79.139,-9.281,165.245,0.8128359838504527
2.4333,128.181658,37.914289,4936.85322,-79.146,-9.167,164.929,0.8128359838504527
2.45,128.181661,37.91425,4936.415832000001,-79.211,-9.055,164.615,0.8128359838504527
2.4666,128.181665,37.914211,4935.9772248,-79.334,-8.945,164.304,0.8128359838504527
2.4833,128.18167,37.914172,4935.5380079999995,-79.513,-8.839,163.994,0.8128359838504527
2.5,128.181674,37.914133,4935.0978768,-79.748,-8.735,163.686,0.8128359838504527
2.5166,128.181679,37.914094,4934.6568312,-80.038,-8.635,163.379,0.8128359838504527
2.5333,128.181684,37.914055,4934.214871200001,-80.382,-8.538,163.074,0.8128359838504527
2.55,128.181689,37.914017,4933.771692,-80.78,-8.446,162.769,0.8128359838504527
2.5666,128.181694,37.913978,4933.3275984,-81.23,-8.358,162.465,0.8128359838504527
2.5833,128.1817,37.913939,4932.8822856,-81.731,-8.274,162.161,0.8128359838504527
2.6,128.181705,37.913901,4932.4357536,-82.284,-8.196,161.858,0.8128359838504527
2.6166,128.181711,37.913862,4931.9876976000005,-82.885,-8.122,161.556,0.8128359838504527
2.6333,128.181718,37.913824,4931.5381176,-83.536,-8.055,161.254,0.8128359838504527
2.65,128.181724,37.913785,4931.0870136,-84.235,-7.993,160.953,0.8128359838504527
2.6666,128.181731,37.913746,4930.633776000001,-84.98,-7.938,160.652,0.8128359838504527
2.6833,128.181738,37.913708,4930.178709600001,-85.772,-7.889,160.352,0.8128359838504527
2.7,128.181745,37.91367,4929.7209,-86.61,-7.848,160.052,0.8128359838504527
2.7166,128.181753,37.913631,4929.2609568,-87.492,-7.813,159.753,0.8128359838504527
2.7333,128.18176,37.913593,4928.7979656,-88.418,-7.786,159.454,0.8128359838504527
2.75,128.181768,37.913555,4928.3322312,-89.387,-7.767,159.156,0.8128359838504527
2.7666,128.181776,37.913516,4927.8628392,-90.399,-7.756,158.859,0.8128359838504527
2.7833,128.181785,37.913478,4927.389789600001,-91.452,-7.754,158.562,0.8128359838504527
2.8,128.181793,37.91344,4926.9130824,-92.547,-7.76,158.267,0.8128359838504527
2.8166,128.181802,37.913402,4926.432108,-93.681,-7.775,157.972,0.8128359838504527
2.8333,128.181811,37.913364,4925.9462568,-94.856,-7.799,157.679,0.8128359838504527
2.85,128.181821,37.913326,4925.4555288,-96.069,-7.833,157.386,0.8128359838504527
2.8666,128.18183,37.913288,4924.959619200001,-97.321,-7.876,157.095,0.8128359838504527
2.8833,128.18184,37.91325,4924.4579184,-98.611,-7.929,156.806,0.8128359838504527
2.9,128.18185,37.913212,4923.9501216,-99.938,-7.992,156.518,0.8128359838504527
2.9166,128.18186,37.913175,4923.435924,-101.302,-8.065,156.232,0.8128359838504527
2.9333,128.181871,37.913137,4922.9150208,-102.701,-8.149,155.949,0.8128359838504527
2.95,128.181881,37.913099,4922.3864976,-104.136,-8.243,155.668,0.8128359838504527
2.9666,128.181892,37.913062,4921.8503544000005,-105.605,-8.348,155.389,0.8128359838504527
2.9833,128.181903,37.913024,4921.3062864,-107.108,-8.464,155.113,0.8128359838504527
3.0,128.181915,37.912987,4920.7533792,-108.644,-8.591,154.841,0.8128359838504527
3.0166,128.181926,37.912949,4920.191328000001,-110.214,-8.73,154.572,0.8128359838504527
3.0333,128.181938,37.912912,4919.620132800001,-111.816,-8.88,154.307,0.8128359838504527
3.05,128.18195,37.912875,4919.0388792,-113.451,-9.042,154.047,0.8128359838504527
3.0666,128.181962,37.912838,4918.447262400001,-115.119,-9.216,153.791,0.8128359838504527
3.0833,128.181974,37.9128,4917.844977600001,-116.818,-9.401,153.54,0.8128359838504527
3.1,128.181987,37.912763,4917.2314152,-118.551,-9.598,153.295,0.8128359838504527
3.1166,128.182,37.912726,4916.6062704000005,-120.316,-9.807,153.055,0.8128359838504527
3.1333,128.182013,37.912689,4915.9689336,-122.114,-10.028,152.822,0.8128359838504527
3.15,128.182026,37.912653,4915.319100000001,-123.946,-10.261,152.596,0.8128359838504527
3.1666,128.182039,37.912616,4914.6564648,-125.812,-10.506,152.377,0.8128359838504527
3.1833,128.182053,37.912579,4913.9804184,-127.712,-10.762,152.167,0.8128359838504527
3.2,128.182066,37.912542,4913.2909608,-129.65,-11.031,151.965,0.8128359838504527
3.2166,128.18208,37.912506,4912.5871776,-131.626,-11.312,151.773,0.8128359838504527
3.2333,128.182094,37.912469,4911.868764000001,-133.641,-11.605,151.591,0.8128359838504527
3.25,128.182108,37.912433,4911.13572,-135.697,-11.91,151.419,0.8128359838504527
3.2666,128.182122,37.912396,4910.387436,-137.794,-12.228,151.26,0.8128359838504527
3.2833,128.182137,37.91236,4909.623912,-139.933,-12.56,151.114,0.8128359838504527
3.3,128.182151,37.912324,4908.8448432000005,-142.113,-12.905,150.982,0.8128359838504527
3.3166,128.182166,37.912288,4908.04962,-144.335,-13.265,150.867,0.8128359838504527
3.3333,128.182181,37.912251,4907.2379376,-146.599,-13.639,150.769,0.8128359838504527
3.35,128.182195,37.912215,4906.410100800001,-148.907,-14.026,150.691,0.8128359838504527
3.3666,128.18221,37.912179,4905.5658048000005,-151.259,-14.427,150.634,0.8128359838504527
3.3833,128.182225,37.912143,4904.70444,-153.656,-14.842,150.6,0.8128359838504527
3.4,128.182241,37.912108,4903.826006400001,-156.098,-15.268,150.591,0.8128359838504527
3.4166,128.182256,37.912072,4902.930504,-158.587,-15.706,150.607,0.8128359838504527
3.4333,128.182271,37.912036,4902.0176280000005,-161.123,-16.153,150.651,0.8128359838504527
3.45,128.182286,37.912,4901.0873784000005,-163.708,-16.61,150.723,0.8128359838504527
3.4666,128.182302,37.911964,4900.1394504,-166.342,-17.074,150.826,0.8128359838504527
3.4833,128.182317,37.911929,4899.1744536,-169.026,-17.544,150.961,0.8128359838504527
3.5,128.182333,37.911893,4898.191778400001,-171.761,-18.017,151.128,0.8128359838504527
3.5166,128.182348,37.911858,4897.1914248,-174.547,-18.492,151.329,0.8128359838504527
3.5333,128.182364,37.911822,4896.174916800001,-177.211,-18.965,151.543,0.8128359838504527
3.55,128.182379,37.911787,4895.1425592000005,-179.756,-19.435,151.77,0.8128359838504527
3.5666,128.182395,37.911751,4894.0946568,177.81,-19.901,152.011,0.8128359838504527
3.5833,128.18241,37.911716,4893.032124,175.485,-20.363,152.264,0.8128359838504527
3.6,128.182426,37.91168,4891.9555704,173.265,-20.819,152.53,0.8128359838504527
3.6166,128.182441,37.911645,4890.8653008,171.144,-21.269,152.807,0.8128359838504527
3.6333,128.182457,37.91161,4889.7619248,169.12,-21.712,153.095,0.8128359838504527
3.65,128.182473,37.911574,4888.646052,167.19,-22.148,153.394,0.8128359838504527
3.6666,128.182488,37.911539,4887.517987200001,165.349,-22.576,153.702,0.8128359838504527
3.6833,128.182504,37.911503,4886.37834,163.595,-22.995,154.019,0.8128359838504527
3.7,128.182519,37.911468,4885.22772,161.925,-23.406,154.345,0.8128359838504527
3.7166,128.182535,37.911433,4884.066127200001,160.336,-23.808,154.678,0.8128359838504527
3.7333,128.18255,37.911397,4882.8941712000005,158.827,-24.201,155.018,0.8128359838504527
3.75,128.182566,37.911362,4881.7124616,157.395,-24.584,155.364,0.8128359838504527
3.7666,128.182581,37.911327,4880.5209984,156.038,-24.957,155.715,0.8128359838504527
3.7833,128.182597,37.911291,4879.3203912,154.754,-25.321,156.071,0.8128359838504527
3.8,128.182612,37.911256,4878.1109448,153.542,-25.675,156.431,0.8128359838504527
3.8166,128.182628,37.91122,4876.892964000001,152.4,-26.019,156.794,0.8128359838504527
3.8333,128.182643,37.911185,4875.6649248,151.326,-26.352,157.159,0.8128359838504527
3.85,128.182659,37.91115,4874.4277416,150.318,-26.676,157.527,0.8128359838504527
3.8666,128.182674,37.911114,4873.1801952000005,149.369,-26.99,157.897,0.8128359838504527
3.8833,128.18269,37.911079,4871.9222856,148.472,-27.294,158.268,0.8128359838504527
3.9,128.182705,37.911043,4870.6530984,147.62,-27.587,158.642,0.8128359838504527
3.9166,128.18272,37.911008,4869.3729384,146.808,-27.87,159.017,0.8128359838504527
3.9333,128.182736,37.910973,4868.081196,146.032,-28.142,159.395,0.8128359838504527
3.95,128.182751,37.910937,4866.777871200001,145.287,-28.403,159.774,0.8128359838504527
3.9666,128.182766,37.910902,4865.4626592,144.571,-28.655,160.154,0.8128359838504527
3.9833,128.182781,37.910866,4864.135255200001,143.881,-28.897,160.536,0.8128359838504527
4.0,128.182796,37.910831,4862.7953544,143.214,-29.129,160.919,0.8128359838504527
4.0166,128.182812,37.910796,4861.4432616,142.567,-29.352,161.303,0.8128359838504527
4.0333,128.182826,37.91076,4860.078672,141.939,-29.565,161.687,0.8128359838504527
4.05,128.182841,37.910725,4858.7012808,141.328,-29.771,162.071,0.8128359838504527
4.0666,128.182856,37.910689,4857.3113928,140.733,-29.968,162.456,0.8128359838504527
4.0833,128.182871,37.910654,4855.908398400001,140.152,-30.157,162.84,0.8128359838504527
4.1,128.182886,37.910619,4854.492602400001,139.584,-30.339,163.223,0.8128359838504527
4.1166,128.1829,37.910583,4853.063700000001,139.029,-30.514,163.606,0.8128359838504527
4.1333,128.182915,37.910548,4851.621996000001,138.486,-30.683,163.987,0.8128359838504527
4.15,128.182929,37.910512,4850.1668808,137.953,-30.846,164.366,0.8128359838504527
4.1666,128.182944,37.910477,4848.698964,137.431,-31.003,164.743,0.8128359838504527
4.1833,128.182958,37.910442,4847.2179408,136.919,-31.156,165.117,0.8128359838504527
4.2,128.182972,37.910406,4845.723506400001,136.416,-31.304,165.489,0.8128359838504527
4.2166,128.182986,37.910371,4844.2159656,135.922,-31.449,165.858,0.8128359838504527
4.2333,128.183,37.910335,4842.6953184,135.437,-31.591,166.224,0.8128359838504527
4.25,128.183014,37.9103,4841.1615648,134.962,-31.73,166.586,0.8128359838504527
4.2666,128.183028,37.910265,4839.6147048,134.495,-31.868,166.944,0.8128359838504527
4.2833,128.183041,37.910229,4838.0544336,134.038,-32.004,167.298,0.8128359838504527
4.3,128.183055,37.910194,4836.481056,133.589,-32.14,167.649,0.8128359838504527
4.3166,128.183068,37.910159,4834.894572,133.149,-32.275,167.994,0.8128359838504527
4.3333,128.183082,37.910123,4833.2949816,132.717,-32.41,168.335,0.8128359838504527
4.35,128.183095,37.910088,4831.6822848,132.293,-32.546,168.671,0.8128359838504527
4.3666,128.183108,37.910053,4830.0561768,131.878,-32.682,169.002,0.8128359838504527
4.3833,128.183121,37.910018,4828.4172672,131.471,-32.82,169.327,0.8128359838504527
4.4,128.183134,37.909982,4826.764946400001,131.073,-32.958,169.648,0.8128359838504527
4.4166,128.183147,37.909947,4825.099519200001,130.685,-33.096,169.967,0.8128359838504527
4.4333,128.183159,37.909912,4823.4206808,130.308,-33.232,170.283,0.8128359838504527
4.45,128.183172,37.909876,4821.7290408,129.942,-33.367,170.598,0.8128359838504527
4.4666,128.183184,37.909841,4820.0239896,129.586,-33.5,170.911,0.8128359838504527
4.4833,128.183196,37.909806,4818.3055272,129.24,-33.632,171.224,0.8128359838504527
4.5,128.183209,37.909771,4816.5739584,128.904,-33.761,171.535,0.8128359838504527
4.5166,128.183221,37.909736,4814.8292832,128.575,-33.888,171.846,0.8128359838504527
4.5333,128.183232,37.9097,4813.0715016,128.255,-34.013,172.156,0.8128359838504527
4.55,128.183244,37.909665,4811.3006136,127.941,-34.136,172.465,0.8128359838504527
4.5666,128.183256,37.90963,4809.516314400001,127.634,-34.258,172.774,0.8128359838504527
4.5833,128.183267,37.909595,4807.7189088000005,127.332,-34.378,173.082,0.8128359838504527
4.6,128.183278,37.90956,4805.9087016,127.036,-34.496,173.39,0.8128359838504527
4.6166,128.18329,37.909525,4804.0850832,126.745,-34.613,173.696,0.8128359838504527
4.6333,128.183301,37.909489,4802.2486632,126.458,-34.729,174.002,0.8128359838504527
4.65,128.183311,37.909454,4800.399136800001,126.175,-34.843,174.307,0.8128359838504527
4.6666,128.183322,37.909419,4798.536504,125.896,-34.956,174.612,0.8128359838504527
4.6833,128.183333,37.909384,4796.6610696,125.62,-35.068,174.916,0.8128359838504527
4.7,128.183343,37.909349,4794.7728336,125.347,-35.179,175.219,0.8128359838504527
4.7166,128.183353,37.909314,4792.8714912000005,125.078,-35.289,175.522,0.8128359838504527
4.7333,128.183364,37.909279,4790.957652,124.811,-35.398,175.824,0.8128359838504527
4.75,128.183374,37.909244,4789.0307064,124.547,-35.505,176.125,0.8128359838504527
4.7666,128.183383,37.909209,4787.091264000001,124.286,-35.612,176.426,0.8128359838504527
4.7833,128.183393,37.909174,4785.1390200000005,124.027,-35.719,176.726,0.8128359838504527
4.8,128.183403,37.909139,4783.1739744,123.77,-35.824,177.025,0.8128359838504527
4.8166,128.183412,37.909104,4781.196432000001,123.515,-35.928,177.324,0.8128359838504527
4.8333,128.183421,37.90907,4779.2063928,123.262,-36.032,177.623,0.8128359838504527
4.85,128.18343,37.909035,4777.203552,123.011,-36.135,177.921,0.8128359838504527
4.8666,128.183439,37.909,4775.188519200001,122.762,-36.238,178.218,0.8128359838504527
4.8833,128.183448,37.908965,4773.160989600001,122.515,-36.339,178.515,0.8128359838504527
4.9,128.183457,37.90893,4771.1209632,122.269,-36.44,178.812,0.8128359838504527
4.9166,128.183465,37.908896,4769.0687448,122.025,-36.541,179.108,0.8128359838504527
4.9333,128.183473,37.908861,4767.004029600001,121.783,-36.64,179.404,0.8128359838504527
4.95,128.183481,37.908826,4764.9271224,121.542,-36.74,179.699,0.8128359838504527
4.9666,128.183489,37.908791,4762.8380232,121.302,-36.838,179.995,0.8128359838504527
4.9833,128.183497,37.908757,4760.736732,121.064,-36.936,180.289,0.8128359838504527
5.0,128.183505,37.908722,4758.6235536,120.826,-37.034,180.584,0.8128359838504527
5.0166,128.183512,37.908687,4756.4981832,120.59,-37.131,180.878,0.8128359838504527
5.0333,128.18352,37.908653,4754.3606208,120.356,-37.227,181.172,0.8128359838504527
5.05,128.183527,37.908618,4752.2111712000005,120.122,-37.323,181.466,0.8128359838504527
5.0666,128.183534,37.908584,4750.050139200001,119.889,-37.419,181.759,0.8128359838504527
5.0833,128.183541,37.908549,4747.8769152,119.657,-37.514,182.052,0.8128359838504527
5.1,128.183547,37.908515,4745.691804,119.427,-37.608,182.346,0.8128359838504527
5.1166,128.183554,37.90848,4743.4951104,119.197,-37.702,182.639,0.8128359838504527
5.1333,128.18356,37.908446,4741.2868344,118.968,-37.795,182.931,0.8128359838504527
5.15,128.183566,37.908412,4739.0666712,118.74,-37.888,183.224,0.8128359838504527
5.1666,128.183572,37.908377,4736.8349256,118.512,-37.981,183.517,0.8128359838504527
5.1833,128.183578,37.908343,4734.591597600001,118.286,-38.073,183.809,0.8128359838504527
5.2,128.183584,37.908309,4732.3369920000005,118.06,-38.165,184.101,0.8128359838504527
5.2166,128.183589,37.908274,4730.0704992,117.835,-38.256,184.394,0.8128359838504527
5.2333,128.183595,37.90824,4727.7930336,117.61,-38.347,184.686,0.8128359838504527
5.25,128.1836,37.908206,4725.5039856,117.387,-38.437,184.978,0.8128359838504527
5.2666,128.183605,37.908172,4723.20366,117.163,-38.527,185.271,0.8128359838504527
5.2833,128.18361,37.908138,4720.8923616,116.941,-38.616,185.563,0.8128359838504527
5.3,128.183614,37.908104,4718.5694808,116.719,-38.705,185.855,0.8128359838504527
5.3166,128.183619,37.90807,4716.235627200001,116.497,-38.794,186.147,0.8128359838504527
5.3333,128.183623,37.908036,4713.890800800001,116.276,-38.882,186.44,0.8128359838504527
5.35,128.183627,37.908002,4711.5346968,116.056,-38.97,186.732,0.8128359838504527
5.3666,128.183631,37.907968,4709.1679248,115.835,-39.057,187.025,0.8128359838504527
5.3833,128.183635,37.907934,4706.7898752,115.616,-39.144,187.317,0.8128359838504527
5.4,128.183639,37.9079,4704.4011576,115.397,-39.23,187.61,0.8128359838504527
5.4166,128.183642,37.907866,4702.0014672,115.178,-39.316,187.902,0.8128359838504527
5.4333,128.183646,37.907832,4699.5911088,114.959,-39.401,188.195,0.8128359838504527
5.45,128.183649,37.907799,4697.1700824,114.741,-39.487,188.488,0.8128359838504527
5.4666,128.183652,37.907765,4694.738388,114.524,-39.571,188.781,0.8128359838504527
5.4833,128.183654,37.907731,4692.296025600001,114.306,-39.655,189.074,0.8128359838504527
5.5,128.183657,37.907698,4689.842995200001,114.089,-39.739,189.368,0.8128359838504527
5.5166,128.183659,37.907664,4687.3796016,113.873,-39.822,189.661,0.8128359838504527
5.5333,128.183662,37.907631,4684.90554,113.656,-39.905,189.955,0.8128359838504527
5.55,128.183664,37.907597,4682.4211152,113.44,-39.988,190.249,0.8128359838504527
5.5666,128.183666,37.907564,4679.926632000001,113.225,-40.07,190.543,0.8128359838504527
5.5833,128.183667,37.90753,4677.4214808,113.009,-40.151,190.837,0.8128359838504527
5.6,128.183669,37.907497,4674.9062712,112.794,-40.232,191.131,0.8128359838504527
5.6166,128.18367,37.907464,4672.3810032,112.579,-40.313,191.426,0.8128359838504527
5.6333,128.183671,37.90743,4669.845372,112.364,-40.393,191.721,0.8128359838504527
5.65,128.183672,37.907397,4667.2996824,112.149,-40.473,192.016,0.8128359838504527
5.6666,128.183673,37.907364,4664.7439344,111.935,-40.552,192.311,0.8128359838504527
5.6833,128.183674,37.907331,4662.1781280000005,111.721,-40.631,192.606,0.8128359838504527
5.7,128.183674,37.907298,4659.602568,111.507,-40.709,192.902,0.8128359838504527
5.7166,128.183675,37.907265,4657.017254400001,111.293,-40.787,193.198,0.8128359838504527
5.7333,128.183675,37.907232,4654.4218824,111.08,-40.864,193.494,0.8128359838504527
5.75,128.183675,37.907199,4651.8167568,110.866,-40.941,193.791,0.8128359838504527
5.7666,128.183675,37.907166,4649.2018776,110.653,-41.017,194.088,0.8128359838504527
5.7833,128.183674,37.907133,4646.5772448,110.44,-41.093,194.385,0.8128359838504527
5.8,128.183674,37.9071,4643.9431632000005,110.227,-41.169,194.682,0.8128359838504527
5.8166,128.183673,37.907067,4641.299632800001,110.014,-41.244,194.979,0.8128359838504527
5.8333,128.183672,37.907035,4638.646348800001,109.802,-41.318,195.277,0.8128359838504527
5.85,128.183671,37.907002,4635.983616,109.589,-41.392,195.575,0.8128359838504527
5.8666,128.183669,37.90697,4633.3114344000005,109.377,-41.465,195.874,0.8128359838504527
5.8833,128.183668,37.906937,4630.6301088,109.165,-41.538,196.172,0.8128359838504527
5.9,128.183666,37.906905,4627.9393344,108.953,-41.611,196.471,0.8128359838504527
5.9166,128.183664,37.906872,4625.239416,108.741,-41.683,196.771,0.8128359838504527
5.9333,128.183662,37.90684,4622.5315728000005,108.614,-41.764,197.066,0.8128359838504527
5.95,128.18366,37.906808,4619.8148904,108.571,-41.853,197.358,0.8128359838504527
5.9666,128.183658,37.906775,4617.0896736,108.613,-41.949,197.647,0.8128359838504527
5.9833,128.183656,37.906743,4614.356532000001,108.739,-42.048,197.935,0.8128359838504527
6.0,128.183653,37.906711,4611.614856,108.949,-42.15,198.222,0.8128359838504527
6.0166,128.18365,37.906679,4608.8649504,109.242,-42.254,198.508,0.8128359838504527
6.0333,128.183647,37.906647,4606.10712,109.615,-42.359,198.793,0.8128359838504527
6.05,128.183644,37.906615,4603.3413648,110.066,-42.466,199.076,0.8128359838504527
6.0666,128.183641,37.906583,4600.5676848,110.591,-42.575,199.357,0.8128359838504527
6.0833,128.183638,37.906551,4597.7857752,111.189,-42.687,199.634,0.8128359838504527
6.1,128.183635,37.906519,4594.9959408,111.857,-42.802,199.909,0.8128359838504527
6.1166,128.183631,37.906487,4592.197572,112.592,-42.92,200.18,0.8128359838504527
6.1333,128.183628,37.906455,4589.3909736000005,113.391,-43.042,200.446,0.8128359838504527
6.15,128.183624,37.906423,4586.5758408,114.254,-43.168,200.708,0.8128359838504527
6.1666,128.18362,37.906391,4583.752173600001,115.177,-43.298,200.964,0.8128359838504527
6.1833,128.183616,37.90636,4580.9196672,116.158,-43.434,201.214,0.8128359838504527
6.2,128.183612,37.906328,4578.0786264,117.195,-43.574,201.458,0.8128359838504527
6.2166,128.183608,37.906296,4575.2284416,118.288,-43.72,201.697,0.8128359838504527
6.2333,128.183603,37.906265,4572.3694176,119.433,-43.872,201.928,0.8128359838504527
6.25,128.183599,37.906233,4569.5012496,120.629,-44.03,202.153,0.8128359838504527
6.2666,128.183594,37.906202,4566.6236328,121.875,-44.194,202.371,0.8128359838504527
6.2833,128.18359,37.906171,4563.736872,123.171,-44.364,202.582,0.8128359838504527
6.3,128.183585,37.906139,4560.8403576,124.513,-44.541,202.784,0.8128359838504527
6.3166,128.18358,37.906108,4557.9343944,125.903,-44.725,202.979,0.8128359838504527
6.3333,128.183575,37.906077,4555.0186776,127.339,-44.916,203.164,0.8128359838504527
6.35,128.18357,37.906046,4552.0932072000005,128.82,-45.114,203.341,0.8128359838504527
6.3666,128.183565,37.906015,4549.157678400001,130.347,-45.32,203.509,0.8128359838504527
6.3833,128.18356,37.905984,4546.2120912,131.919,-45.532,203.666,0.8128359838504527
6.4,128.183554,37.905953,4543.2561408,133.536,-45.752,203.813,0.8128359838504527
6.4166,128.183549,37.905922,4540.290132,135.199,-45.979,203.948,0.8128359838504527
6.4333,128.183543,37.905891,4537.3134552,136.908,-46.214,204.071,0.8128359838504527
6.45,128.183538,37.90586,4534.32672,138.664,-46.457,204.18,0.8128359838504527
6.4666,128.183532,37.905829,4531.3293168,140.47,-46.71,204.271,0.8128359838504527
6.4833,128.183526,37.905799,4528.3212456,142.325,-46.972,204.343,0.8128359838504527
6.5,128.18352,37.905768,4525.3028112,144.232,-47.245,204.393,0.8128359838504527
6.5166,128.183514,37.905738,4522.2737088,146.194,-47.529,204.418,0.8128359838504527
6.5333,128.183508,37.905707,4519.231804800001,148.029,-47.813,204.442,0.8128359838504527
6.55,128.183502,37.905677,4516.1783184000005,149.746,-48.096,204.465,0.8128359838504527
6.5666,128.183496,37.905646,4513.1123352,151.35,-48.379,204.483,0.8128359838504527
6.5833,128.18349,37.905616,4510.0338552,152.848,-48.664,204.497,0.8128359838504527
6.6,128.183484,37.905586,4506.9422688,154.246,-48.95,204.505,0.8128359838504527
6.6166,128.183478,37.905556,4503.8369664,155.55,-49.237,204.506,0.8128359838504527
6.6333,128.183471,37.905526,4500.7182528,156.765,-49.527,204.499,0.8128359838504527
6.65,128.183465,37.905496,4497.5852136,157.895,-49.82,204.484,0.8128359838504527
6.6666,128.183458,37.905466,4494.4381536,158.943,-50.115,204.461,0.8128359838504527
6.6833,128.183452,37.905437,4491.2761584,159.914,-50.414,204.429,0.8128359838504527
6.7,128.183446,37.905407,4488.099532800001,160.81,-50.717,204.387,0.8128359838504527
6.7166,128.183439,37.905378,4484.9073624,161.64,-51.022,204.336,0.8128359838504527
6.7333,128.183433,37.905349,4481.6996472,162.415,-51.331,204.274,0.8128359838504527
6.75,128.183426,37.905319,4478.4760824,163.145,-51.644,204.199,0.8128359838504527
6.7666,128.183419,37.90529,4475.2366680000005,163.839,-51.96,204.111,0.8128359838504527
6.7833,128.183413,37.905262,4471.981404,164.503,-52.279,204.008,0.8128359838504527
6.8,128.183406,37.905233,4468.7112048,165.144,-52.601,203.89,0.8128359838504527
6.8166,128.183399,37.905204,4465.4254608,165.767,-52.925,203.758,0.8128359838504527
6.8333,128.183393,37.905176,4462.1247816000005,166.377,-53.252,203.61,0.8128359838504527
6.85,128.183386,37.905147,4458.8091672,166.977,-53.58,203.448,0.8128359838504527
6.8666,128.183379,37.905119,4455.4783128,167.571,-53.91,203.271,0.8128359838504527
6.8833,128.183373,37.905091,4452.133132800001,168.161,-54.24,203.079,0.8128359838504527
6.9,128.183366,37.905063,4448.7727128,168.748,-54.571,202.874,0.8128359838504527
6.9166,128.183359,37.905035,4445.3979672,169.334,-54.901,202.655,0.8128359838504527
6.9333,128.183353,37.905007,4442.0085912,169.92,-55.231,202.425,0.8128359838504527
6.95,128.183346,37.904979,4438.6045848,170.506,-55.56,202.183,0.8128359838504527
6.9666,128.183339,37.904952,4435.185948,171.093,-55.887,201.931,0.8128359838504527
6.9833,128.183333,37.904924,4431.7529856,171.68,-56.212,201.67,0.8128359838504527
7.0,128.183326,37.904897,4428.3056976,172.268,-56.535,201.402,0.8128359838504527
7.0166,128.183319,37.90487,4424.844084,172.856,-56.856,201.128,0.8128359838504527
7.0333,128.183313,37.904843,4421.36784,173.443,-57.174,200.849,0.8128359838504527
7.05,128.183306,37.904816,4417.8775752,174.028,-57.489,200.566,0.8128359838504527
7.0666,128.183299,37.904789,4414.3732896,174.611,-57.801,200.283,0.8128359838504527
7.0833,128.183293,37.904762,4410.8543736,175.19,-58.111,199.999,0.8128359838504527
7.1,128.183286,37.904735,4407.321741600001,175.764,-58.417,199.717,0.8128359838504527
7.1166,128.18328,37.904709,4403.774784,176.332,-58.72,199.438,0.8128359838504527
7.1333,128.183273,37.904683,4400.217768,177.038,-59.021,199.136,0.8128359838504527
7.15,128.183267,37.904656,4396.6473408,177.879,-59.319,198.81,0.8128359838504527
7.1666,128.18326,37.90463,4393.0653312,178.848,-59.615,198.46,0.8128359838504527
7.1833,128.183254,37.904604,4389.472044,179.943,-59.908,198.089,0.8128359838504527
7.2,128.183247,37.904578,4385.8680888,-178.839,-60.197,197.695,0.8128359838504527
7.2166,128.183241,37.904552,4382.2531608,-177.504,-60.482,197.278,0.8128359838504527
7.2333,128.183235,37.904527,4378.6281744,-176.055,-60.761,196.84,0.8128359838504527
7.25,128.183228,37.904501,4374.9931296,-174.496,-61.035,196.379,0.8128359838504527
7.2666,128.183222,37.904475,4371.3483312,-172.829,-61.302,195.897,0.8128359838504527
7.2833,128.183216,37.90445,4367.6946936,-171.058,-61.562,195.392,0.8128359838504527
7.3,128.18321,37.904424,4364.0316072000005,-169.187,-61.814,194.866,0.8128359838504527
7.3166,128.183204,37.904399,4360.360291200001,-167.217,-62.057,194.318,0.8128359838504527
7.3333,128.183197,37.904374,4356.6798312,-165.153,-62.29,193.748,0.8128359838504527
7.35,128.183191,37.904348,4352.990532000001,-162.997,-62.513,193.157,0.8128359838504527
7.3666,128.183185,37.904323,4349.2926984000005,-160.753,-62.725,192.543,0.8128359838504527
7.3833,128.183179,37.904298,4345.5863304,-158.422,-62.925,191.908,0.8128359838504527
7.4,128.183173,37.904273,4341.871428,-156.008,-63.112,191.252,0.8128359838504527
7.4166,128.183167,37.904248,4338.148296,-153.513,-63.286,190.574,0.8128359838504527
7.4333,128.183162,37.904223,4334.4172392,-150.94,-63.446,189.875,0.8128359838504527
7.45,128.183156,37.904198,4330.677648,-148.292,-63.592,189.155,0.8128359838504527
7.4666,128.18315,37.904174,4326.930132,-145.571,-63.721,188.414,0.8128359838504527
7.4833,128.183145,37.904149,4323.174996000001,-142.778,-63.835,187.653,0.8128359838504527
7.5,128.183139,37.904124,4319.411935200001,-139.919,-63.931,186.873,0.8128359838504527
7.5166,128.183133,37.9041,4315.6412544,-136.993,-64.01,186.075,0.8128359838504527
7.5333,128.183128,37.904075,4311.8629536,-134.004,-64.069,185.259,0.8128359838504527
7.55,128.183123,37.904051,4308.0776424,-130.955,-64.107,184.427,0.8128359838504527
7.5666,128.183118,37.904026,4304.285016,-127.849,-64.125,183.58,0.8128359838504527
7.5833,128.183112,37.904002,4300.4853792,-124.688,-64.119,182.722,0.8128359838504527
7.6,128.183107,37.903978,4296.6790368,-121.476,-64.09,181.854,0.8128359838504527
7.6166,128.183102,37.903954,4292.8662936,-118.218,-64.036,180.98,0.8128359838504527
7.6333,128.183098,37.903929,4289.0468448,-114.917,-63.956,180.104,0.8128359838504527
7.65,128.183093,37.903905,4285.2216048,-111.579,-63.849,179.228,0.8128359838504527
7.6666,128.183088,37.903881,4281.389964,-108.207,-63.714,178.359,0.8128359838504527
7.6833,128.183083,37.903857,4277.5528368000005,-104.807,-63.551,177.499,0.8128359838504527
7.7,128.183079,37.903833,4273.710223200001,-101.384,-63.358,176.655,0.8128359838504527
7.7166,128.183075,37.903809,4269.8621232000005,-97.944,-63.136,175.831,0.8128359838504527
7.7333,128.18307,37.903785,4266.0039648,-94.686,-62.908,175.039,0.8128359838504527
7.75,128.183066,37.903761,4262.1412344,-91.604,-62.673,174.277,0.8128359838504527
7.7666,128.183062,37.903737,4258.2717984,-88.694,-62.433,173.547,0.8128359838504527
7.7833,128.183058,37.903713,4254.3962664,-85.948,-62.188,172.846,0.8128359838504527
7.8,128.183055,37.903689,4250.5155528000005,-83.361,-61.939,172.174,0.8128359838504527
7.8166,128.183051,37.903665,4246.629352800001,-80.925,-61.686,171.529,0.8128359838504527
7.8333,128.183048,37.903641,4242.738276,-78.634,-61.43,170.908,0.8128359838504527
7.85,128.183044,37.903617,4238.8429320000005,-76.481,-61.171,170.311,0.8128359838504527
7.8666,128.183041,37.903593,4234.9433208,-74.461,-60.91,169.735,0.8128359838504527
7.8833,128.183038,37.903569,4231.040052,-72.569,-60.647,169.179,0.8128359838504527
7.9,128.183036,37.903545,4227.1334304,-70.798,-60.383,168.641,0.8128359838504527
7.9166,128.183033,37.903521,4223.2240656,-69.143,-60.119,168.12,0.8128359838504527
7.9333,128.183031,37.903497,4219.312262400001,-67.599,-59.854,167.615,0.8128359838504527
7.95,128.183029,37.903473,4215.3983256,-66.163,-59.589,167.123,0.8128359838504527
7.9666,128.183027,37.903449,4211.4828648,-64.828,-59.325,166.644,0.8128359838504527
7.9833,128.183025,37.903425,4207.566489600001,-63.59,-59.061,166.177,0.8128359838504527
8.0,128.183024,37.9034,4203.649504800001,-62.439,-58.799,165.72,0.8128359838504527
8.0166,128.183023,37.903376,4199.7313008,-61.362,-58.537,165.274,0.8128359838504527
8.0333,128.183022,37.903352,4195.812487200001,-60.35,-58.275,164.84,0.8128359838504527
8.05,128.183021,37.903328,4191.893064,-59.395,-58.013,164.416,0.8128359838504527
8.0666,128.183021,37.903304,4187.9730312,-58.488,-57.751,164.003,0.8128359838504527
8.0833,128.18302,37.90328,4184.052693600001,-57.624,-57.489,163.6,0.8128359838504527
8.1,128.18302,37.903255,4180.1317464,-56.797,-57.228,163.207,0.8128359838504527
8.1166,128.18302,37.903231,4176.211104,-56.004,-56.967,162.823,0.8128359838504527
8.1333,128.18302,37.903207,4172.290156800001,-55.24,-56.707,162.45,0.8128359838504527
8.15,128.183021,37.903182,4168.3695144,-54.503,-56.448,162.085,0.8128359838504527
8.1666,128.183021,37.903158,4164.4491768,-53.79,-56.191,161.73,0.8128359838504527
8.1833,128.183022,37.903133,4160.529448800001,-53.097,-55.936,161.383,0.8128359838504527
8.2,128.183023,37.903109,4156.6100256,-52.424,-55.683,161.044,0.8128359838504527
8.2166,128.183025,37.903084,4152.6915168000005,-51.77,-55.431,160.712,0.8128359838504527
8.2333,128.183026,37.90306,4148.7736176,-51.136,-55.182,160.39,0.8128359838504527
8.25,128.183028,37.903035,4144.8569376,-50.522,-54.932,160.077,0.8128359838504527
8.2666,128.18303,37.903011,4140.941172,-49.927,-54.684,159.772,0.8128359838504527
8.2833,128.183032,37.902986,4137.0269304,-49.352,-54.436,159.477,0.8128359838504527
8.3,128.183034,37.902961,4133.1136032,-48.795,-54.189,159.19,0.8128359838504527
8.3166,128.183036,37.902937,4129.202104800001,-48.254,-53.942,158.912,0.8128359838504527
8.3333,128.183039,37.902912,4125.29274,-47.807,-53.713,158.654,0.8128359838504527
8.35,128.183042,37.902887,4121.3858136,-47.467,-53.514,158.436,0.8128359838504527
8.3666,128.183045,37.902862,4117.481325600001,-47.254,-53.354,158.282,0.8128359838504527
8.3833,128.183048,37.902837,4113.5798856,-47.173,-53.235,158.197,0.8128359838504527
8.4,128.183051,37.902812,4109.6814936,-47.206,-53.143,158.159,0.8128359838504527
8.4166,128.183055,37.902787,4105.7867592,-47.332,-53.067,158.146,0.8128359838504527
8.4333,128.183059,37.902762,4101.8950728,-47.536,-52.996,158.141,0.8128359838504527
8.45,128.183063,37.902737,4098.0064344,-47.808,-52.927,158.133,0.8128359838504527
8.4666,128.183068,37.902712,4094.1211488000004,-48.141,-52.856,158.12,0.8128359838504527
8.4833,128.183072,37.902687,4090.2389112,-48.531,-52.784,158.098,0.8128359838504527
8.5,128.183077,37.902662,4086.3597216,-48.977,-52.711,158.067,0.8128359838504527
8.5166,128.183082,37.902636,4082.4835800000005,-49.476,-52.636,158.027,0.8128359838504527
8.5333,128.183087,37.902611,4078.6104864000004,-50.028,-52.56,157.978,0.8128359838504527
8.55,128.183092,37.902586,4074.7398312,-50.632,-52.483,157.921,0.8128359838504527
8.5666,128.183098,37.902561,4070.872224,-51.286,-52.406,157.855,0.8128359838504527
8.5833,128.183104,37.902535,4067.0067504000003,-51.989,-52.329,157.782,0.8128359838504527
8.6,128.18311,37.90251,4063.1443248,-52.742,-52.253,157.701,0.8128359838504527
8.6166,128.183116,37.902484,4059.2840328000007,-53.543,-52.178,157.612,0.8128359838504527
8.6333,128.183122,37.902459,4055.4258744,-54.391,-52.103,157.515,0.8128359838504527
8.65,128.183129,37.902434,4051.5701544000003,-55.287,-52.03,157.412,0.8128359838504527
8.6666,128.183136,37.902408,4047.7162632,-56.229,-51.959,157.301,0.8128359838504527
8.6833,128.183143,37.902383,4043.8642008000006,-57.217,-51.889,157.184,0.8128359838504527
8.7,128.18315,37.902357,4040.0139672,-58.251,-51.822,157.059,0.8128359838504527
8.7166,128.183157,37.902332,4036.1655624000005,-59.331,-51.757,156.928,0.8128359838504527
8.7333,128.183165,37.902306,4032.3183768,-60.455,-51.695,156.79,0.8128359838504527
8.75,128.183173,37.902281,4028.4724104,-61.625,-51.635,156.646,0.8128359838504527
8.7666,128.183181,37.902255,4024.6276632,-62.839,-51.579,156.495,0.8128359838504527
8.7833,128.183189,37.90223,4020.7838304000006,-64.098,-51.527,156.338,0.8128359838504527
8.8,128.183197,37.902204,4016.9406072,-65.401,-51.478,156.176,0.8128359838504527
8.8166,128.183206,37.902179,4013.0976888000005,-66.749,-51.432,156.007,0.8128359838504527
8.8333,128.183215,37.902153,4009.2553800000005,-68.141,-51.391,155.832,0.8128359838504527
8.85,128.183224,37.902128,4005.4130712000006,-69.577,-51.354,155.652,0.8128359838504527
8.8666,128.183233,37.902102,4001.5707624000006,-71.058,-51.322,155.466,0.8128359838504527
8.8833,128.183242,37.902077,3997.7278440000005,-72.583,-51.294,155.275,0.8128359838504527
8.9,128.183252,37.902051,3993.884316,-74.153,-51.272,155.079,0.8128359838504527
8.9166,128.183262,37.902026,3990.0398736,-75.767,-51.255,154.877,0.8128359838504527
8.9333,128.183272,37.902,3986.1942120000003,-77.426,-51.243,154.671,0.8128359838504527
8.95,128.183282,37.901975,3982.3473312,-79.129,-51.236,154.46,0.8128359838504527
8.9666,128.183292,37.90195,3978.4986215999998,-80.877,-51.236,154.245,0.8128359838504527
8.9833,128.183303,37.901924,3974.6480832,-82.67,-51.242,154.025,0.8128359838504527
9.0,128.183314,37.901899,3970.7951064,-84.507,-51.254,153.802,0.8128359838504527
9.0166,128.183324,37.901874,3966.9393864000003,-86.388,-51.272,153.575,0.8128359838504527
9.0333,128.183336,37.901849,3963.0812280000005,-88.314,-51.298,153.345,0.8128359838504527
9.05,128.183347,37.901824,3959.2197168000002,-90.285,-51.33,153.112,0.8128359838504527
9.0666,128.183358,37.901799,3955.3548528,-92.299,-51.369,152.877,0.8128359838504527
9.0833,128.18337,37.901774,3951.4863312,-94.358,-51.416,152.64,0.8128359838504527
9.1,128.183381,37.901749,3947.6138472000002,-96.462,-51.47,152.4,0.8128359838504527
9.1166,128.183393,37.901724,3943.7370960000003,-98.609,-51.532,152.16,0.8128359838504527
9.1333,128.183405,37.901699,3939.855468,-100.802,-51.601,151.919,0.8128359838504527
9.15,128.183418,37.901675,3935.9692680000003,-103.038,-51.679,151.677,0.8128359838504527
9.1666,128.18343,37.90165,3932.0775816,-105.32,-51.765,151.435,0.8128359838504527
9.1833,128.183442,37.901626,3928.1807136,-107.646,-51.859,151.195,0.8128359838504527
9.2,128.183455,37.901601,3924.2780544,-110.017,-51.961,150.955,0.8128359838504527
9.2166,128.183468,37.901577,3920.3689944,-112.432,-52.072,150.718,0.8128359838504527
9.2333,128.183481,37.901552,3916.4541432,-114.893,-52.192,150.483,0.8128359838504527
9.25,128.183494,37.901528,3912.5322816000003,-117.4,-52.32,150.252,0.8128359838504527
9.2666,128.183507,37.901504,3908.6037144,-119.951,-52.457,150.025,0.8128359838504527
9.2833,128.18352,37.90148,3904.6681368000004,-122.548,-52.603,149.803,0.8128359838504527
9.3,128.183533,37.901456,3900.725244,-125.191,-52.757,149.587,0.8128359838504527
9.3166,128.183546,37.901432,3896.775036,-127.879,-52.92,149.378,0.8128359838504527
9.3333,128.18356,37.901409,3892.8169032000005,-130.613,-53.092,149.177,0.8128359838504527
9.35,128.183573,37.901385,3888.8508456000004,-133.393,-53.272,148.984,0.8128359838504527
9.3666,128.183587,37.901361,3884.8765584000002,-136.219,-53.46,148.8,0.8128359838504527
9.3833,128.183601,37.901338,3880.8940416000005,-139.09,-53.657,148.628,0.8128359838504527
9.4,128.183614,37.901315,3876.9032952000002,-142.008,-53.861,148.467,0.8128359838504527
9.4166,128.183628,37.901291,3872.9037096,-144.97,-54.073,148.319,0.8128359838504527
9.4333,128.183642,37.901268,3868.8958944,-147.972,-54.292,148.184,0.8128359838504527
9.45,128.183656,37.901245,3864.8792399999998,-151.009,-54.517,148.064,0.8128359838504527
9.4666,128.183669,37.901222,3860.8540512,-154.076,-54.749,147.959,0.8128359838504527
9.4833,128.183683,37.901199,3856.8200232000004,-157.172,-54.986,147.87,0.8128359838504527
9.5,128.183697,37.901176,3852.7774608,-160.294,-55.228,147.8,0.8128359838504527
9.5166,128.183711,37.901154,3848.7260592000002,-163.441,-55.475,147.748,0.8128359838504527
9.5333,128.183725,37.901131,3844.6691712,-166.339,-55.739,147.675,0.8128359838504527
9.55,128.183739,37.901108,3840.6037488000006,-168.997,-56.04,147.575,0.8128359838504527
9.5666,128.183752,37.901086,3836.5316208000004,-171.421,-56.398,147.463,0.8128359838504527
9.5833,128.183766,37.901063,3832.4521776,-173.625,-56.828,147.352,0.8128359838504527
9.6,128.18378,37.901041,3828.3654192000004,-175.626,-57.322,147.259,0.8128359838504527
9.6166,128.183794,37.901019,3824.2713456,-177.443,-57.86,147.193,0.8128359838504527
9.6333,128.183807,37.900996,3820.1702616000002,-179.089,-58.421,147.16,0.8128359838504527
9.65,128.183821,37.900974,3816.0618624000003,179.422,-58.984,147.163,0.8128359838504527
9.6666,128.183835,37.900952,3811.9461480000004,178.081,-59.532,147.2,0.8128359838504527
9.6833,128.183849,37.90093,3807.8234232000004,176.88,-60.058,147.27,0.8128359838504527
9.7,128.183862,37.900908,3803.693688,175.81,-60.564,147.37,0.8128359838504527
9.7166,128.183876,37.900886,3799.5569424,174.865,-61.051,147.497,0.8128359838504527
9.7333,128.183889,37.900864,3795.4128816,174.038,-61.522,147.647,0.8128359838504527
9.75,128.183903,37.900842,3791.26242,173.325,-61.976,147.818,0.8128359838504527
9.7666,128.183917,37.90082,3787.1046432000003,172.719,-62.415,148.005,0.8128359838504527
9.7833,128.18393,37.900798,3782.9401608,172.218,-62.838,148.206,0.8128359838504527
9.8,128.183943,37.900776,3778.768668,171.817,-63.246,148.417,0.8128359838504527
9.8166,128.183957,37.900755,3774.5898600000005,171.514,-63.639,148.635,0.8128359838504527
9.8333,128.18397,37.900733,3770.4037368000004,171.305,-64.018,148.859,0.8128359838504527
9.85,128.183984,37.900711,3766.2106032000006,171.188,-64.383,149.085,0.8128359838504527
9.8666,128.183997,37.90069,3762.0095448,171.16,-64.733,149.311,0.8128359838504527
9.8833,128.18401,37.900668,3757.8008664000004,171.219,-65.071,149.535,0.8128359838504527
9.9,128.184023,37.900647,3753.5848728,171.364,-65.395,149.755,0.8128359838504527
9.9166,128.184036,37.900626,3749.3606496,171.592,-65.708,149.97,0.8128359838504527
9.9333,128.184049,37.900604,3745.1288064,171.903,-66.01,150.178,0.8128359838504527
9.95,128.184062,37.900583,3740.8890384,172.294,-66.301,150.377,0.8128359838504527
9.9666,128.184075,37.900562,3736.6413456,172.765,-66.583,150.567,0.8128359838504527
9.9833,128.184088,37.900541,3732.3854232000003,173.314,-66.855,150.745,0.8128359838504527
10.0,128.184101,37.90052,3728.1215760000005,173.941,-67.119,150.91,0.8128359838504527
10.0166,128.184114,37.900499,3723.8494992,174.645,-67.375,151.062,0.8128359838504527
10.0333,128.184126,37.900478,3719.5694976,175.425,-67.624,151.198,0.8128359838504527
10.05,128.184139,37.900458,3715.2809616000004,176.28,-67.866,151.319,0.8128359838504527
10.0666,128.184152,37.900437,3710.9841960000003,177.212,-68.101,151.423,0.8128359838504527
10.0833,128.184164,37.900417,3706.6792008,178.218,-68.33,151.508,0.8128359838504527
10.1,128.184177,37.900396,3702.3659760000005,179.299,-68.554,151.575,0.8128359838504527
10.1166,128.184189,37.900376,3698.0445216,-179.544,-68.772,151.621,0.8128359838504527
10.1333,128.184201,37.900356,3693.7078272000003,-178.601,-68.964,151.703,0.8128359838504527
10.15,128.184213,37.900335,3689.3629032000003,-177.864,-69.112,151.824,0.8128359838504527
10.1666,128.184226,37.900315,3685.0070064,-177.319,-69.194,151.964,0.8128359838504527
10.1833,128.184238,37.900295,3680.6404416000005,-176.933,-69.194,152.104,0.8128359838504527
10.2,128.18425,37.900276,3676.2641232,-176.674,-69.093,152.234,0.8128359838504527
10.2166,128.184262,37.900256,3671.8774416000006,-176.509,-68.904,152.351,0.8128359838504527
10.2333,128.184274,37.900236,3667.4803968,-176.415,-68.653,152.454,0.8128359838504527
10.25,128.184286,37.900217,3663.0732936000004,-176.372,-68.363,152.546,0.8128359838504527
10.2666,128.184298,37.900197,3658.656132,-176.362,-68.057,152.629,0.8128359838504527
10.2833,128.184309,37.900178,3654.2295215999998,-176.376,-67.758,152.704,0.8128359838504527
10.3,128.184321,37.900159,3649.7937672,-176.402,-67.489,152.77,0.8128359838504527
10.3166,128.184333,37.90014,3645.3485640000004,-176.434,-67.26,152.826,0.8128359838504527
10.3333,128.184344,37.900121,3640.8948264,-176.471,-67.063,152.875,0.8128359838504527
10.35,128.184356,37.900102,3636.4319448,-176.512,-66.889,152.918,0.8128359838504527
10.3666,128.184368,37.900083,3631.9608336,-176.557,-66.728,152.958,0.8128359838504527
10.3833,128.184379,37.900064,3627.4814928,-176.603,-66.576,152.996,0.8128359838504527
10.4,128.184391,37.900045,3622.9939224,-176.651,-66.432,153.031,0.8128359838504527
10.4166,128.184402,37.900026,3618.4984272,-176.699,-66.294,153.063,0.8128359838504527
10.4333,128.184414,37.900008,3613.9950072,-176.747,-66.163,153.094,0.8128359838504527
10.45,128.184425,37.899989,3609.484272,-176.796,-66.038,153.123,0.8128359838504527
10.4666,128.184436,37.899971,3604.9662215999997,-176.843,-65.921,153.151,0.8128359838504527
10.4833,128.184448,37.899952,3600.440856,-176.89,-65.809,153.177,0.8128359838504527
10.5,128.184459,37.899934,3595.9081752,-176.936,-65.704,153.201,0.8128359838504527
10.5166,128.18447,37.899915,3591.368484,-176.981,-65.604,153.224,0.8128359838504527
10.5333,128.184482,37.899897,3586.8220872,-177.026,-65.51,153.246,0.8128359838504527
10.55,128.184493,37.899878,3582.2689848000005,-177.069,-65.421,153.267,0.8128359838504527
10.5666,128.184504,37.89986,3577.708872,-177.112,-65.337,153.287,0.8128359838504527
10.5833,128.184515,37.899842,3573.1426632000002,-177.153,-65.258,153.306,0.8128359838504527
10.6,128.184527,37.899824,3568.5697488000005,-177.194,-65.184,153.323,0.8128359838504527
10.6166,128.184538,37.899805,3563.9904336,-177.234,-65.114,153.34,0.8128359838504527
10.6333,128.184549,37.899787,3559.4050224000002,-177.273,-65.049,153.356,0.8128359838504527
10.65,128.18456,37.899769,3554.8135152,-177.311,-64.987,153.372,0.8128359838504527
10.6666,128.184571,37.899751,3550.2156072000002,-177.348,-64.93,153.386,0.8128359838504527
10.6833,128.184582,37.899733,3545.611908,-177.384,-64.876,153.4,0.8128359838504527
10.7,128.184594,37.899715,3541.0024176,-177.42,-64.825,153.414,0.8128359838504527
10.7166,128.184605,37.899697,3536.3868312,-177.455,-64.778,153.426,0.8128359838504527
10.7333,128.184616,37.899679,3531.7654536,-177.489,-64.735,153.438,0.8128359838504527
10.75,128.184627,37.899661,3527.1382848000003,-177.523,-64.694,153.45,0.8128359838504527
10.7666,128.184638,37.899643,3522.5056296000002,-177.556,-64.657,153.461,0.8128359838504527
10.7833,128.184649,37.899625,3517.8671832,-177.588,-64.622,153.472,0.8128359838504527
10.8,128.18466,37.899607,3513.2229456,-177.62,-64.59,153.482,0.8128359838504527
10.8166,128.184671,37.899589,3508.5735264,-177.65,-64.561,153.491,0.8128359838504527
10.8333,128.184682,37.899571,3503.9183160000002,-177.681,-64.535,153.501,0.8128359838504527
10.85,128.184693,37.899553,3499.257924,-177.71,-64.51,153.509,0.8128359838504527
10.8666,128.184704,37.899536,3494.5920456000003,-177.739,-64.488,153.518,0.8128359838504527
10.8833,128.184715,37.899518,3489.9209855999998,-177.768,-64.468,153.526,0.8128359838504527
10.9,128.184726,37.8995,3485.2444392,-177.796,-64.45,153.534,0.8128359838504527
10.9166,128.184737,37.899482,3480.5627112,-177.823,-64.434,153.541,0.8128359838504527
10.9333,128.184748,37.899464,3475.8758016,-177.85,-64.42,153.549,0.8128359838504527
10.95,128.184759,37.899446,3471.1837104,-177.877,-64.407,153.556,0.8128359838504527
10.9666,128.18477,37.899429,3466.4867424,-177.903,-64.396,153.562,0.8128359838504527
10.9833,128.184781,37.899411,3461.7845928,-177.928,-64.387,153.569,0.8128359838504527
11.0,128.184792,37.899393,3457.0775664000003,-177.953,-64.379,153.575,0.8128359838504527
11.0166,128.184803,37.899375,3452.3653584,-177.978,-64.373,153.581,0.8128359838504527
11.0333,128.184814,37.899357,3447.6482736000003,-178.002,-64.367,153.587,0.8128359838504527
11.05,128.184825,37.89934,3442.9263120000005,-178.025,-64.364,153.592,0.8128359838504527
11.0666,128.184836,37.899322,3438.1994736000006,-178.049,-64.361,153.598,0.8128359838504527
11.0833,128.184847,37.899304,3433.4677584,-178.071,-64.36,153.603,0.8128359838504527
11.1,128.184858,37.899286,3428.7314712,-178.094,-64.36,153.608,0.8128359838504527
11.1166,128.184869,37.899269,3423.9900024000003,-178.116,-64.361,153.613,0.8128359838504527
11.1333,128.18488,37.899251,3419.2439616,-178.137,-64.363,153.618,0.8128359838504527
11.15,128.184891,37.899233,3414.4933488000006,-178.158,-64.366,153.622,0.8128359838504527
11.1666,128.184902,37.899215,3409.7378592,-178.179,-64.37,153.627,0.8128359838504527
11.1833,128.184913,37.899198,3404.9774928,-178.199,-64.375,153.631,0.8128359838504527
11.2,128.184924,37.89918,3400.2128592000004,-178.219,-64.381,153.635,0.8128359838504527
11.2166,128.184935,37.899162,3395.4430440000006,-178.239,-64.388,153.639,0.8128359838504527
11.2333,128.184946,37.899145,3390.6689616000003,-178.258,-64.395,153.643,0.8128359838504527
11.25,128.184957,37.899127,3385.8903072000003,-178.277,-64.404,153.647,0.8128359838504527
11.2666,128.184968,37.899109,3381.1067760000005,-178.295,-64.413,153.65,0.8128359838504527
11.2833,128.184979,37.899091,3376.3186728,-178.314,-64.423,153.654,0.8128359838504527
11.3,128.18499,37.899074,3371.5259976,-178.331,-64.433,153.657,0.8128359838504527
11.3166,128.185001,37.899056,3366.7290552000004,-178.349,-64.444,153.66,0.8128359838504527
11.3333,128.185012,37.899038,3361.927236,-178.366,-64.456,153.664,0.8128359838504527
11.35,128.185023,37.899021,3357.1208448,-178.383,-64.468,153.667,0.8128359838504527
11.3666,128.185034,37.899003,3352.3101864,-178.4,-64.481,153.67,0.8128359838504527
11.3833,128.185045,37.898985,3347.4946511999997,-178.416,-64.495,153.673,0.8128359838504527
11.4,128.185056,37.898968,3342.6748488000003,-178.432,-64.509,153.675,0.8128359838504527
11.4166,128.185067,37.89895,3337.8504744,-178.447,-64.523,153.678,0.8128359838504527
11.4333,128.185078,37.898932,3333.0218328000005,-178.463,-64.538,153.681,0.8128359838504527
11.45,128.185089,37.898914,3328.1883144000003,-178.478,-64.553,153.683,0.8128359838504527
11.4666,128.1851,37.898897,3323.3505288,-178.493,-64.569,153.686,0.8128359838504527
11.4833,128.185111,37.898879,3318.5081712000006,-178.507,-64.585,153.688,0.8128359838504527
11.5,128.185122,37.898861,3313.6615464000006,-178.521,-64.602,153.691,0.8128359838504527
11.5166,128.185133,37.898844,3308.8103496,-178.535,-64.618,153.693,0.8128359838504527
11.5333,128.185144,37.898826,3303.9548856,-178.549,-64.636,153.695,0.8128359838504527
11.55,128.185155,37.898808,3299.0948496,-178.562,-64.653,153.697,0.8128359838504527
11.5666,128.185166,37.898791,3294.2302416,-178.576,-64.671,153.699,0.8128359838504527
11.5833,128.185177,37.898773,3289.3613664000004,-178.589,-64.689,153.701,0.8128359838504527
11.6,128.185188,37.898755,3284.4879192000003,-178.601,-64.708,153.703,0.8128359838504527
11.6166,128.185199,37.898738,3279.6102048000002,-178.614,-64.727,153.705,0.8128359838504527
11.6333,128.18521,37.89872,3274.7279184000004,-178.626,-64.746,153.707,0.8128359838504527
11.65,128.185221,37.898702,3269.8413648,-178.638,-64.765,153.709,0.8128359838504527
11.6666,128.185232,37.898685,3264.9502392000004,-178.65,-64.784,153.711,0.8128359838504527
11.6833,128.185243,37.898667,3260.0548464000003,-178.661,-64.804,153.712,0.8128359838504527
11.7,128.185254,37.898649,3255.1548816,-178.673,-64.824,153.714,0.8128359838504527
11.7166,128.185265,37.898632,3250.2506496,-178.684,-64.844,153.716,0.8128359838504527
11.7333,128.185276,37.898614,3245.3421504000003,-178.695,-64.865,153.717,0.8128359838504527
11.75,128.185287,37.898596,3240.4290792,-178.706,-64.885,153.719,0.8128359838504527
11.7666,128.185298,37.898579,3235.5114360000002,-178.716,-64.906,153.72,0.8128359838504527
11.7833,128.185309,37.898561,3230.5898304,-178.727,-64.927,153.722,0.8128359838504527
11.8,128.18532,37.898543,3225.663348,-178.737,-64.948,153.723,0.8128359838504527
11.8166,128.185331,37.898526,3220.7329032000002,-178.747,-64.969,153.724,0.8128359838504527
11.8333,128.185342,37.898508,3215.7978864,-178.756,-64.99,153.726,0.8128359838504527
11.85,128.185353,37.89849,3210.8586024,-178.766,-65.012,153.727,0.8128359838504527
11.8666,128.185364,37.898473,3205.9147464000002,-178.776,-65.034,153.728,0.8128359838504527
11.8833,128.185375,37.898455,3200.9666232000004,-178.785,-65.056,153.73,0.8128359838504527
11.9,128.185386,37.898437,3196.0139280000003,-178.794,-65.077,153.731,0.8128359838504527
11.9166,128.185397,37.89842,3191.0569656000002,-178.803,-65.1,153.732,0.8128359838504527
11.9333,128.185408,37.898402,3186.095736,-178.812,-65.122,153.733,0.8128359838504527
11.95,128.185419,37.898384,3181.1299344000004,-178.82,-65.144,153.734,0.8128359838504527
11.9666,128.18543,37.898367,3176.1598656,-178.829,-65.167,153.735,0.8128359838504527
11.9833,128.185441,37.898349,3171.1855296000003,-178.837,-65.189,153.736,0.8128359838504527
12.0,128.185451,37.898331,3166.2066216,-178.845,-65.212,153.737,0.8128359838504527
12.0166,128.185462,37.898314,3161.2231416000004,-178.853,-65.234,153.738,0.8128359838504527
12.0333,128.185473,37.898296,3156.2356992,-178.861,-65.257,153.739,0.8128359838504527
12.05,128.185484,37.898278,3151.2436848,-178.869,-65.28,153.74,0.8128359838504527
12.0666,128.185495,37.898261,3146.2474032000005,-178.876,-65.303,153.741,0.8128359838504527
12.0833,128.185506,37.898243,3141.2465496,-178.884,-65.326,153.741,0.8128359838504527
12.1,128.185517,37.898225,3136.2414288,-178.891,-65.35,153.742,0.8128359838504527
12.1166,128.185528,37.898208,3131.2320408,-178.898,-65.373,153.743,0.8128359838504527
12.1333,128.185539,37.89819,3126.2180808,-178.905,-65.396,153.744,0.8128359838504527
12.15,128.18555,37.898173,3121.1998536,-178.912,-65.42,153.745,0.8128359838504527
12.1666,128.185561,37.898155,3116.1770544,-178.919,-65.443,153.745,0.8128359838504527
12.1833,128.185572,37.898137,3111.149988,-178.925,-65.467,153.746,0.8128359838504527
12.2,128.185583,37.89812,3106.1186544,-178.932,-65.49,153.747,0.8128359838504527
12.2166,128.185594,37.898102,3101.0827488000004,-178.938,-65.514,153.747,0.8128359838504527
12.2333,128.185605,37.898084,3096.0425760000003,-178.944,-65.537,153.748,0.8128359838504527
12.25,128.185616,37.898067,3090.998136,-178.951,-65.56,153.748,0.8128359838504527
12.2666,128.185627,37.898049,3085.9491239999998,-178.957,-65.583,153.749,0.8128359838504527
12.2833,128.185638,37.898032,3080.8958448,-178.963,-65.606,153.75,0.8128359838504527
12.3,128.185649,37.898014,3075.8382984000004,-178.968,-65.629,153.75,0.8128359838504527
12.3166,128.18566,37.897996,3070.7761800000003,-178.974,-65.652,153.751,0.8128359838504527
12.3333,128.185671,37.897979,3065.7097943999997,-178.98,-65.675,153.751,0.8128359838504527
12.35,128.185682,37.897961,3060.6388368000003,-178.985,-65.698,153.752,0.8128359838504527
12.3666,128.185693,37.897944,3055.5636120000004,-178.991,-65.72,153.752,0.8128359838504527
12.3833,128.185704,37.897926,3050.48412,-178.996,-65.743,153.753,0.8128359838504527
12.4,128.185715,37.897909,3045.4003608,-179.001,-65.765,153.753,0.8128359838504527
12.4166,128.185726,37.897891,3040.3120296,-179.006,-65.788,153.753,0.8128359838504527
12.4333,128.185737,37.897873,3035.2191264,-179.011,-65.81,153.754,0.8128359838504527
12.45,128.185748,37.897856,3030.1222608,-179.016,-65.832,153.754,0.8128359838504527
12.4666,128.185758,37.897838,3025.0208232000005,-179.021,-65.855,153.755,0.8128359838504527
12.4833,128.185769,37.897821,3019.9151184,-179.026,-65.877,153.755,0.8128359838504527
12.5,128.18578,37.897803,3014.8048416,-179.03,-65.899,153.755,0.8128359838504527
12.5166,128.185791,37.897786,3009.6902976,-179.035,-65.921,153.756,0.8128359838504527
12.5333,128.185802,37.897768,3004.5714864,-179.039,-65.943,153.756,0.8128359838504527
12.55,128.185813,37.89775,2999.4481032000003,-179.044,-65.965,153.756,0.8128359838504527
12.5666,128.185824,37.897733,2994.3207576000004,-179.048,-65.987,153.757,0.8128359838504527
12.5833,128.185835,37.897715,2989.18884,-179.052,-66.009,153.757,0.8128359838504527
12.6,128.185846,37.897698,2984.0523504000003,-179.057,-66.031,153.757,0.8128359838504527
12.6166,128.185857,37.89768,2978.9118984,-179.061,-66.053,153.757,0.8128359838504527
12.6333,128.185868,37.897663,2973.7668744,-179.065,-66.075,153.758,0.8128359838504527
12.65,128.185879,37.897645,2968.6175832,-179.069,-66.097,153.758,0.8128359838504527
12.6666,128.18589,37.897628,2963.46372,-179.072,-66.119,153.758,0.8128359838504527
12.6833,128.185901,37.89761,2958.3055896000005,-179.076,-66.141,153.758,0.8128359838504527
12.7,128.185911,37.897593,2953.1431920000005,-179.08,-66.163,153.759,0.8128359838504527
12.7166,128.185922,37.897575,2947.9765272,-179.083,-66.185,153.759,0.8128359838504527
12.7333,128.185933,37.897558,2942.8055952,-179.087,-66.206,153.759,0.8128359838504527
12.75,128.185944,37.89754,2937.6300912,-179.091,-66.228,153.759,0.8128359838504527
12.7666,128.185955,37.897523,2932.45032,-179.094,-66.25,153.759,0.8128359838504527
12.7833,128.185966,37.897505,2927.2662816,-179.097,-66.272,153.759,0.8128359838504527
12.8,128.185977,37.897488,2922.0779760000005,-179.101,-66.294,153.759,0.8128359838504527
12.8166,128.185988,37.89747,2916.8854032000004,-179.104,-66.315,153.76,0.8128359838504527
12.8333,128.185999,37.897453,2911.6882584,-179.107,-66.337,153.76,0.8128359838504527
12.85,128.18601,37.897435,2906.4868464000006,-179.11,-66.359,153.76,0.8128359838504527
12.8666,128.18602,37.897418,2901.2811672,-179.113,-66.38,153.76,0.8128359838504527
12.8833,128.186031,37.8974,2896.0712208000004,-179.116,-66.402,153.76,0.8128359838504527
12.9,128.186042,37.897383,2890.8570072,-179.119,-66.424,153.76,0.8128359838504527
12.9166,128.186053,37.897365,2885.6382215999997,-179.122,-66.445,153.76,0.8128359838504527
12.9333,128.186064,37.897348,2880.4154736000005,-179.125,-66.467,153.76,0.8128359838504527
12.95,128.186075,37.897331,2875.1881536,-179.128,-66.488,153.76,0.8128359838504527
12.9666,128.186086,37.897313,2869.9565664,-179.13,-66.51,153.76,0.8128359838504527
12.9833,128.186097,37.897296,2864.7207120000003,-179.133,-66.532,153.76,0.8128359838504527
13.0,128.186108,37.897278,2859.4805904,-179.136,-66.553,153.76,0.8128359838504527
13.0166,128.186118,37.897261,2854.2362016,-179.138,-66.575,153.76,0.8128359838504527
13.0333,128.186129,37.897243,2848.9875456,-179.141,-66.596,153.76,0.8128359838504527
13.0499,128.18614,37.897226,2843.7346224000003,-179.143,-66.618,153.76,0.8128359838504527
13.0666,128.186151,37.897209,2838.4771272000003,-179.146,-66.639,153.76,0.8128359838504527
13.0833,128.186162,37.897191,2833.2156695999997,-179.148,-66.661,153.76,0.8128359838504527
13.1,128.186173,37.897174,2827.94964,-179.151,-66.682,153.76,0.8128359838504527
13.1166,128.186184,37.897156,2822.6796480000003,-179.153,-66.704,153.76,0.8128359838504527
13.1333,128.186194,37.897139,2817.405084,-179.155,-66.725,153.76,0.8128359838504527
13.15,128.186205,37.897121,2812.1265576000005,-179.157,-66.747,153.76,0.8128359838504527
13.1666,128.186216,37.897104,2806.8434592000003,-179.16,-66.768,153.76,0.8128359838504527
13.1833,128.186227,37.897087,2801.5563984000005,-179.162,-66.79,153.759,0.8128359838504527
13.2,128.186238,37.897069,2796.2647656,-179.164,-66.811,153.759,0.8128359838504527
13.2166,128.186249,37.897052,2790.9688656,-179.166,-66.833,153.759,0.8128359838504527
13.2333,128.18626,37.897035,2785.6690032000006,-179.168,-66.854,153.759,0.8128359838504527
13.25,128.18627,37.897017,2780.3645688,-179.17,-66.875,153.759,0.8128359838504527
13.2666,128.186281,37.897,2775.056172,-179.172,-66.897,153.759,0.8128359838504527
13.2833,128.186292,37.896983,2769.7432032,-179.174,-66.918,153.759,0.8128359838504527
13.3,128.186303,37.896965,2764.426272,-179.176,-66.939,153.759,0.8128359838504527
13.3166,128.186314,37.896948,2759.1047688000003,-179.177,-66.961,153.758,0.8128359838504527
13.3333,128.186325,37.896931,2753.7793032000004,-179.179,-66.982,153.758,0.8128359838504527
13.35,128.186335,37.896913,2748.4495704,-179.181,-67.004,153.758,0.8128359838504527
13.3666,128.186346,37.896896,2743.1155704000003,-179.183,-67.025,153.758,0.8128359838504527
13.3833,128.186357,37.896879,2737.7773032000005,-179.184,-67.046,153.758,0.8128359838504527
13.4,128.186368,37.896861,2732.4347688000003,-179.186,-67.068,153.758,0.8128359838504527
13.4166,128.186379,37.896844,2727.0879672,-179.188,-67.089,153.757,0.8128359838504527
13.4333,128.186389,37.896827,2721.7368984000004,-179.189,-67.11,153.757,0.8128359838504527
13.45,128.1864,37.896809,2716.3818671999998,-179.191,-67.131,153.757,0.8128359838504527
13.4666,128.186411,37.896792,2711.022264,-179.192,-67.153,153.757,0.8128359838504527
13.4833,128.186422,37.896775,2705.6586984000005,-179.194,-67.174,153.757,0.8128359838504527
13.5,128.186433,37.896757,2700.2908656,-179.195,-67.195,153.756,0.8128359838504527
13.5166,128.186443,37.89674,2694.9187656,-179.197,-67.217,153.756,0.8128359838504527
13.5333,128.186454,37.896723,2689.5423984000004,-179.198,-67.238,153.756,0.8128359838504527
13.55,128.186465,37.896706,2684.1620688000003,-179.2,-67.259,153.756,0.8128359838504527
13.5666,128.186476,37.896688,2678.7774719999998,-179.201,-67.28,153.755,0.8128359838504527
13.5833,128.186487,37.896671,2673.3886079999997,-179.202,-67.301,153.755,0.8128359838504527
13.6,128.186497,37.896654,2667.9954768000002,-179.204,-67.323,153.755,0.8128359838504527
13.6166,128.186508,37.896637,2662.5980784000003,-179.205,-67.344,153.755,0.8128359838504527
13.6333,128.186519,37.896619,2657.1967176,-179.206,-67.365,153.754,0.8128359838504527
13.65,128.18653,37.896602,2651.7910896000003,-179.207,-67.386,153.754,0.8128359838504527
13.6666,128.18654,37.896585,2646.3811944,-179.209,-67.407,153.754,0.8128359838504527
13.6833,128.186551,37.896568,2640.967032,-179.21,-67.429,153.753,0.8128359838504527
13.7,128.186562,37.89655,2635.5489072,-179.211,-67.45,153.753,0.8128359838504527
13.7166,128.186573,37.896533,2630.1265152,-179.212,-67.471,153.753,0.8128359838504527
13.7333,128.186583,37.896516,2624.6998559999997,-179.213,-67.492,153.753,0.8128359838504527
13.75,128.186594,37.896499,2619.2692344,-179.214,-67.513,153.752,0.8128359838504527
13.7666,128.186605,37.896482,2613.8340408,-179.215,-67.534,153.752,0.8128359838504527
13.7833,128.186616,37.896464,2608.3951896000003,-179.216,-67.555,153.752,0.8128359838504527
13.8,128.186626,37.896447,2602.9517664000005,-179.217,-67.577,153.751,0.8128359838504527
13.8166,128.186637,37.89643,2597.5043808,-179.218,-67.598,153.751,0.8128359838504527
13.8333,128.186648,37.896413,2592.0530328000004,-179.219,-67.619,153.751,0.8128359838504527
13.85,128.186659,37.896396,2586.5971128,-179.22,-67.64,153.75,0.8128359838504527
13.8666,128.186669,37.896379,2581.1372304,-179.221,-67.661,153.75,0.8128359838504527
13.8833,128.18668,37.896361,2575.6733856,-179.222,-67.682,153.75,0.8128359838504527
13.9,128.186691,37.896344,2570.2052736000005,-179.223,-67.703,153.749,0.8128359838504527
13.9166,128.186701,37.896327,2564.7328944,-179.224,-67.724,153.749,0.8128359838504527
13.9333,128.186712,37.89631,2559.2565528000005,-179.225,-67.745,153.749,0.8128359838504527
13.95,128.186723,37.896293,2553.7759440000004,-179.226,-67.766,153.748,0.8128359838504527
13.9666,128.186734,37.896276,2548.291068,-179.227,-67.787,153.748,0.8128359838504527
13.9833,128.186744,37.896259,2542.8022296,-179.227,-67.808,153.748,0.8128359838504527
14.0,128.186755,37.896242,2537.3094287999998,-179.228,-67.829,153.747,0.8128359838504527
14.0166,128.186766,37.896224,2531.8123608,-179.229,-67.85,153.747,0.8128359838504527
14.0333,128.186776,37.896207,2526.3110256000004,-179.23,-67.871,153.747,0.8128359838504527
14.05,128.186787,37.89619,2520.8057280000003,-179.23,-67.892,153.746,0.8128359838504527
14.0666,128.186798,37.896173,2515.296468,-179.231,-67.913,153.746,0.8128359838504527
14.0833,128.186808,37.896156,2509.7829408000002,-179.232,-67.934,153.745,0.8128359838504527
14.1,128.186819,37.896139,2504.2651464000005,-179.233,-67.955,153.745,0.8128359838504527
14.1166,128.18683,37.896122,2498.7433896000002,-179.233,-67.976,153.745,0.8128359838504527
14.1333,128.18684,37.896105,2493.2176704000003,-179.234,-67.997,153.744,0.8128359838504527
14.15,128.186851,37.896088,2487.687684,-179.235,-68.018,153.744,0.8128359838504527
14.1666,128.186862,37.896071,2482.1537352,-179.235,-68.039,153.743,0.8128359838504527
14.1833,128.186872,37.896054,2476.6155192,-179.236,-68.06,153.743,0.8128359838504527
14.2,128.186883,37.896037,2471.0733408,-179.237,-68.08,153.743,0.8128359838504527
14.2166,128.186894,37.89602,2465.5268952,-179.237,-68.101,153.742,0.8128359838504527
14.2333,128.186904,37.896003,2459.976792,-179.238,-68.122,153.742,0.8128359838504527
14.25,128.186915,37.895986,2454.4221168,-179.238,-68.143,153.741,0.8128359838504527
14.2666,128.186926,37.895969,2448.863784,-179.239,-68.164,153.741,0.8128359838504527
14.2833,128.186936,37.895952,2443.301184,-179.239,-68.185,153.741,0.8128359838504527
14.3,128.186947,37.895935,2437.7346216,-179.24,-68.206,153.74,0.8128359838504527
14.3166,128.186957,37.895918,2432.1637920000003,-179.24,-68.227,153.74,0.8128359838504527
14.3333,128.186968,37.895901,2426.589,-179.241,-68.247,153.739,0.8128359838504527
14.35,128.186979,37.895884,2421.0102456,-179.241,-68.268,153.739,0.8128359838504527
14.3666,128.186989,37.895867,2415.427224,-179.242,-68.289,153.738,0.8128359838504527
14.3833,128.187,37.89585,2409.84024,-179.242,-68.31,153.738,0.8128359838504527
14.4,128.187011,37.895833,2404.2492936000003,-179.243,-68.331,153.738,0.8128359838504527
14.4166,128.187021,37.895816,2398.6543848,-179.243,-68.351,153.737,0.8128359838504527
14.4333,128.187032,37.895799,2393.0552088,-179.244,-68.372,153.737,0.8128359838504527
14.45,128.187042,37.895782,2387.4523752,-179.244,-68.393,153.736,0.8128359838504527
14.4666,128.187053,37.895765,2381.8449696000002,-179.244,-68.414,153.736,0.8128359838504527
14.4833,128.187063,37.895748,2376.2339064,-179.245,-68.434,153.735,0.8128359838504527
14.5,128.187074,37.895731,2370.6188808,-179.245,-68.455,153.735,0.8128359838504527
14.5166,128.187085,37.895714,2364.999588,-179.246,-68.476,153.734,0.8128359838504527
14.5333,128.187095,37.895697,2359.3763328,-179.246,-68.497,153.734,0.8128359838504527
14.55,128.187106,37.89568,2353.7491152000002,-179.246,-68.517,153.733,0.8128359838504527
14.5666,128.187116,37.895664,2348.1179352,-179.247,-68.538,153.733,0.8128359838504527
14.5833,128.187127,37.895647,2342.482488,-179.247,-68.559,153.733,0.8128359838504527
14.6,128.187137,37.89563,2336.8433832,-179.247,-68.579,153.732,0.8128359838504527
14.6166,128.187148,37.895613,2331.2000112,-179.248,-68.6,153.732,0.8128359838504527
14.6333,128.187159,37.895596,2325.5529816,-179.248,-68.621,153.731,0.8128359838504527
14.65,128.187169,37.895579,2319.9016848,-179.248,-68.641,153.731,0.8128359838504527
14.6666,128.18718,37.895562,2314.2464256,-179.249,-68.662,153.73,0.8128359838504527
14.6833,128.18719,37.895545,2308.587204,-179.249,-68.683,153.73,0.8128359838504527
14.7,128.187201,37.895529,2302.92402,-179.249,-68.703,153.729,0.8128359838504527
14.7166,128.187211,37.895512,2297.2568736,-179.249,-68.724,153.729,0.8128359838504527
14.7333,128.187222,37.895495,2291.5854600000002,-179.25,-68.745,153.728,0.8128359838504527
14.75,128.187232,37.895478,2285.9103888,-179.25,-68.765,153.728,0.8128359838504527
14.7666,128.187243,37.895461,2280.2313552,-179.25,-68.786,153.727,0.8128359838504527
14.7833,128.187253,37.895445,2274.5483592,-179.25,-68.806,153.727,0.8128359838504527
14.8,128.187264,37.895428,2268.8614008,-179.251,-68.827,153.726,0.8128359838504527
14.8166,128.187274,37.895411,2263.1701752000004,-179.251,-68.848,153.726,0.8128359838504527
14.8333,128.187285,37.895394,2257.475292,-179.251,-68.868,153.725,0.8128359838504527
14.85,128.187295,37.895377,2251.7764464,-179.251,-68.889,153.725,0.8128359838504527
14.8666,128.187306,37.895361,2246.0736384,-179.251,-68.909,153.724,0.8128359838504527
14.8833,128.187316,37.895344,2240.366868,-179.252,-68.93,153.724,0.8128359838504527
14.9,128.187327,37.895327,2234.6561352,-179.252,-68.95,153.723,0.8128359838504527
14.9166,128.187337,37.89531,2228.94144,-179.252,-68.971,153.723,0.8128359838504527
14.9333,128.187348,37.895294,2223.2227824,-179.252,-68.992,153.722,0.8128359838504527
14.95,128.187358,37.895277,2217.5004672,-179.252,-69.012,153.722,0.8128359838504527
14.9666,128.187369,37.89526,2211.7738848,-179.252,-69.033,153.721,0.8128359838504527
14.9833,128.187379,37.895244,2206.0436448,-179.252,-69.053,153.721,0.8128359838504527
15.0,128.18739,37.895227,2200.3091376,-179.253,-69.074,153.72,0.8128359838504527
15.0166,128.1874,37.89521,2194.5709728,-179.253,-69.094,153.72,0.8128359838504527
15.0333,128.187411,37.895194,2188.8288456,-179.253,-69.115,153.719,0.8128359838504527
15.05,128.187421,37.895177,2183.0827560000002,-179.253,-69.135,153.719,0.8128359838504527
15.0666,128.187431,37.89516,2177.3330088000002,-179.253,-69.156,153.718,0.8128359838504527
15.0833,128.187442,37.895144,2171.5789944000003,-179.253,-69.176,153.718,0.8128359838504527
15.1,128.187452,37.895127,2165.8213224,-179.253,-69.197,153.717,0.8128359838504527
15.1166,128.187463,37.89511,2160.0593832,-179.253,-69.217,153.716,0.8128359838504527
15.1333,128.187473,37.895094,2154.2937864,-179.253,-69.238,153.716,0.8128359838504527
15.15,128.187484,37.895077,2148.5242272,-179.253,-69.258,153.715,0.8128359838504527
15.1666,128.187494,37.89506,2142.7510104000003,-179.253,-69.278,153.715,0.8128359838504527
15.1833,128.187504,37.895044,2136.9735264,-179.253,-69.299,153.714,0.8128359838504527
15.2,128.187515,37.895027,2131.1923848,-179.253,-69.319,153.714,0.8128359838504527
15.2166,128.187525,37.895011,2125.4072808,-179.254,-69.34,153.713,0.8128359838504527
15.2333,128.187536,37.894994,2119.6182144,-179.254,-69.36,153.713,0.8128359838504527
15.25,128.187546,37.894977,2113.8251856,-179.254,-69.381,153.712,0.8128359838504527
15.2666,128.187556,37.894961,2108.0284992,-179.254,-69.401,153.712,0.8128359838504527
15.2833,128.187567,37.894944,2102.2275456,-179.254,-69.422,153.711,0.8128359838504527
15.3,128.187577,37.894928,2096.4229344,-179.254,-69.442,153.711,0.8128359838504527
15.3166,128.187587,37.894911,2090.6143607999998,-179.254,-69.463,153.71,0.8128359838504527
15.3333,128.187598,37.894895,2084.8021296,-179.254,-69.483,153.709,0.8128359838504527
15.35,128.187608,37.894878,2078.9856312,-179.254,-69.504,153.709,0.8128359838504527
15.3666,128.187619,37.894861,2073.1654752,-179.254,-69.524,153.708,0.8128359838504527
15.3833,128.187629,37.894845,2067.3413568,-179.254,-69.544,153.708,0.8128359838504527
15.4,128.187639,37.894828,2061.5135808,-179.254,-69.565,153.707,0.8128359838504527
15.4166,128.18765,37.894812,2055.6818424000003,-179.253,-69.585,153.707,0.8128359838504527
15.4333,128.18766,37.894795,2049.8458368,-179.253,-69.606,153.706,0.8128359838504527
15.45,128.18767,37.894779,2044.0064784,-179.253,-69.626,153.705,0.8128359838504527
15.4666,128.187681,37.894763,2038.1628528000003,-179.253,-69.647,153.705,0.8128359838504527
15.4833,128.187691,37.894746,2032.3155696000001,-179.253,-69.667,153.704,0.8128359838504527
15.5,128.187701,37.89473,2026.464324,-179.253,-69.687,153.704,0.8128359838504527
15.5166,128.187712,37.894713,2020.609116,-179.253,-69.708,153.703,0.8128359838504527
15.5333,128.187722,37.894697,2014.7505552,-178.94,-69.727,153.641,0.8128359838504527
15.55,128.187732,37.89468,2008.888032,-178.334,-69.746,153.521,0.8128359838504527
15.5666,128.187743,37.894664,2003.0221560000002,-177.478,-69.763,153.403,0.8128359838504527
15.5833,128.187753,37.894647,1997.1526224,-176.409,-69.781,153.332,0.8128359838504527
15.6,128.187763,37.894631,1991.279736,-175.148,-69.798,153.307,0.8128359838504527
15.6166,128.187774,37.894614,1985.403192,-173.7,-69.815,153.293,0.8128359838504527
15.6333,128.187784,37.894597,1979.5232952000001,-172.069,-69.828,153.256,0.8128359838504527
15.65,128.187794,37.894581,1973.6397408,-170.266,-69.837,153.189,0.8128359838504527
15.6666,128.187805,37.894564,1967.7531384000001,-168.312,-69.844,153.115,0.8128359838504527
15.6833,128.187815,37.894547,1961.8625736000001,-166.228,-69.849,153.056,0.8128359838504527
15.7,128.187826,37.89453,1955.9683512000001,-164.029,-69.855,153.02,0.8128359838504527
15.7166,128.187836,37.894514,1950.070776,-161.726,-69.859,152.997,0.8128359838504527
15.7333,128.187847,37.894497,1944.1689336,-159.323,-69.86,152.972,0.8128359838504527
15.75,128.187857,37.89448,1938.2634335999999,-156.826,-69.855,152.938,0.8128359838504527
15.7666,128.187868,37.894463,1932.3536664000003,-154.247,-69.848,152.901,0.8128359838504527
15.7833,128.187879,37.894446,1926.4402416,-151.594,-69.839,152.87,0.8128359838504527
15.8,128.187889,37.894429,1920.5225496,-148.878,-69.83,152.851,0.8128359838504527
15.8166,128.1879,37.894412,1914.6008952,-146.105,-69.821,152.843,0.8128359838504527
15.8333,128.18791,37.894395,1908.6749736,-143.281,-69.809,152.841,0.8128359838504527
15.85,128.187921,37.894377,1902.7444800000003,-140.411,-69.795,152.841,0.8128359838504527
15.8666,128.187931,37.89436,1896.8097192,-137.499,-69.779,152.842,0.8128359838504527
15.8833,128.187942,37.894343,1890.8703864000001,-134.549,-69.761,152.849,0.8128359838504527
15.9,128.187952,37.894326,1884.9267864,-131.566,-69.744,152.863,0.8128359838504527
15.9166,128.187963,37.894309,1878.9786144,-128.554,-69.728,152.886,0.8128359838504527
15.9333,128.187973,37.894291,1873.0258704,-125.518,-69.711,152.916,0.8128359838504527
15.95,128.187984,37.894274,1867.0682496,-122.469,-69.693,152.953,0.8128359838504527
15.9666,128.187994,37.894257,1861.1060568,-119.417,-69.676,152.997,0.8128359838504527
15.9833,128.188005,37.894239,1855.139292,-116.369,-69.66,153.047,0.8128359838504527
16.0,128.188016,37.894222,1849.1676504000002,-113.326,-69.644,153.104,0.8128359838504527
16.0166,128.188026,37.894205,1843.1914368000002,-110.29,-69.629,153.165,0.8128359838504527
16.0333,128.188037,37.894187,1837.2103464,-107.26,-69.614,153.232,0.8128359838504527
16.05,128.188047,37.89417,1831.2243792,-104.235,-69.6,153.302,0.8128359838504527
16.0666,128.188058,37.894152,1825.23384,-101.213,-69.586,153.377,0.8128359838504527
16.0833,128.188068,37.894135,1819.2381192,-98.192,-69.574,153.456,0.8128359838504527
16.1,128.188079,37.894117,1813.2378264000001,-95.173,-69.563,153.538,0.8128359838504527
16.1166,128.188089,37.8941,1807.2326568,-92.155,-69.554,153.625,0.8128359838504527
16.1333,128.1881,37.894082,1801.2229152000002,-89.141,-69.547,153.715,0.8128359838504527
16.15,128.18811,37.894065,1795.207992,-86.129,-69.54,153.808,0.8128359838504527
16.1666,128.188121,37.894047,1789.188192,-83.118,-69.535,153.904,0.8128359838504527
16.1833,128.188131,37.89403,1783.16382,-80.108,-69.532,154.002,0.8128359838504527
16.2,128.188141,37.894012,1777.1342664000001,-77.098,-69.531,154.102,0.8128359838504527
16.2166,128.188152,37.893995,1771.1001408,-74.088,-69.532,154.203,0.8128359838504527
16.2333,128.188162,37.893977,1765.0611384000001,-71.078,-69.534,154.306,0.8128359838504527
16.25,128.188173,37.89396,1759.0169544,-68.068,-69.539,154.409,0.8128359838504527
16.2666,128.188183,37.893942,1752.9681984,-65.057,-69.545,154.514,0.8128359838504527
16.2833,128.188194,37.893925,1746.9145656,-62.045,-69.553,154.618,0.8128359838504527
16.3,128.188204,37.893907,1740.8557512000002,-59.031,-69.563,154.722,0.8128359838504527
16.3166,128.188215,37.89389,1734.7923648,-56.015,-69.575,154.826,0.8128359838504527
16.3333,128.188225,37.893872,1728.7241016000003,-52.996,-69.589,154.928,0.8128359838504527
16.35,128.188236,37.893854,1722.6509616,-49.975,-69.605,155.029,0.8128359838504527
16.3666,128.188246,37.893837,1716.5729448000002,-46.951,-69.623,155.129,0.8128359838504527
16.3833,128.188257,37.893819,1710.4900512000002,-43.924,-69.642,155.226,0.8128359838504527
16.4,128.188267,37.893802,1704.4022808000002,-40.893,-69.664,155.322,0.8128359838504527
16.4166,128.188278,37.893784,1698.3096335999999,-37.859,-69.687,155.414,0.8128359838504527
16.4333,128.188288,37.893766,1692.2121096000003,-34.819,-69.712,155.504,0.8128359838504527
16.45,128.188299,37.893749,1686.1097088,-31.776,-69.738,155.59,0.8128359838504527
16.4666,128.188309,37.893731,1680.0024312000003,-28.727,-69.766,155.673,0.8128359838504527
16.4833,128.18832,37.893713,1673.8905816000001,-25.674,-69.795,155.751,0.8128359838504527
16.5,128.18833,37.893696,1667.7735504000002,-22.615,-69.826,155.826,0.8128359838504527
16.5166,128.188341,37.893678,1661.6519472,-19.551,-69.858,155.897,0.8128359838504527
16.5333,128.188351,37.89366,1655.5251624,-16.481,-69.891,155.962,0.8128359838504527
16.55,128.188362,37.893643,1649.3938056,-13.405,-69.925,156.023,0.8128359838504527
16.5666,128.188372,37.893625,1643.2575720000002,-10.323,-69.96,156.08,0.8128359838504527
16.5833,128.188383,37.893607,1637.1164616,-7.235,-69.996,156.131,0.8128359838504527
16.6,128.188393,37.89359,1630.9704744000003,-4.141,-70.032,156.176,0.8128359838504527
16.6166,128.188404,37.893572,1624.8196104,-1.04,-70.07,156.217,0.8128359838504527
16.6333,128.188414,37.893554,1618.6638696000002,2.067,-70.107,156.252,0.8128359838504527
16.65,128.188425,37.893536,1612.503252,5.181,-70.146,156.281,0.8128359838504527
16.6666,128.188435,37.893519,1606.3377576,8.301,-70.184,156.305,0.8128359838504527
16.6833,128.188446,37.893501,1600.1673864000002,11.429,-70.222,156.323,0.8128359838504527
16.7,128.188456,37.893483,1593.9921384,14.563,-70.261,156.335,0.8128359838504527
16.7166,128.188467,37.893465,1587.8120136,17.704,-70.3,156.342,0.8128359838504527
16.7333,128.188477,37.893448,1581.6294504000002,20.412,-70.282,156.239,0.8128359838504527
16.75,128.188488,37.89343,1575.4444488000001,22.671,-70.168,156.087,0.8128359838504527
16.7666,128.188498,37.893412,1569.2591424000002,24.239,-69.944,156.099,0.8128359838504527
16.7833,128.188509,37.893394,1563.0747504,24.968,-69.594,156.419,0.8128359838504527
16.8,128.18852,37.893376,1556.8934064,24.893,-69.101,157.061,0.8128359838504527
16.8166,128.18853,37.893358,1550.7129768,24.271,-68.483,157.862,0.8128359838504527
16.8333,128.188541,37.893339,1544.5365096000003,23.356,-67.774,158.649,0.8128359838504527
16.85,128.188551,37.893321,1538.3646144,22.261,-67.021,159.343,0.8128359838504527
16.8666,128.188562,37.893302,1532.1988152000001,20.974,-66.285,159.947,0.8128359838504527
16.8833,128.188572,37.893283,1526.0397216000001,19.468,-65.625,160.477,0.8128359838504527
16.9,128.188583,37.893263,1519.8885528000003,17.787,-65.09,160.909,0.8128359838504527
16.9166,128.188593,37.893244,1513.7459184000002,16.039,-64.721,161.185,0.8128359838504527
16.9333,128.188604,37.893224,1507.6118184000002,14.302,-64.528,161.272,0.8128359838504527
16.95,128.188614,37.893204,1501.4868624,12.56,-64.468,161.21,0.8128359838504527
16.9666,128.188625,37.893184,1495.3713552,10.733,-64.498,161.071,0.8128359838504527
16.9833,128.188636,37.893163,1489.2662112,8.731,-64.573,160.932,0.8128359838504527
17.0,128.188646,37.893143,1483.1717352,6.512,-64.645,160.837,0.8128359838504527
17.0166,128.188657,37.893122,1477.0870128000001,4.101,-64.663,160.78,0.8128359838504527
17.0333,128.188668,37.893101,1471.013568,1.561,-64.581,160.73,0.8128359838504527
17.05,128.188678,37.893079,1464.9520104,-1.061,-64.361,160.654,0.8128359838504527
17.0666,128.188689,37.893058,1458.903864,-3.749,-63.976,160.537,0.8128359838504527
17.0833,128.1887,37.893036,1452.8663856,-6.505,-63.461,160.377,0.8128359838504527
17.1,128.188712,37.893014,1446.841404,-9.317,-62.858,160.17,0.8128359838504527
17.1166,128.188723,37.892992,1440.8295288000002,-12.152,-62.218,159.902,0.8128359838504527
17.1333,128.188734,37.892969,1434.8304552,-14.978,-61.596,159.568,0.8128359838504527
17.15,128.188746,37.892946,1428.8432688,-17.78,-61.04,159.19,0.8128359838504527
17.1666,128.188758,37.892923,1422.8676648,-20.59,-60.595,158.814,0.8128359838504527
17.1833,128.18877,37.8929,1416.9039480000001,-23.465,-60.297,158.5,0.8128359838504527
17.2,128.188782,37.892877,1410.951204,-26.42,-60.124,158.257,0.8128359838504527
17.2166,128.188795,37.892854,1405.0094328,-29.434,-60.03,158.06,0.8128359838504527
17.2333,128.188807,37.89283,1399.0783296000002,-32.477,-59.969,157.874,0.8128359838504527
17.25,128.18882,37.892806,1393.1575896,-35.516,-59.898,157.656,0.8128359838504527
17.2666,128.188834,37.892782,1387.2466032,-38.508,-59.777,157.357,0.8128359838504527
17.2833,128.188847,37.892758,1381.3462848,-41.398,-59.575,156.917,0.8128359838504527
17.3,128.188861,37.892734,1375.4563296000001,-44.151,-59.286,156.306,0.8128359838504527
17.3166,128.188875,37.89271,1369.5749088,-46.788,-58.948,155.562,0.8128359838504527
17.3333,128.188889,37.892686,1363.7004984,-48.903,-58.563,154.804,0.8128359838504527
17.35,128.188903,37.892662,1357.8330984,-50.581,-58.167,154.088,0.8128359838504527
17.3666,128.188918,37.892637,1351.9730136,-51.793,-57.826,153.423,0.8128359838504527
17.3833,128.188933,37.892613,1346.1190248,-52.561,-57.593,152.837,0.8128359838504527
17.4,128.188948,37.892588,1340.2699128000002,-52.967,-57.459,152.357,0.8128359838504527
17.4166,128.188964,37.892564,1334.4253728,-53.098,-57.364,151.962,0.8128359838504527
17.4333,128.188979,37.892539,1328.5847952,-53.011,-57.254,151.625,0.8128359838504527
17.45,128.188995,37.892515,1322.7487896,-52.678,-57.104,151.285,0.8128359838504527
17.4666,128.189011,37.89249,1316.9182704,-52.006,-56.908,150.856,0.8128359838504527
17.4833,128.189028,37.892465,1311.0926279999999,-50.956,-56.682,150.309,0.8128359838504527
17.5,128.189044,37.892441,1305.270948,-49.609,-56.455,149.717,0.8128359838504527
17.5166,128.189061,37.892416,1299.452316,-48.088,-56.244,149.169,0.8128359838504527
17.5333,128.189078,37.892391,1293.6364272,-46.512,-56.066,148.752,0.8128359838504527
17.55,128.189095,37.892366,1287.8238912000002,-44.886,-55.91,148.45,0.8128359838504527
17.5666,128.189112,37.892341,1282.0156224,-43.148,-55.755,148.195,0.8128359838504527
17.5833,128.18913,37.892316,1276.2122304,-41.227,-55.584,147.918,0.8128359838504527
17.6,128.189147,37.892291,1270.4143248,-39.102,-55.388,147.594,0.8128359838504527
17.6166,128.189165,37.892266,1264.6216008,-36.831,-55.181,147.265,0.8128359838504527
17.6333,128.189184,37.892241,1258.8340584000002,-34.487,-54.985,146.986,0.8128359838504527
17.65,128.189202,37.892215,1253.052612,-32.107,-54.809,146.78,0.8128359838504527
17.6666,128.18922,37.89219,1247.2784808000001,-29.678,-54.643,146.626,0.8128359838504527
17.6833,128.189239,37.892164,1241.5116648,-27.16,-54.469,146.488,0.8128359838504527
17.7,128.189258,37.892139,1235.7530784,-24.533,-54.278,146.345,0.8128359838504527
17.7166,128.189277,37.892113,1230.0027216,-21.809,-54.077,146.206,0.8128359838504527
17.7333,128.189297,37.892087,1224.2605944000002,-19.022,-53.88,146.091,0.8128359838504527
17.75,128.189316,37.892062,1218.5270016,-16.196,-53.695,146.015,0.8128359838504527
17.7666,128.189336,37.892036,1212.8025528,-13.336,-53.515,145.975,0.8128359838504527
17.7833,128.189356,37.892009,1207.087248,-10.429,-53.331,145.96,0.8128359838504527
17.8,128.189376,37.891983,1201.3820016,-7.46,-53.135,145.959,0.8128359838504527
17.8166,128.189397,37.891957,1195.6858992,-4.429,-52.932,145.97,0.8128359838504527
17.8333,128.189417,37.89193,1189.9995504,-1.349,-52.728,146.0,0.8128359838504527
17.85,128.189438,37.891904,1184.3235648,1.755,-52.53,146.054,0.8128359838504527
17.8666,128.189458,37.891877,1178.6579424,4.86,-52.336,146.133,0.8128359838504527
17.8833,128.189479,37.89185,1173.0032928,7.957,-52.14,146.235,0.8128359838504527
17.9,128.1895,37.891823,1167.3587016000001,11.045,-51.937,146.358,0.8128359838504527
17.9166,128.189521,37.891795,1161.7244736,14.123,-51.73,146.505,0.8128359838504527
17.9333,128.189542,37.891768,1156.101828,16.754,-51.507,146.587,0.8128359838504527
17.95,128.189563,37.89174,1150.4910696000002,18.971,-51.268,146.611,0.8128359838504527
17.9666,128.189585,37.891712,1144.892808,20.663,-51.033,146.66,0.8128359838504527
17.9833,128.189606,37.891684,1139.3082624,21.756,-50.813,146.798,0.8128359838504527
18.0,128.189628,37.891656,1133.737128,22.317,-50.603,147.014,0.8128359838504527
18.0166,128.189649,37.891627,1128.1800144000001,22.508,-50.386,147.238,0.8128359838504527
18.0333,128.189671,37.891599,1122.6372264000001,22.464,-50.154,147.412,0.8128359838504527
18.05,128.189692,37.89157,1117.1099832000002,22.21,-49.911,147.531,0.8128359838504527
18.0666,128.189714,37.89154,1111.5998088000001,21.686,-49.673,147.639,0.8128359838504527
18.0833,128.189736,37.891511,1106.1076176000001,20.836,-49.446,147.78,0.8128359838504527
18.1,128.189758,37.891481,1100.6340192,19.682,-49.227,147.955,0.8128359838504527
18.1166,128.18978,37.891451,1095.1793184,18.312,-49.005,148.13,0.8128359838504527
18.1333,128.189802,37.891421,1089.7450392,16.812,-48.774,148.264,0.8128359838504527
18.15,128.189824,37.891391,1084.332096,15.204,-48.537,148.351,0.8128359838504527
18.1666,128.189846,37.89136,1078.9414032,13.454,-48.3,148.417,0.8128359838504527
18.1833,128.189868,37.891329,1073.5747896,11.521,-48.065,148.489,0.8128359838504527
18.2,128.189891,37.891298,1068.2310360000001,9.409,-47.831,148.574,0.8128359838504527
18.2166,128.189913,37.891267,1062.910752,7.166,-47.595,148.651,0.8128359838504527
18.2333,128.189936,37.891235,1057.6136328,4.847,-47.358,148.695,0.8128359838504527
18.25,128.189959,37.891203,1052.3405928000002,2.47,-47.117,148.698,0.8128359838504527
18.2666,128.189982,37.891171,1047.0910224000002,0.015,-46.875,148.676,0.8128359838504527
18.2833,128.190005,37.891139,1041.8655312,-2.547,-46.63,148.647,0.8128359838504527
18.3,128.190029,37.891106,1036.6638144,-5.22,-46.384,148.617,0.8128359838504527
18.3166,128.190052,37.891074,1031.485872,-7.975,-46.139,148.575,0.8128359838504527
18.3333,128.190076,37.891041,1026.331704,-10.779,-45.896,148.504,0.8128359838504527
18.35,128.1901,37.891008,1021.2010056,-13.617,-45.657,148.397,0.8128359838504527
18.3666,128.190124,37.890975,1016.0937768000001,-16.501,-45.419,148.263,0.8128359838504527
18.3833,128.190149,37.890941,1011.0091032,-19.45,-45.179,148.113,0.8128359838504527
18.4,128.190174,37.890908,1005.9469848000001,-22.471,-44.939,147.953,0.8128359838504527
18.4166,128.190199,37.890874,1000.9058976,-25.533,-44.701,147.78,0.8128359838504527
18.4333,128.190224,37.890841,995.8846224000001,-28.594,-44.469,147.585,0.8128359838504527
18.45,128.19025,37.890807,990.883464,-31.626,-44.245,147.365,0.8128359838504527
18.4666,128.190276,37.890773,985.9008984000001,-34.63,-44.027,147.116,0.8128359838504527
18.4833,128.190302,37.890739,980.9372304,-37.617,-43.814,146.843,0.8128359838504527
18.5,128.190329,37.890705,975.9912408,-40.604,-43.605,146.551,0.8128359838504527
18.5166,128.190356,37.890671,971.0620152,-43.594,-43.404,146.243,0.8128359838504527
18.5333,128.190383,37.890637,966.1462008000001,-46.081,-43.175,145.971,0.8128359838504527
18.55,128.19041,37.890603,961.2437976,-48.1,-42.919,145.729,0.8128359838504527
18.5666,128.190438,37.890569,956.3563296000001,-49.573,-42.677,145.462,0.8128359838504527
18.5833,128.190466,37.890535,951.4822728,-50.459,-42.479,145.135,0.8128359838504527
18.6,128.190494,37.890501,946.6194936,-50.838,-42.315,144.761,0.8128359838504527
18.6166,128.190523,37.890467,941.7658584000001,-50.859,-42.149,144.387,0.8128359838504527
18.6333,128.190552,37.890433,936.9213672000001,-50.641,-41.952,144.053,0.8128359838504527
18.65,128.190581,37.890399,932.0866296,-50.2,-41.734,143.762,0.8128359838504527
18.6666,128.19061,37.890365,927.26256,-49.481,-41.521,143.482,0.8128359838504527
18.6833,128.190639,37.890331,922.4491584,-48.444,-41.334,143.184,0.8128359838504527
18.7,128.190669,37.890297,917.6445960000001,-47.12,-41.168,142.869,0.8128359838504527
18.7166,128.190699,37.890263,912.848568,-45.598,-41.0,142.566,0.8128359838504527
18.7333,128.190729,37.890228,908.06016,-43.955,-40.812,142.303,0.8128359838504527
18.75,128.19076,37.890194,903.280896,-42.203,-40.608,142.084,0.8128359838504527
18.7666,128.19079,37.89016,898.5110808000001,-40.301,-40.402,141.885,0.8128359838504527
18.7833,128.190821,37.890126,893.7504096,-38.213,-40.209,141.684,0.8128359838504527
18.8,128.190852,37.890092,889.0001016,-35.952,-40.026,141.478,0.8128359838504527
18.8166,128.190883,37.890058,884.259852,-33.572,-39.845,141.287,0.8128359838504527
18.8333,128.190915,37.890023,879.5299656000001,-31.125,-39.655,141.134,0.8128359838504527
18.85,128.190946,37.889989,874.8119664000001,-28.62,-39.455,141.019,0.8128359838504527
18.8666,128.190978,37.889955,870.106464,-26.029,-39.251,140.925,0.8128359838504527
18.8833,128.19101,37.88992,865.4137632000001,-23.323,-39.05,140.833,0.8128359838504527
18.9,128.191043,37.889886,860.7344736,-20.504,-38.853,140.742,0.8128359838504527
18.9166,128.191075,37.889851,856.0682904,-17.606,-38.657,140.664,0.8128359838504527
18.9333,128.191108,37.889816,851.4161280000001,-14.666,-38.458,140.617,0.8128359838504527
18.95,128.19114,37.889782,846.7779864,-11.692,-38.254,140.603,0.8128359838504527
18.9666,128.191173,37.889747,842.1541704,-8.667,-38.045,140.61,0.8128359838504527
18.9833,128.191206,37.889712,837.5452896,-5.566,-37.833,140.625,0.8128359838504527
19.0,128.19124,37.889677,832.9513440000001,-2.396,-37.62,140.644,0.8128359838504527
19.0166,128.191273,37.889642,828.3738576000001,0.8,-37.407,140.673,0.8128359838504527
19.0333,128.191306,37.889607,823.8128303999999,3.98,-37.195,140.723,0.8128359838504527
19.05,128.19134,37.889571,819.2676528000001,7.122,-36.983,140.801,0.8128359838504527
19.0666,128.191374,37.889536,814.7380200000001,10.237,-36.768,140.905,0.8128359838504527
19.0833,128.191408,37.8895,810.2233224000001,13.348,-36.549,141.029,0.8128359838504527
19.1,128.191442,37.889465,805.7232552,16.473,-36.328,141.168,0.8128359838504527
19.1166,128.191476,37.889429,801.2381232,19.613,-36.107,141.319,0.8128359838504527
19.1333,128.19151,37.889393,796.7688408,22.263,-35.869,141.42,0.8128359838504527
19.15,128.191544,37.889357,792.3157128,24.456,-35.61,141.478,0.8128359838504527
19.1666,128.191578,37.88932,787.880568,26.099,-35.355,141.565,0.8128359838504527
19.1833,128.191612,37.889284,783.464016,27.141,-35.124,141.728,0.8128359838504527
19.2,128.191646,37.889247,779.0660568000001,27.666,-34.912,141.951,0.8128359838504527
19.2166,128.191681,37.889211,774.6863856,27.837,-34.694,142.172,0.8128359838504527
19.2333,128.191715,37.889174,770.3259168,27.779,-34.455,142.341,0.8128359838504527
19.25,128.191749,37.889136,765.9867840000001,27.5,-34.203,142.462,0.8128359838504527
19.2666,128.191784,37.889099,761.6708160000001,26.928,-33.958,142.583,0.8128359838504527
19.2833,128.191818,37.889062,757.3789272,26.016,-33.732,142.74,0.8128359838504527
19.3,128.191853,37.889024,753.1114224000002,24.803,-33.518,142.929,0.8128359838504527
19.3166,128.191887,37.888986,748.869216,23.394,-33.3,143.108,0.8128359838504527
19.3333,128.191922,37.888948,744.6535272,21.873,-33.069,143.24,0.8128359838504527
19.35,128.191956,37.888909,740.4661848000001,20.245,-32.828,143.328,0.8128359838504527
19.3666,128.191991,37.888871,736.3090176000001,18.455,-32.588,143.406,0.8128359838504527
19.3833,128.192025,37.888832,732.1832448,16.46,-32.354,143.502,0.8128359838504527
19.4,128.19206,37.888793,728.087952,14.281,-32.125,143.614,0.8128359838504527
19.4166,128.192095,37.888754,724.0228344,11.986,-31.894,143.713,0.8128359838504527
19.4333,128.192129,37.888714,719.9891112,9.633,-31.658,143.772,0.8128359838504527
19.45,128.192164,37.888675,715.9867824,7.227,-31.417,143.79,0.8128359838504527
19.4666,128.192199,37.888635,712.0164576000001,4.727,-31.172,143.793,0.8128359838504527
19.4833,128.192235,37.888595,708.0781368,2.096,-30.924,143.803,0.8128359838504527
19.5,128.19227,37.888555,704.1715152,-0.655,-30.677,143.82,0.8128359838504527
19.5166,128.192305,37.888515,700.2965928000001,-3.481,-30.432,143.821,0.8128359838504527
19.5333,128.192341,37.888475,696.4533696000001,-6.338,-30.191,143.787,0.8128359838504527
19.55,128.192377,37.888434,692.6421504,-9.224,-29.951,143.716,0.8128359838504527
19.5666,128.192413,37.888394,688.861716,-12.169,-29.708,143.625,0.8128359838504527
19.5833,128.192449,37.888353,685.1120664,-15.204,-29.459,143.531,0.8128359838504527
19.6,128.192485,37.888313,681.3928968000001,-18.326,-29.209,143.438,0.8128359838504527
19.6166,128.192522,37.888272,677.7011592,-21.476,-28.965,143.331,0.8128359838504527
19.6333,128.192559,37.888231,674.0368536000001,-24.599,-28.731,143.198,0.8128359838504527
19.65,128.192596,37.88819,670.3993704000001,-27.68,-28.504,143.035,0.8128359838504527
19.6666,128.192633,37.88815,666.7884048000001,-30.742,-28.279,142.847,0.8128359838504527
19.6833,128.192671,37.888109,663.2027376000001,-33.817,-28.053,142.642,0.8128359838504527
19.7,128.192709,37.888068,659.6414544,-36.917,-27.829,142.428,0.8128359838504527
19.7166,128.192747,37.888027,656.1033360000001,-40.028,-27.614,142.203,0.8128359838504527
19.7333,128.192786,37.887986,652.5838104000001,-42.594,-27.377,142.009,0.8128359838504527
19.75,128.192824,37.887946,649.0834872000001,-44.654,-27.115,141.835,0.8128359838504527
19.7666,128.192863,37.887905,645.6038904000001,-46.148,-26.866,141.633,0.8128359838504527
19.7833,128.192902,37.887864,642.1431911999999,-47.056,-26.659,141.374,0.8128359838504527
19.8,128.192942,37.887823,638.6980368,-47.465,-26.482,141.077,0.8128359838504527
19.8166,128.192981,37.887783,635.2662936,-47.522,-26.3,140.787,0.8128359838504527
19.8333,128.193021,37.887742,631.8479616000001,-47.331,-26.088,140.537,0.8128359838504527
19.85,128.193061,37.887702,628.4445648000001,-46.898,-25.856,140.322,0.8128359838504527
19.8666,128.193102,37.887661,625.0567128,-46.165,-25.633,140.108,0.8128359838504527
19.8833,128.193142,37.887621,621.683796,-45.104,-25.439,139.87,0.8128359838504527
19.9,128.193183,37.88758,618.3239856,-43.76,-25.263,139.616,0.8128359838504527
19.9166,128.193224,37.88754,614.9763672,-42.229,-25.083,139.379,0.8128359838504527
19.9333,128.193265,37.887499,611.6409408,-40.581,-24.881,139.183,0.8128359838504527
19.95,128.193306,37.887459,608.3189256000001,-38.814,-24.663,139.026,0.8128359838504527
19.9666,128.193348,37.887418,605.0109312000001,-36.878,-24.447,138.878,0.8128359838504527
19.9833,128.193389,37.887378,601.716348,-34.742,-24.245,138.719,0.8128359838504527
20.0,128.193431,37.887337,598.4363952,-32.432,-24.057,138.553,0.8128359838504527
20.0166,128.193473,37.887297,595.1704632000001,-30.014,-23.867,138.406,0.8128359838504527
20.0333,128.193515,37.887256,591.9194664,-27.536,-23.666,138.299,0.8128359838504527
20.05,128.193558,37.887216,588.6849288000001,-24.997,-23.456,138.228,0.8128359838504527
20.0666,128.1936,37.887175,585.4674600000001,-22.355,-23.243,138.168,0.8128359838504527
20.0833,128.193643,37.887135,582.2676696,-19.582,-23.034,138.101,0.8128359838504527
20.1,128.193686,37.887094,579.0855576,-16.692,-22.831,138.031,0.8128359838504527
20.1166,128.193729,37.887054,575.9211240000001,-13.733,-22.63,137.978,0.8128359838504527
20.1333,128.193772,37.887013,572.7746736,-10.742,-22.426,137.96,0.8128359838504527
20.15,128.193815,37.886972,569.6468160000001,-7.716,-22.215,137.976,0.8128359838504527
20.1666,128.193858,37.886932,566.5381608,-4.624,-21.999,138.005,0.8128359838504527
20.1833,128.193902,37.886891,563.4490128,-1.448,-21.779,138.031,0.8128359838504527
20.2,128.193945,37.88685,560.3802864,1.782,-21.56,138.054,0.8128359838504527
20.2166,128.193989,37.886809,557.3325912,5.011,-21.345,138.09,0.8128359838504527
20.2333,128.194033,37.886768,554.3059272,8.192,-21.133,138.153,0.8128359838504527
20.25,128.194076,37.886727,551.2987704,11.325,-20.92,138.249,0.8128359838504527
20.2666,128.19412,37.886686,548.3105112000001,14.446,-20.704,138.37,0.8128359838504527
20.2833,128.194164,37.886644,545.34054,17.597,-20.481,138.501,0.8128359838504527
20.3,128.194208,37.886603,542.388552,20.789,-20.257,138.637,0.8128359838504527
20.3166,128.194252,37.886561,539.4551568,24.002,-20.038,138.782,0.8128359838504527
20.3333,128.194296,37.88652,536.540964,26.685,-19.801,138.889,0.8128359838504527
20.35,128.19434,37.886478,533.6456688000001,28.876,-19.543,138.969,0.8128359838504527
20.3666,128.194384,37.886436,530.7729288,30.509,-19.291,139.077,0.8128359838504527
20.3833,128.194428,37.886394,527.9224392,31.563,-19.065,139.251,0.8128359838504527
20.4,128.194472,37.886352,525.0935904,32.122,-18.861,139.47,0.8128359838504527
20.4166,128.194516,37.88631,522.2857728,32.335,-18.651,139.681,0.8128359838504527
20.4333,128.19456,37.886268,519.5002056,32.304,-18.418,139.846,0.8128359838504527
20.45,128.194604,37.886225,516.739632,32.033,-18.172,139.975,0.8128359838504527
20.4666,128.194648,37.886182,514.0061856000001,31.459,-17.934,140.108,0.8128359838504527
20.4833,128.194691,37.88614,511.300476,30.552,-17.718,140.275,0.8128359838504527
20.5,128.194735,37.886097,508.6231128,29.361,-17.514,140.467,0.8128359838504527
20.5166,128.194779,37.886053,505.97379120000005,27.984,-17.306,140.644,0.8128359838504527
20.5333,128.194822,37.88601,503.3549496,26.492,-17.081,140.778,0.8128359838504527
20.55,128.194866,37.885967,500.76872160000005,24.88,-16.844,140.874,0.8128359838504527
20.5666,128.194909,37.885923,498.21693600000003,23.094,-16.608,140.966,0.8128359838504527
20.5833,128.194953,37.885879,495.7011168,21.104,-16.381,141.08,0.8128359838504527
20.6,128.194996,37.885835,493.2194352,18.938,-16.159,141.207,0.8128359838504527
20.6166,128.19504,37.885791,490.772196,16.665,-15.935,141.317,0.8128359838504527
20.6333,128.195083,37.885747,488.3606184,14.336,-15.703,141.386,0.8128359838504527
20.65,128.195127,37.885703,485.98500720000004,11.944,-15.462,141.42,0.8128359838504527
20.6666,128.19517,37.885659,483.64597200000003,9.445,-15.216,141.446,0.8128359838504527
20.6833,128.195214,37.885614,481.34351280000004,6.809,-14.969,141.484,0.8128359838504527
20.7,128.195257,37.885569,479.0776296,4.057,-14.723,141.528,0.8128359838504527
20.7166,128.195301,37.885525,476.84801760000005,1.237,-14.48,141.553,0.8128359838504527
20.7333,128.195344,37.88548,474.65498160000004,-1.611,-14.238,141.541,0.8128359838504527
20.75,128.195388,37.885435,472.4985216,-4.496,-13.994,141.494,0.8128359838504527
20.7666,128.195432,37.88539,470.378028,-7.455,-13.744,141.435,0.8128359838504527
20.7833,128.195476,37.885346,468.293196,-10.512,-13.488,141.38,0.8128359838504527
20.8,128.19552,37.885301,466.24372080000006,-13.656,-13.231,141.325,0.8128359838504527
20.8166,128.195564,37.885256,464.22685920000004,-16.826,-12.983,141.253,0.8128359838504527
20.8333,128.195609,37.885211,462.2416968,-19.969,-12.743,141.152,0.8128359838504527
20.85,128.195653,37.885166,460.28853840000005,-23.079,-12.509,141.021,0.8128359838504527
20.8666,128.195698,37.885121,458.3664696,-26.192,-12.271,140.87,0.8128359838504527
20.8833,128.195743,37.885076,456.474576,-29.337,-12.029,140.709,0.8128359838504527
20.9,128.195788,37.885032,454.6113336,-32.513,-11.79,140.541,0.8128359838504527
20.9166,128.195833,37.884987,452.7755232,-35.691,-11.562,140.362,0.8128359838504527
20.9333,128.195879,37.884942,450.96257280000003,-38.298,-11.317,140.206,0.8128359838504527
20.95,128.195924,37.884898,449.1727872,-40.384,-11.05,140.067,0.8128359838504527
20.9666,128.19597,37.884853,447.4070808000001,-41.909,-10.791,139.9,0.8128359838504527
20.9833,128.196016,37.884809,445.6639296,-42.868,-10.567,139.683,0.8128359838504527
21.0,128.196062,37.884765,443.93967599999996,-43.342,-10.371,139.43,0.8128359838504527
21.0166,128.196109,37.88472,442.2324912,-43.46,-10.172,139.185,0.8128359838504527
21.0333,128.196156,37.884676,440.5420704,-43.315,-9.949,138.977,0.8128359838504527
21.05,128.196202,37.884632,438.86963280000003,-42.916,-9.707,138.798,0.8128359838504527
21.0666,128.196249,37.884588,437.21578800000003,-42.218,-9.474,138.619,0.8128359838504527
21.0833,128.196296,37.884544,435.5802312,-41.201,-9.266,138.416,0.8128359838504527
21.1,128.196344,37.8845,433.96113360000004,-39.912,-9.076,138.198,0.8128359838504527
21.1166,128.196391,37.884456,432.3566664,-38.433,-8.883,137.996,0.8128359838504527
21.1333,128.196439,37.884412,430.767744,-36.827,-8.672,137.834,0.8128359838504527
21.15,128.196486,37.884368,429.194976,-35.091,-8.446,137.705,0.8128359838504527
21.1666,128.196534,37.884324,427.63927680000006,-33.184,-8.223,137.584,0.8128359838504527
21.1833,128.196582,37.88428,426.1000368,-31.082,-8.013,137.45,0.8128359838504527
21.2,128.19663,37.884237,424.57817040000003,-28.811,-7.816,137.31,0.8128359838504527
21.2166,128.196678,37.884193,423.07306800000003,-26.43,-7.619,137.189,0.8128359838504527
21.2333,128.196727,37.884149,421.5859488,-23.981,-7.413,137.105,0.8128359838504527
21.25,128.196775,37.884105,420.1177272,-21.46,-7.199,137.054,0.8128359838504527
21.2666,128.196824,37.884062,418.6699272,-18.833,-6.983,137.012,0.8128359838504527
21.2833,128.196872,37.884018,417.242244,-16.077,-6.77,136.962,0.8128359838504527
21.3,128.196921,37.883974,415.8349824,-13.206,-6.563,136.908,0.8128359838504527
21.3166,128.19697,37.883931,414.44783760000007,-10.264,-6.359,136.872,0.8128359838504527
21.3333,128.197019,37.883887,413.08141919999997,-7.282,-6.153,136.87,0.8128359838504527
21.35,128.197068,37.883843,411.736032,-4.256,-5.943,136.899,0.8128359838504527
21.3666,128.197117,37.8838,410.41198080000004,-1.158,-5.727,136.939,0.8128359838504527
21.3833,128.197166,37.883756,409.1098752,2.024,-5.507,136.977,0.8128359838504527
21.4,128.197215,37.883712,407.8303248,5.261,-5.289,137.012,0.8128359838504527
21.4166,128.197264,37.883668,406.57393920000004,8.498,-5.074,137.059,0.8128359838504527
21.4333,128.197314,37.883624,405.34041360000003,11.695,-4.865,137.133,0.8128359838504527
21.45,128.197363,37.88358,404.1285288,14.853,-4.658,137.239,0.8128359838504527
21.4666,128.197412,37.883537,402.9373704,18.01,-4.446,137.366,0.8128359838504527
21.4833,128.197461,37.883493,401.7657192,21.202,-4.229,137.504,0.8128359838504527
21.5,128.19751,37.883448,400.61388,24.438,-4.012,137.647,0.8128359838504527
21.5166,128.197559,37.883404,399.4818528,27.695,-3.801,137.798,0.8128359838504527
21.5333,128.197609,37.88336,398.36963760000003,30.412,-3.571,137.918,0.8128359838504527
21.55,128.197658,37.883316,397.2781488,32.63,-3.319,138.015,0.8128359838504527
21.5666,128.197707,37.883271,396.21043440000005,34.305,-3.074,138.14,0.8128359838504527
21.5833,128.197755,37.883227,395.1658848000001,35.428,-2.859,138.322,0.8128359838504527
21.6,128.197804,37.883182,394.14389040000003,36.078,-2.667,138.545,0.8128359838504527
21.6166,128.197853,37.883138,393.143232,36.383,-2.471,138.761,0.8128359838504527
21.6333,128.197902,37.883093,392.16512880000005,36.434,-2.251,138.938,0.8128359838504527
21.65,128.19795,37.883048,391.21293360000004,36.237,-2.016,139.083,0.8128359838504527
21.6666,128.197998,37.883003,390.28786560000003,35.744,-1.789,139.232,0.8128359838504527
21.6833,128.198047,37.882958,389.3914488,34.937,-1.584,139.411,0.8128359838504527
21.7,128.198095,37.882913,388.52307360000003,33.86,-1.395,139.611,0.8128359838504527
21.7166,128.198143,37.882868,387.6830448,32.596,-1.2,139.798,0.8128359838504527
21.7333,128.19819,37.882822,386.8728864,31.205,-0.986,139.948,0.8128359838504527
21.75,128.198238,37.882777,386.0956464,29.684,-0.759,140.065,0.8128359838504527
21.7666,128.198286,37.882731,385.3528488,27.994,-0.532,140.178,0.8128359838504527
21.7833,128.198333,37.882685,384.6460176,26.112,-0.315,140.309,0.8128359838504527
21.8,128.19838,37.88264,383.97332400000005,24.063,-0.104,140.452,0.8128359838504527
21.8166,128.198427,37.882594,383.33507280000003,21.904,0.109,140.579,0.8128359838504527
21.8333,128.198474,37.882548,382.73187360000003,19.675,0.334,140.671,0.8128359838504527
21.85,128.198521,37.882502,382.1649456,17.373,0.57,140.732,0.8128359838504527
21.8666,128.198568,37.882456,381.63520320000003,14.965,0.811,140.786,0.8128359838504527
21.8833,128.198615,37.88241,381.14203679999997,12.431,1.053,140.848,0.8128359838504527
21.9,128.198662,37.882364,380.686056,9.784,1.292,140.916,0.8128359838504527
21.9166,128.198708,37.882318,380.2666512,7.064,1.531,140.966,0.8128359838504527
21.9333,128.198755,37.882271,379.8841272,4.3,1.772,140.984,0.8128359838504527
21.95,128.198801,37.882225,379.53878879999996,1.488,2.018,140.97,0.8128359838504527
21.9666,128.198848,37.882179,379.230636,-1.396,2.27,140.944,0.8128359838504527
21.9833,128.198894,37.882133,378.95905920000007,-4.374,2.527,140.92,0.8128359838504527
22.0,128.198941,37.882087,378.7237536,-7.436,2.784,140.895,0.8128359838504527
22.0166,128.198988,37.882041,378.52410960000003,-10.553,3.037,140.852,0.8128359838504527
22.0333,128.199034,37.881995,378.35860320000006,-13.685,3.283,140.78,0.8128359838504527
22.05,128.199081,37.881949,378.2260152,-16.819,3.527,140.681,0.8128359838504527
22.0666,128.199128,37.881903,378.1263456,-19.972,3.776,140.566,0.8128359838504527
22.0833,128.199174,37.881857,378.05868,-23.16,4.029,140.443,0.8128359838504527
22.1,128.199221,37.881812,378.02118960000007,-26.371,4.281,140.311,0.8128359838504527
22.1166,128.199268,37.881766,378.01296,-29.581,4.523,140.164,0.8128359838504527
22.1333,128.199316,37.881721,378.02972400000004,-32.216,4.778,140.037,0.8128359838504527
22.15,128.199363,37.881675,378.0714816,-34.332,5.052,139.928,0.8128359838504527
22.1666,128.19941,37.88163,378.1391472,-35.907,5.321,139.795,0.8128359838504527
22.1833,128.199458,37.881585,378.2302824,-36.946,5.562,139.611,0.8128359838504527
22.2,128.199505,37.88154,378.3427536,-37.518,5.78,139.392,0.8128359838504527
22.2166,128.199553,37.881495,378.4741224,-37.733,5.998,139.176,0.8128359838504527
22.2333,128.199601,37.88145,378.62438879999996,-37.672,6.235,138.993,0.8128359838504527
22.25,128.199649,37.881405,378.7938576,-37.351,6.486,138.838,0.8128359838504527
22.2666,128.199697,37.881361,378.983748,-36.741,6.73,138.685,0.8128359838504527
22.2833,128.199745,37.881316,379.1928408,-35.833,6.954,138.51,0.8128359838504527
22.3,128.199793,37.881271,379.4199168,-34.662,7.163,138.319,0.8128359838504527
22.3166,128.199842,37.881227,379.6637568,-33.295,7.371,138.141,0.8128359838504527
22.3333,128.19989,37.881183,379.92436080000004,-31.783,7.592,137.997,0.8128359838504527
22.35,128.199939,37.881138,380.20233840000003,-30.13,7.822,137.885,0.8128359838504527
22.3666,128.199987,37.881094,380.4982992,-28.313,8.051,137.782,0.8128359838504527
22.3833,128.200036,37.88105,380.81163360000005,-26.316,8.27,137.671,0.8128359838504527
22.4,128.200085,37.881006,381.143256,-24.157,8.478,137.554,0.8128359838504527
22.4166,128.200134,37.880961,381.4928616,-21.877,8.684,137.452,0.8128359838504527
22.4333,128.200182,37.880917,381.86136480000005,-19.511,8.894,137.381,0.8128359838504527
22.45,128.200231,37.880873,382.24968,-17.062,9.108,137.34,0.8128359838504527
22.4666,128.20028,37.880829,382.65841680000005,-14.509,9.324,137.312,0.8128359838504527
22.4833,128.200329,37.880786,383.0875752,-11.838,9.538,137.281,0.8128359838504527
22.5,128.200378,37.880742,383.53746,-9.058,9.748,137.249,0.8128359838504527
22.5166,128.200427,37.880698,384.0080712,-6.195,9.954,137.231,0.8128359838504527
22.5333,128.200476,37.880654,384.49910400000005,-3.273,10.16,137.239,0.8128359838504527
22.55,128.200526,37.88061,385.01147280000004,-0.295,10.367,137.276,0.8128359838504527
22.5666,128.200575,37.880566,385.54487280000006,2.755,10.577,137.328,0.8128359838504527
22.5833,128.200624,37.880523,386.09899920000004,5.89,10.79,137.385,0.8128359838504527
22.6,128.200673,37.880479,386.6747664,9.096,11.003,137.444,0.8128359838504527
22.6166,128.200722,37.880435,387.272784,12.329,11.213,137.513,0.8128359838504527
22.6333,128.200771,37.880391,387.89244240000005,15.557,11.418,137.603,0.8128359838504527
22.65,128.200819,37.880348,388.53374160000004,18.768,11.619,137.717,0.8128359838504527
22.6666,128.200868,37.880304,389.19485280000004,21.979,11.821,137.854,0.8128359838504527
22.6833,128.200917,37.88026,389.8754712,25.212,12.023,138.007,0.8128359838504527
22.7,128.200966,37.880216,390.5749872,28.475,12.225,138.171,0.8128359838504527
22.7166,128.201014,37.880172,391.2927912,31.763,12.422,138.346,0.8128359838504527
22.7333,128.201063,37.880128,392.0294928,34.526,12.64,138.491,0.8128359838504527
22.75,128.201111,37.880084,392.785092,36.806,12.882,138.614,0.8128359838504527
22.7666,128.201159,37.88004,393.56294160000004,38.575,13.115,138.761,0.8128359838504527
22.7833,128.201207,37.879996,394.362432,39.827,13.314,138.961,0.8128359838504527
22.8,128.201255,37.879952,395.1820392,40.631,13.487,139.201,0.8128359838504527
22.8166,128.201303,37.879908,396.0211536,41.095,13.663,139.442,0.8128359838504527
22.8333,128.20135,37.879864,396.88038480000006,41.299,13.862,139.651,0.8128359838504527
22.85,128.201398,37.87982,397.7618664,41.256,14.08,139.831,0.8128359838504527
22.8666,128.201445,37.879775,398.6680368,40.937,14.29,140.009,0.8128359838504527
22.8833,128.201492,37.879731,399.5995056,40.328,14.478,140.211,0.8128359838504527
22.9,128.201539,37.879686,400.5553584,39.463,14.65,140.432,0.8128359838504527
22.9166,128.201585,37.879642,401.5362048,38.406,14.825,140.648,0.8128359838504527
22.9333,128.201632,37.879597,402.54295920000004,37.206,15.018,140.835,0.8128359838504527
22.95,128.201678,37.879552,403.57775520000007,35.871,15.226,140.993,0.8128359838504527
22.9666,128.201724,37.879508,404.6427264,34.378,15.435,141.142,0.8128359838504527
22.9833,128.201769,37.879463,405.739092,32.713,15.637,141.301,0.8128359838504527
23.0,128.201815,37.879418,406.8650232,30.891,15.831,141.471,0.8128359838504527
23.0166,128.20186,37.879373,408.02112960000005,28.948,16.029,141.631,0.8128359838504527
23.0333,128.201905,37.879329,409.20771600000006,26.917,16.238,141.766,0.8128359838504527
23.05,128.201949,37.879284,410.4260016,24.802,16.459,141.875,0.8128359838504527
23.0666,128.201994,37.879239,411.676596,22.589,16.687,141.971,0.8128359838504527
23.0833,128.202038,37.879194,412.959804,20.265,16.915,142.068,0.8128359838504527
23.1,128.202083,37.879149,414.2756256,17.834,17.142,142.168,0.8128359838504527
23.1166,128.202127,37.879104,415.62436560000003,15.318,17.371,142.257,0.8128359838504527
23.1333,128.20217,37.879059,417.0057192,12.738,17.604,142.322,0.8128359838504527
23.15,128.202214,37.879015,418.4206008,10.098,17.844,142.361,0.8128359838504527
23.1666,128.202258,37.87897,419.8690104,7.388,18.09,142.382,0.8128359838504527
23.1833,128.202301,37.878925,421.35064320000004,4.596,18.34,142.399,0.8128359838504527
23.2,128.202344,37.878881,422.86549920000004,1.723,18.592,142.411,0.8128359838504527
23.2166,128.202388,37.878836,424.4132736,-1.215,18.844,142.41,0.8128359838504527
23.2333,128.202431,37.878792,425.9939664,-4.208,19.095,142.385,0.8128359838504527
23.25,128.202474,37.878748,427.60696800000005,-7.252,19.347,142.334,0.8128359838504527
23.2666,128.202517,37.878703,429.25166880000006,-10.353,19.602,142.263,0.8128359838504527
23.2833,128.20256,37.878659,430.92684959999997,-13.512,19.86,142.179,0.8128359838504527
23.3,128.202603,37.878615,432.631596,-16.715,20.119,142.087,0.8128359838504527
23.3166,128.202646,37.878572,434.3646888,-19.938,20.376,141.981,0.8128359838504527
23.3333,128.202689,37.878528,436.12338480000005,-22.604,20.644,141.902,0.8128359838504527
23.35,128.202732,37.878484,437.9067696,-24.759,20.925,141.841,0.8128359838504527
23.3666,128.202775,37.878441,439.715148,-26.395,21.201,141.753,0.8128359838504527
23.3833,128.202818,37.878398,441.54699600000004,-27.527,21.458,141.609,0.8128359838504527
23.4,128.202861,37.878355,443.40018,-28.222,21.701,141.425,0.8128359838504527
23.4166,128.202904,37.878311,445.2734808000001,-28.569,21.946,141.242,0.8128359838504527
23.4333,128.202948,37.878269,447.1656792,-28.633,22.203,141.092,0.8128359838504527
23.45,128.202991,37.878226,449.07768960000004,-28.43,22.467,140.969,0.8128359838504527
23.4666,128.203034,37.878183,451.00920720000005,-27.948,22.724,140.847,0.8128359838504527
23.4833,128.203078,37.87814,452.9599272,-27.187,22.967,140.704,0.8128359838504527
23.5,128.203121,37.878098,454.92863040000003,-26.178,23.198,140.545,0.8128359838504527
23.5166,128.203164,37.878056,456.91440240000003,-24.971,23.428,140.394,0.8128359838504527
23.5333,128.203208,37.878013,458.91724320000003,-23.602,23.663,140.273,0.8128359838504527
23.55,128.203251,37.877971,460.93715280000004,-22.081,23.902,140.182,0.8128359838504527
23.5666,128.203295,37.877929,462.9738264,-20.398,24.139,140.103,0.8128359838504527
23.5833,128.203338,37.877887,465.02756880000004,-18.548,24.367,140.02,0.8128359838504527
23.6,128.203381,37.877845,467.0977704,-16.545,24.589,139.933,0.8128359838504527
23.6166,128.203425,37.877803,469.1853456,-14.415,24.806,139.858,0.8128359838504527
23.6333,128.203468,37.877761,471.290904,-12.18,25.023,139.808,0.8128359838504527
23.65,128.203512,37.877719,473.4141408,-9.847,25.239,139.785,0.8128359838504527
23.6666,128.203555,37.877678,475.5556656,-7.411,25.455,139.778,0.8128359838504527
23.6833,128.203598,37.877636,477.716088,-4.865,25.668,139.776,0.8128359838504527
23.7,128.203642,37.877594,479.89479840000007,-2.214,25.878,139.776,0.8128359838504527
23.7166,128.203685,37.877553,482.0921016,0.527,26.086,139.788,0.8128359838504527
23.7333,128.203728,37.877511,484.3079976,3.345,26.29,139.822,0.8128359838504527
23.75,128.203771,37.87747,486.54248640000003,6.236,26.492,139.88,0.8128359838504527
23.7666,128.203815,37.877429,488.7952632000001,9.203,26.693,139.956,0.8128359838504527
23.7833,128.203858,37.877387,491.0660232,12.25,26.895,140.044,0.8128359838504527
23.8,128.203901,37.877346,493.3547664,15.378,27.095,140.142,0.8128359838504527
23.8166,128.203943,37.877305,495.6608832,18.578,27.292,140.253,0.8128359838504527
23.8333,128.203986,37.877263,497.9855928,21.819,27.484,140.381,0.8128359838504527
23.85,128.204029,37.877222,500.32798080000003,25.083,27.672,140.529,0.8128359838504527
23.8666,128.204071,37.877181,502.68774240000005,28.363,27.857,140.696,0.8128359838504527
23.8833,128.204113,37.87714,505.06396320000005,31.661,28.039,140.882,0.8128359838504527
23.9,128.204156,37.877098,507.45603360000007,34.979,28.216,141.084,0.8128359838504527
23.9166,128.204198,37.877057,509.8630392,38.316,28.386,141.305,0.8128359838504527
23.9333,128.20424,37.877016,512.28498,41.152,28.578,141.502,0.8128359838504527
23.95,128.204281,37.876975,514.7224656,43.533,28.795,141.681,0.8128359838504527
23.9666,128.204323,37.876933,517.1773248000001,45.448,29.005,141.878,0.8128359838504527
23.9833,128.204364,37.876892,519.6492528,46.898,29.18,142.121,0.8128359838504527
24.0,128.204405,37.876851,522.1373352,47.937,29.325,142.403,0.8128359838504527
24.0166,128.204446,37.876809,524.6397432,48.644,29.468,142.693,0.8128359838504527
24.0333,128.204487,37.876768,527.157696,49.087,29.629,142.965,0.8128359838504527
24.05,128.204528,37.876727,529.6918032000001,49.285,29.808,143.215,0.8128359838504527
24.0666,128.204568,37.876685,532.2441984000001,49.23,29.986,143.457,0.8128359838504527
24.0833,128.204608,37.876644,534.8148816,48.918,30.146,143.712,0.8128359838504527
24.1,128.204647,37.876602,537.403548,48.37,30.289,143.981,0.8128359838504527
24.1166,128.204687,37.876561,540.0108072,47.627,30.431,144.251,0.8128359838504527
24.1333,128.204726,37.876519,542.6363544000001,46.727,30.585,144.506,0.8128359838504527
24.15,128.204765,37.876477,545.2820184,45.684,30.754,144.74,0.8128359838504527
24.1666,128.204803,37.876436,547.9493232,44.496,30.928,144.962,0.8128359838504527
24.1833,128.204841,37.876394,550.6385736000001,43.156,31.099,145.184,0.8128359838504527
24.2,128.204879,37.876353,553.3494648000001,41.672,31.265,145.409,0.8128359838504527
24.2166,128.204917,37.876311,556.0823016,40.063,31.432,145.631,0.8128359838504527
24.2333,128.204954,37.876269,558.837084,38.349,31.607,145.839,0.8128359838504527
24.25,128.204991,37.876228,561.6147264,36.541,31.794,146.029,0.8128359838504527
24.2666,128.205028,37.876186,564.4161432000001,34.638,31.989,146.205,0.8128359838504527
24.2833,128.205064,37.876144,567.2413344,32.636,32.188,146.374,0.8128359838504527
24.3,128.2051,37.876103,570.0906048,30.537,32.389,146.54,0.8128359838504527
24.3166,128.205136,37.876061,572.964564,28.348,32.592,146.698,0.8128359838504527
24.3333,128.205171,37.87602,575.8632120000001,26.08,32.801,146.841,0.8128359838504527
24.35,128.205207,37.875979,578.7868536,23.739,33.017,146.966,0.8128359838504527
24.3666,128.205242,37.875937,581.7364032,21.325,33.241,147.074,0.8128359838504527
24.3833,128.205277,37.875896,584.7115560000001,18.837,33.47,147.17,0.8128359838504527
24.4,128.205311,37.875855,587.7126168000001,16.273,33.704,147.256,0.8128359838504527
24.4166,128.205346,37.875814,590.7398904,13.638,33.941,147.33,0.8128359838504527
24.4333,128.20538,37.875773,593.793072,10.935,34.182,147.388,0.8128359838504527
24.45,128.205414,37.875732,596.8721616,8.168,34.428,147.427,0.8128359838504527
24.4666,128.205448,37.875691,599.977464,5.338,34.678,147.445,0.8128359838504527
24.4833,128.205481,37.875651,603.1086744,2.443,34.933,147.446,0.8128359838504527
24.5,128.205515,37.875611,606.265488,-0.516,35.191,147.431,0.8128359838504527
24.5166,128.205548,37.87557,609.4476000000001,-3.54,35.452,147.398,0.8128359838504527
24.5333,128.205582,37.87553,612.6550104,-6.626,35.714,147.345,0.8128359838504527
24.55,128.205615,37.87549,615.8868048,-9.77,35.976,147.27,0.8128359838504527
24.5666,128.205648,37.87545,619.1417640000001,-12.958,36.239,147.173,0.8128359838504527
24.5833,128.205681,37.875411,622.4192784,-16.179,36.502,147.055,0.8128359838504527
24.6,128.205714,37.875371,625.7190432,-19.425,36.765,146.916,0.8128359838504527
24.6166,128.205747,37.875332,629.040144,-22.692,37.025,146.755,0.8128359838504527
24.6333,128.20578,37.875293,632.3816664,-25.978,37.281,146.57,0.8128359838504527
24.65,128.205813,37.875254,635.7430008000001,-29.283,37.531,146.359,0.8128359838504527
24.6666,128.205847,37.875216,639.1229280000001,-32.609,37.774,146.123,0.8128359838504527
24.6833,128.20588,37.875177,642.5211432,-35.959,38.009,145.862,0.8128359838504527
24.7,128.205913,37.875139,645.9364272,-39.337,38.237,145.579,0.8128359838504527
24.7166,128.205946,37.875101,649.3675608,-42.739,38.454,145.274,0.8128359838504527
24.7333,128.205979,37.875063,652.8139344,-46.165,38.66,144.946,0.8128359838504527
24.75,128.206012,37.875025,656.274024,-49.612,38.853,144.594,0.8128359838504527
24.7666,128.206046,37.874987,659.7472200000001,-53.079,39.031,144.221,0.8128359838504527
24.7833,128.206079,37.87495,663.2323031999999,-56.568,39.193,143.826,0.8128359838504527
24.8,128.206113,37.874913,666.7280544,-60.078,39.339,143.412,0.8128359838504527
24.8166,128.206147,37.874876,670.2332544,-63.609,39.467,142.979,0.8128359838504527
24.8333,128.206181,37.874839,673.7472936,-67.159,39.575,142.529,0.8128359838504527
24.85,128.206215,37.874803,677.2686480000001,-70.726,39.663,142.064,0.8128359838504527
24.8666,128.206249,37.874766,680.7960984,-74.307,39.73,141.586,0.8128359838504527
24.8833,128.206283,37.87473,684.3290352,-77.902,39.773,141.096,0.8128359838504527
24.9,128.206318,37.874694,687.8659344,-81.509,39.793,140.596,0.8128359838504527
24.9166,128.206352,37.874658,691.4055768000001,-85.128,39.789,140.088,0.8128359838504527
24.9333,128.206387,37.874622,694.9473528,-88.756,39.761,139.576,0.8128359838504527
24.95,128.206422,37.874587,698.4897384,-92.39,39.707,139.061,0.8128359838504527
24.9666,128.206457,37.874551,702.0315144000001,-96.028,39.627,138.546,0.8128359838504527
24.9833,128.206493,37.874516,705.5720712000001,-99.669,39.522,138.034,0.8128359838504527
25.0,128.206528,37.874481,709.1101896,-103.31,39.39,137.526,0.8128359838504527
25.0166,128.206564,37.874446,712.6449552,-106.95,39.233,137.026,0.8128359838504527
25.0333,128.2066,37.874411,716.1748440000001,-110.586,39.049,136.536,0.8128359838504527
25.05,128.206636,37.874376,719.6995512000001,-114.217,38.841,136.059,0.8128359838504527
25.0666,128.206673,37.874342,723.2175528,-117.84,38.608,135.597,0.8128359838504527
25.0833,128.206709,37.874307,726.7282392000001,-121.455,38.35,135.152,0.8128359838504527
25.1,128.206746,37.874273,730.2303912,-125.058,38.069,134.726,0.8128359838504527
25.1166,128.206783,37.874238,733.7233992,-128.649,37.766,134.322,0.8128359838504527
25.1333,128.20682,37.874204,737.2072632,-131.766,37.491,133.951,0.8128359838504527
25.15,128.206858,37.87417,740.6828976,-134.429,37.27,133.644,0.8128359838504527
25.1666,128.206895,37.874136,744.1524360000001,-136.596,37.11,133.454,0.8128359838504527
25.1833,128.206933,37.874102,747.616488,-138.251,37.028,133.422,0.8128359838504527
25.2,128.20697,37.874067,751.0756632000001,-139.435,37.055,133.562,0.8128359838504527
25.2166,128.207008,37.874033,754.5305712,-140.26,37.173,133.805,0.8128359838504527
25.2333,128.207046,37.873999,757.982736,-140.823,37.36,134.09,0.8128359838504527
25.25,128.207084,37.873965,761.4342912,-141.178,37.582,134.375,0.8128359838504527
25.2666,128.207121,37.873931,764.8861512000001,-141.341,37.792,134.633,0.8128359838504527
25.2833,128.207159,37.873897,768.3389256,-141.321,37.947,134.844,0.8128359838504527
25.3,128.207197,37.873863,771.7926144,-141.146,38.01,134.979,0.8128359838504527
25.3166,128.207235,37.87383,775.2472176,-140.863,37.955,135.004,0.8128359838504527
25.3333,128.207273,37.873796,778.7036496000001,-140.485,37.822,134.942,0.8128359838504527
25.35,128.207311,37.873762,782.1622152,-140.012,37.649,134.824,0.8128359838504527
25.3666,128.207348,37.873728,785.6235240000001,-139.426,37.466,134.687,0.8128359838504527
25.3833,128.207386,37.873694,789.086052,-138.701,37.305,134.572,0.8128359838504527
25.4,128.207424,37.87366,792.550104,-137.821,37.193,134.516,0.8128359838504527
25.4166,128.207462,37.873626,796.01568,-136.775,37.161,134.553,0.8128359838504527
25.4333,128.2075,37.873592,799.48278,-135.586,37.199,134.67,0.8128359838504527
25.45,128.207538,37.873558,802.951404,-134.283,37.277,134.831,0.8128359838504527
25.4666,128.207576,37.873524,806.4221616000001,-132.89,37.368,135.005,0.8128359838504527
25.4833,128.207614,37.87349,809.8935288,-131.426,37.439,135.157,0.8128359838504527
25.5,128.207652,37.873456,813.3661152,-129.915,37.462,135.252,0.8128359838504527
25.5166,128.207689,37.873423,816.8390064000001,-128.368,37.435,135.28,0.8128359838504527
25.5333,128.207727,37.873389,820.3131168,-126.771,37.388,135.279,0.8128359838504527
25.55,128.207765,37.873355,823.7881416,-125.11,37.348,135.289,0.8128359838504527
25.5666,128.207803,37.873321,827.2640808000001,-123.366,37.339,135.348,0.8128359838504527
25.5833,128.207841,37.873287,830.7403247999999,-121.546,37.355,135.449,0.8128359838504527
25.6,128.207879,37.873253,834.2171784000001,-119.674,37.375,135.556,0.8128359838504527
25.6166,128.207917,37.873219,837.6943368,-117.763,37.381,135.64,0.8128359838504527
25.6333,128.207955,37.873185,841.1714952,-115.815,37.374,135.7,0.8128359838504527
25.65,128.207993,37.873151,844.6492632000001,-113.82,37.362,135.756,0.8128359838504527
25.6666,128.208031,37.873117,848.1273360000001,-111.773,37.354,135.826,0.8128359838504527
25.6833,128.20807,37.873084,851.6057136000001,-109.677,37.352,135.914,0.8128359838504527
25.7,128.208108,37.87305,855.0837864,-107.54,37.352,136.01,0.8128359838504527
25.7166,128.208146,37.873016,858.5621639999999,-105.368,37.351,136.101,0.8128359838504527
25.7333,128.208184,37.872982,862.0405416000001,-103.162,37.346,136.184,0.8128359838504527
25.75,128.208222,37.872948,865.5192240000001,-100.919,37.337,136.264,0.8128359838504527
25.7666,128.20826,37.872914,868.9979064,-98.637,37.326,136.346,0.8128359838504527
25.7833,128.208299,37.87288,872.4765888000001,-96.318,37.313,136.436,0.8128359838504527
25.8,128.208337,37.872846,875.9552712000001,-93.966,37.301,136.53,0.8128359838504527
25.8166,128.208375,37.872813,879.4342584,-91.583,37.287,136.624,0.8128359838504527
25.8333,128.208413,37.872779,882.9129408,-89.17,37.272,136.715,0.8128359838504527
25.8499,128.208452,37.872745,886.3919280000001,-86.727,37.254,136.804,0.8128359838504527
25.8666,128.20849,37.872711,889.8712200000001,-84.252,37.232,136.893,0.8128359838504527
25.8833,128.208528,37.872677,893.3502072,-81.747,37.208,136.983,0.8128359838504527
25.9,128.208567,37.872643,896.8298040000001,-79.213,37.181,137.075,0.8128359838504527
25.9166,128.208605,37.872609,900.3090960000001,-76.653,37.154,137.166,0.8128359838504527
25.9333,128.208643,37.872576,903.7886928,-74.066,37.124,137.257,0.8128359838504527
25.95,128.208682,37.872542,907.2685944000001,-71.453,37.091,137.345,0.8128359838504527
25.9666,128.20872,37.872508,910.7488008000001,-68.814,37.056,137.431,0.8128359838504527
25.9833,128.208759,37.872474,914.229312,-66.149,37.018,137.516,0.8128359838504527
26.0,128.208797,37.87244,917.7098232000001,-63.459,36.977,137.601,0.8128359838504527
26.0166,128.208836,37.872406,921.1906392000001,-60.745,36.934,137.684,0.8128359838504527
26.0333,128.208874,37.872373,924.67176,-58.008,36.889,137.765,0.8128359838504527
26.05,128.208913,37.872339,928.1531856,-55.248,36.842,137.843,0.8128359838504527
26.0666,128.208951,37.872305,931.6349160000001,-52.465,36.792,137.919,0.8128359838504527
26.0833,128.20899,37.872271,935.1169512,-49.66,36.74,137.992,0.8128359838504527
26.0999,128.209028,37.872237,938.5992911999999,-46.832,36.686,138.062,0.8128359838504527
26.1166,128.209067,37.872203,942.081936,-43.984,36.63,138.13,0.8128359838504527
26.1333,128.209105,37.87217,945.5645808,-41.115,36.572,138.195,0.8128359838504527
26.15,128.209144,37.872136,949.0475304,-38.225,36.512,138.257,0.8128359838504527
26.1666,128.209183,37.872102,952.5307848000001,-35.315,36.451,138.315,0.8128359838504527
26.1833,128.209221,37.872068,956.0143440000002,-32.385,36.388,138.369,0.8128359838504527
26.2,128.20926,37.872034,959.4979032,-29.436,36.324,138.42,0.8128359838504527
26.2166,128.209298,37.872,962.9814624,-26.467,36.258,138.467,0.8128359838504527
26.2333,128.209337,37.871967,966.4653264000001,-23.48,36.192,138.511,0.8128359838504527
26.25,128.209376,37.871933,969.9488856,-20.474,36.124,138.551,0.8128359838504527
26.2666,128.209414,37.871899,973.4327496000001,-17.449,36.056,138.586,0.8128359838504527
26.2833,128.209453,37.871865,976.9163088000001,-14.407,35.988,138.618,0.8128359838504527
26.3,128.209492,37.871831,980.399868,-11.347,35.919,138.646,0.8128359838504527
26.3166,128.20953,37.871797,983.8834272,-8.277,35.849,138.669,0.8128359838504527
26.3333,128.209569,37.871763,987.367596,-5.204,35.819,138.681,0.8128359838504527
26.35,128.209608,37.87173,990.8535936000001,-2.133,35.866,138.684,0.8128359838504527
26.3666,128.209646,37.871696,994.3417248,0.939,36.027,138.685,0.8128359838504527
26.3833,128.209685,37.871662,997.8341232,4.019,36.328,138.697,0.8128359838504527
26.4,128.209724,37.871628,1001.3320080000001,7.115,36.787,138.741,0.8128359838504527
26.4166,128.209762,37.871594,1004.837208,10.23,37.363,138.832,0.8128359838504527
26.4333,128.209801,37.871561,1008.351552,13.368,38.007,138.978,0.8128359838504527
26.45,128.209839,37.871527,1011.8759544000001,16.525,38.664,139.179,0.8128359838504527
26.4666,128.209877,37.871493,1015.4113296,19.697,39.281,139.424,0.8128359838504527
26.4833,128.209915,37.87146,1018.9579824000001,22.879,39.811,139.689,0.8128359838504527
26.5,128.209954,37.871426,1022.515608,26.059,40.212,139.937,0.8128359838504527
26.5166,128.209992,37.871392,1026.0829872000002,29.217,40.45,140.124,0.8128359838504527
26.5333,128.210029,37.871359,1029.6613392000002,32.362,40.565,140.256,0.8128359838504527
26.55,128.210067,37.871325,1033.2485304,35.508,40.6,140.344,0.8128359838504527
26.5666,128.210105,37.871292,1036.8448656,38.67,40.593,140.409,0.8128359838504527
26.5833,128.210142,37.871258,1040.4491256000001,41.867,40.584,140.477,0.8128359838504527
26.6,128.21018,37.871224,1044.0616152,45.12,40.605,140.582,0.8128359838504527
26.6166,128.210217,37.871191,1047.6817248,48.445,40.678,140.763,0.8128359838504527
26.6333,128.210254,37.871157,1051.3091496000002,51.857,40.816,141.058,0.8128359838504527
26.65,128.210291,37.871123,1054.944804,55.34,40.996,141.456,0.8128359838504527
26.6666,128.210328,37.87109,1058.5880784,58.871,41.19,141.932,0.8128359838504527
26.6833,128.210364,37.871056,1062.2383632,62.419,41.368,142.444,0.8128359838504527
26.7,128.210401,37.871022,1065.8956584,65.95,41.508,142.943,0.8128359838504527
26.7166,128.210437,37.870988,1069.5587448,69.433,41.595,143.378,0.8128359838504527
26.7333,128.210473,37.870955,1073.2267080000001,72.863,41.63,143.731,0.8128359838504527
26.75,128.210509,37.870921,1076.8992432,76.279,41.633,144.048,0.8128359838504527
26.7666,128.210545,37.870887,1080.5748264000001,79.725,41.621,144.38,0.8128359838504527
26.7833,128.21058,37.870853,1084.2534576,83.24,41.601,144.776,0.8128359838504527
26.8,128.210616,37.870818,1087.9339176,86.817,41.571,145.229,0.8128359838504527
26.8166,128.210651,37.870784,1091.6165112,90.42,41.525,145.694,0.8128359838504527
26.8333,128.210686,37.87075,1095.3000192,94.01,41.458,146.134,0.8128359838504527
26.85,128.210721,37.870716,1098.9844416,97.574,41.368,146.541,0.8128359838504527
26.8666,128.210756,37.870681,1102.668864,101.122,41.253,146.934,0.8128359838504527
26.8833,128.210791,37.870647,1106.3517624,104.677,41.113,147.332,0.8128359838504527
26.9,128.210825,37.870612,1110.0334416,108.252,40.948,147.741,0.8128359838504527
26.9166,128.21086,37.870577,1113.7126824,111.847,40.762,148.153,0.8128359838504527
26.9333,128.210894,37.870543,1117.3873512,115.016,40.604,148.542,0.8128359838504527
26.95,128.210928,37.870508,1121.058972,117.763,40.487,148.868,0.8128359838504527
26.9666,128.210962,37.870473,1124.728764,120.028,40.399,149.073,0.8128359838504527
26.9833,128.210996,37.870438,1128.3958128,121.774,40.338,149.109,0.8128359838504527
27.0,128.21103,37.870402,1132.0585944000002,123.03,40.33,148.949,0.8128359838504527
27.0166,128.211063,37.870367,1135.7168040000001,123.911,40.383,148.654,0.8128359838504527
27.0333,128.211097,37.870332,1139.3701368,124.528,40.49,148.299,0.8128359838504527
27.05,128.211131,37.870297,1143.0188976,124.948,40.628,147.94,0.8128359838504527
27.0666,128.211164,37.870261,1146.6633912,125.201,40.761,147.621,0.8128359838504527
27.0833,128.211197,37.870226,1150.3033128,125.304,40.847,147.382,0.8128359838504527
27.1,128.211231,37.87019,1153.937748,125.291,40.855,147.263,0.8128359838504527
27.1166,128.211264,37.870154,1157.566392,125.183,40.797,147.256,0.8128359838504527
27.1333,128.211297,37.870119,1161.18894,124.984,40.701,147.327,0.8128359838504527
27.15,128.21133,37.870083,1164.8047824,124.688,40.593,147.439,0.8128359838504527
27.1666,128.211362,37.870047,1168.414224,124.274,40.494,147.547,0.8128359838504527
27.1833,128.211395,37.870011,1172.0175696000001,123.712,40.419,147.609,0.8128359838504527
27.2,128.211428,37.869975,1175.6151240000002,122.98,40.384,147.584,0.8128359838504527
27.2166,128.21146,37.869939,1179.207192,122.096,40.381,147.486,0.8128359838504527
27.2333,128.211493,37.869903,1182.7937736,121.104,40.391,147.361,0.8128359838504527
27.25,128.211525,37.869867,1186.374564,120.045,40.395,147.254,0.8128359838504527
27.2666,128.211557,37.86983,1189.949868,118.95,40.376,147.208,0.8128359838504527
27.2833,128.211589,37.869794,1193.5202952,117.813,40.335,147.21,0.8128359838504527
27.3,128.211621,37.869758,1197.0861504,116.608,40.289,147.218,0.8128359838504527
27.3166,128.211653,37.869721,1200.6474336,115.323,40.25,147.204,0.8128359838504527
27.3333,128.211685,37.869685,1204.2038400000001,113.966,40.219,147.166,0.8128359838504527
27.35,128.211716,37.869648,1207.756284,112.556,40.193,147.122,0.8128359838504527
27.3666,128.211748,37.869611,1211.3044608,111.107,40.165,147.089,0.8128359838504527
27.3833,128.211779,37.869575,1214.8486752000001,109.622,40.134,147.071,0.8128359838504527
27.4,128.211811,37.869538,1218.389232,108.096,40.099,147.06,0.8128359838504527
27.4166,128.211842,37.869501,1221.9267408,106.526,40.063,147.048,0.8128359838504527
27.4333,128.211873,37.869464,1225.4605920000001,104.915,40.027,147.03,0.8128359838504527
27.45,128.211904,37.869427,1228.9913952,103.269,39.993,147.008,0.8128359838504527
27.4666,128.211935,37.86939,1232.5191504,101.594,39.961,146.988,0.8128359838504527
27.4833,128.211966,37.869353,1236.044772,99.892,39.929,146.971,0.8128359838504527
27.5,128.211997,37.869316,1239.5676504,98.164,39.896,146.957,0.8128359838504527
27.5166,128.212027,37.869279,1243.0883952,96.408,39.861,146.944,0.8128359838504527
27.5333,128.212058,37.869242,1246.6073112,94.627,39.826,146.931,0.8128359838504527
27.55,128.212088,37.869205,1250.1247032,92.823,39.791,146.917,0.8128359838504527
27.5666,128.212118,37.869168,1253.6405712,90.999,39.757,146.903,0.8128359838504527
27.5833,128.212148,37.869131,1257.1552199999999,89.156,39.723,146.889,0.8128359838504527
27.6,128.212178,37.869093,1260.6689544,87.295,39.689,146.877,0.8128359838504527
27.6166,128.212208,37.869056,1264.1820792,85.417,39.655,146.866,0.8128359838504527
27.6333,128.212238,37.869019,1267.6945944000001,83.521,39.62,146.855,0.8128359838504527
27.65,128.212268,37.868981,1271.2074144,81.61,39.585,146.844,0.8128359838504527
27.6666,128.212297,37.868944,1274.7199296000001,79.685,39.549,146.834,0.8128359838504527
27.6833,128.212327,37.868906,1278.2330544000001,77.747,39.514,146.824,0.8128359838504527
27.7,128.212356,37.868869,1281.7470936000002,75.796,39.479,146.815,0.8128359838504527
27.7166,128.212385,37.868831,1285.2617424000002,73.833,39.444,146.807,0.8128359838504527
27.7333,128.212414,37.868794,1288.7776104000002,71.858,39.408,146.799,0.8128359838504527
27.75,128.212443,37.868756,1292.2950024000002,69.872,39.372,146.793,0.8128359838504527
27.7666,128.212472,37.868719,1295.8142232000002,67.876,39.336,146.787,0.8128359838504527
27.7833,128.2125,37.868681,1299.3355776,65.869,39.3,146.781,0.8128359838504527
27.8,128.212529,37.868644,1302.8587608,63.853,39.263,146.776,0.8128359838504527
27.8166,128.212557,37.868606,1306.3846872,61.829,39.227,146.773,0.8128359838504527
27.8333,128.212586,37.868569,1309.9133568,59.795,39.19,146.77,0.8128359838504527
27.85,128.212614,37.868531,1313.4450744000003,57.752,39.153,146.768,0.8128359838504527
27.8666,128.212642,37.868493,1316.9798400000002,55.702,39.116,146.767,0.8128359838504527
27.8833,128.21267,37.868456,1320.5182631999999,53.643,39.079,146.767,0.8128359838504527
27.9,128.212698,37.868418,1324.060344,51.577,39.042,146.769,0.8128359838504527
27.9166,128.212725,37.868381,1327.6063872,49.503,39.005,146.771,0.8128359838504527
27.9333,128.212753,37.868343,1331.1563928,47.422,38.968,146.774,0.8128359838504527
27.95,128.212781,37.868306,1334.7109704,45.333,38.932,146.778,0.8128359838504527
27.9666,128.212808,37.868268,1338.27012,43.238,38.895,146.784,0.8128359838504527
27.9833,128.212835,37.868231,1341.8338416,41.135,38.858,146.791,0.8128359838504527
28.0,128.212863,37.868193,1345.40244,39.025,38.821,146.798,0.8128359838504527
28.0166,128.21289,37.868156,1348.9759152000001,36.909,38.785,146.807,0.8128359838504527
28.0333,128.212917,37.868118,1352.5548767999999,34.786,38.749,146.818,0.8128359838504527
28.05,128.212944,37.868081,1356.1390199999998,32.656,38.713,146.829,0.8128359838504527
28.0666,128.21297,37.868043,1359.7289544,30.519,38.677,146.842,0.8128359838504527
28.0833,128.212997,37.868006,1363.3243752,28.376,38.642,146.856,0.8128359838504527
28.1,128.213024,37.867969,1366.9255872,26.226,38.607,146.871,0.8128359838504527
28.1166,128.21305,37.867932,1370.5325904,24.069,38.572,146.887,0.8128359838504527
28.1333,128.213077,37.867894,1374.1459944,21.917,38.571,146.922,0.8128359838504527
28.15,128.213103,37.867857,1377.7664088,19.776,38.634,146.989,0.8128359838504527
28.1666,128.21313,37.86782,1381.3950528000003,17.654,38.794,147.097,0.8128359838504527
28.1833,128.213156,37.867783,1385.0331456000001,15.553,39.082,147.251,0.8128359838504527
28.2,128.213182,37.867746,1388.6819064,13.475,39.518,147.446,0.8128359838504527
28.2166,128.213208,37.867709,1392.3428592,11.409,40.078,147.664,0.8128359838504527
28.2333,128.213234,37.867672,1396.017528,9.344,40.717,147.879,0.8128359838504527
28.25,128.21326,37.867636,1399.707132,7.266,41.388,148.072,0.8128359838504527
28.2666,128.213285,37.867599,1403.4128904,5.167,42.044,148.229,0.8128359838504527
28.2833,128.213311,37.867563,1407.1351080000002,3.038,42.639,148.342,0.8128359838504527
28.3,128.213336,37.867526,1410.8740896,0.871,43.128,148.412,0.8128359838504527
28.3166,128.213362,37.86749,1414.6289208,-1.333,43.47,148.448,0.8128359838504527
28.3333,128.213387,37.867454,1418.4014304,-3.577,43.698,148.462,0.8128359838504527
28.35,128.213412,37.867418,1422.1900944000001,-5.861,43.846,148.462,0.8128359838504527
28.3666,128.213437,37.867383,1425.994608,-8.189,43.949,148.454,0.8128359838504527
28.3833,128.213462,37.867347,1429.815276,-10.566,44.045,148.437,0.8128359838504527
28.4,128.213487,37.867312,1433.6517936000002,-13.0,44.167,148.405,0.8128359838504527
28.4166,128.213512,37.867276,1437.5041608,-15.502,44.35,148.344,0.8128359838504527
28.4333,128.213537,37.867241,1441.3723776000002,-18.081,44.615,148.238,0.8128359838504527
28.45,128.213562,37.867207,1445.2570536,-20.735,44.936,148.086,0.8128359838504527
28.4666,128.213586,37.867172,1449.1572744000002,-23.454,45.279,147.9,0.8128359838504527
28.4833,128.213611,37.867137,1453.0733448,-26.224,45.605,147.693,0.8128359838504527
28.5,128.213636,37.867103,1457.0043504000002,-29.025,45.881,147.489,0.8128359838504527
28.5166,128.213661,37.867069,1460.9499864000002,-31.855,46.106,147.291,0.8128359838504527
28.5333,128.213686,37.867035,1464.9099480000002,-34.727,46.304,147.084,0.8128359838504527
28.55,128.213711,37.867001,1468.8833208,-37.658,46.498,146.85,0.8128359838504527
28.5666,128.213736,37.866968,1472.8698000000002,-40.659,46.697,146.581,0.8128359838504527
28.5833,128.213761,37.866935,1476.8684712,-43.727,46.897,146.284,0.8128359838504527
28.6,128.213786,37.866902,1480.8787248,-46.855,47.086,145.968,0.8128359838504527
28.6166,128.213811,37.866869,1484.8999512,-50.033,47.259,145.64,0.8128359838504527
28.6333,128.213836,37.866836,1488.931236,-53.26,47.414,145.299,0.8128359838504527
28.65,128.213862,37.866804,1492.9716648,-56.539,47.552,144.94,0.8128359838504527
28.6666,128.213888,37.866771,1497.020628,-59.874,47.675,144.56,0.8128359838504527
28.6833,128.213913,37.866739,1501.0769063999999,-63.265,47.786,144.159,0.8128359838504527
28.7,128.213939,37.866707,1505.1395856000001,-66.702,47.882,143.74,0.8128359838504527
28.7166,128.213965,37.866676,1509.2074464,-70.173,47.963,143.306,0.8128359838504527
28.7333,128.213991,37.866644,1513.2777456000001,-73.271,48.064,142.824,0.8128359838504527
28.75,128.214018,37.866613,1517.3517024,-76.029,48.179,142.29,0.8128359838504527
28.7666,128.214044,37.866581,1521.4293168,-78.424,48.28,141.728,0.8128359838504527
28.7833,128.214071,37.86655,1525.5099792,-80.443,48.345,141.168,0.8128359838504527
28.8,128.214097,37.866519,1529.5924704000001,-82.107,48.375,140.622,0.8128359838504527
28.8166,128.214124,37.866489,1533.6764856000002,-83.462,48.384,140.089,0.8128359838504527
28.8333,128.214151,37.866458,1537.7608056000001,-84.556,48.386,139.562,0.8128359838504527
28.85,128.214179,37.866427,1541.8463448000002,-85.421,48.387,139.038,0.8128359838504527
28.8666,128.214206,37.866397,1545.9324936000003,-86.07,48.387,138.519,0.8128359838504527
28.8833,128.214234,37.866367,1550.0195568000001,-86.508,48.382,138.011,0.8128359838504527
28.9,128.214261,37.866336,1554.1072296,-86.744,48.37,137.517,0.8128359838504527
28.9166,128.214289,37.866306,1558.1958168,-86.791,48.353,137.04,0.8128359838504527
28.9333,128.214317,37.866276,1562.2850136,-86.666,48.334,136.577,0.8128359838504527
28.95,128.214345,37.866247,1566.3751248,-86.384,48.317,136.13,0.8128359838504527
28.9666,128.214373,37.866217,1570.4655408,-85.958,48.303,135.697,0.8128359838504527
28.9833,128.214402,37.866187,1574.557176,-85.394,48.293,135.278,0.8128359838504527
29.0,128.21443,37.866158,1578.6497256,-84.7,48.286,134.874,0.8128359838504527
29.0166,128.214459,37.866128,1582.7434944000001,-83.882,48.282,134.485,0.8128359838504527
29.0333,128.214488,37.866099,1586.8381776,-82.947,48.283,134.111,0.8128359838504527
29.05,128.214517,37.86607,1590.9343848,-81.903,48.288,133.75,0.8128359838504527
29.0666,128.214546,37.866041,1595.0318112,-80.755,48.298,133.403,0.8128359838504527
29.0833,128.214575,37.866012,1599.1310664000002,-79.509,48.315,133.068,0.8128359838504527
29.1,128.214604,37.865983,1603.2324552,-78.17,48.338,132.745,0.8128359838504527
29.1166,128.214634,37.865955,1607.3356728,-76.742,48.367,132.433,0.8128359838504527
29.1333,128.214663,37.865926,1611.4413288,-75.229,48.403,132.131,0.8128359838504527
29.15,128.214693,37.865898,1615.549728,-73.634,48.446,131.838,0.8128359838504527
29.1666,128.214723,37.86587,1619.6611752000001,-71.96,48.496,131.554,0.8128359838504527
29.1833,128.214752,37.865842,1623.7756704,-70.21,48.553,131.279,0.8128359838504527
29.2,128.214782,37.865814,1627.8938232000003,-68.387,48.618,131.012,0.8128359838504527
29.2166,128.214812,37.865786,1632.0159384,-66.492,48.691,130.753,0.8128359838504527
29.2333,128.214843,37.865758,1636.142016,-64.528,48.772,130.502,0.8128359838504527
29.25,128.214873,37.865731,1640.2726656,-62.494,48.861,130.259,0.8128359838504527
29.2666,128.214903,37.865703,1644.408192,-60.393,48.959,130.024,0.8128359838504527
29.2833,128.214934,37.865676,1648.5485952,-58.226,49.065,129.796,0.8128359838504527
29.3,128.214964,37.865649,1652.6947896000001,-55.994,49.18,129.577,0.8128359838504527
29.3166,128.214995,37.865622,1656.8461656,-53.699,49.305,129.366,0.8128359838504527
29.3333,128.215025,37.865596,1661.0039424000001,-51.341,49.439,129.163,0.8128359838504527
29.35,128.215056,37.865569,1665.1678152000002,-48.92,49.582,128.968,0.8128359838504527
29.3666,128.215087,37.865543,1669.3380888000002,-46.437,49.736,128.782,0.8128359838504527
29.3833,128.215117,37.865516,1673.5153728,-43.891,49.9,128.606,0.8128359838504527
29.4,128.215148,37.86549,1677.6996672,-41.283,50.075,128.441,0.8128359838504527
29.4166,128.215179,37.865464,1681.8912768,-38.612,50.26,128.287,0.8128359838504527
29.4333,128.21521,37.865438,1686.0905064,-35.877,50.456,128.145,0.8128359838504527
29.45,128.215241,37.865413,1690.2970512000002,-33.077,50.662,128.017,0.8128359838504527
29.4666,128.215271,37.865387,1694.5115208000002,-30.21,50.879,127.904,0.8128359838504527
29.4833,128.215302,37.865362,1698.73422,-27.276,51.105,127.808,0.8128359838504527
29.5,128.215333,37.865336,1702.9645392000002,-24.273,51.342,127.731,0.8128359838504527
29.5166,128.215364,37.865311,1707.2033928,-21.2,51.589,127.673,0.8128359838504527
29.5333,128.215394,37.865286,1711.4507808,-18.069,51.844,127.636,0.8128359838504527
29.55,128.215425,37.865261,1715.7067032,-14.887,52.109,127.62,0.8128359838504527
29.5666,128.215455,37.865236,1719.9714648000001,-11.662,52.382,127.627,0.8128359838504527
29.5833,128.215486,37.865211,1724.2450656,-8.396,52.663,127.66,0.8128359838504527
29.6,128.215516,37.865187,1728.5275056,-5.092,52.951,127.721,0.8128359838504527
29.6166,128.215547,37.865162,1732.8187848,-1.748,53.245,127.814,0.8128359838504527
29.6333,128.215577,37.865138,1737.1182936000002,1.635,53.545,127.94,0.8128359838504527
29.65,128.215607,37.865113,1741.4263368000002,5.061,53.849,128.099,0.8128359838504527
29.6666,128.215637,37.865089,1745.7426096000002,8.531,54.155,128.296,0.8128359838504527
29.6833,128.215667,37.865065,1750.067112,12.045,54.463,128.53,0.8128359838504527
29.7,128.215697,37.86504,1754.3992344,15.605,54.769,128.805,0.8128359838504527
29.7166,128.215727,37.865016,1758.7389768,19.212,55.073,129.122,0.8128359838504527
29.7333,128.215757,37.864992,1763.0863392000003,22.867,55.372,129.481,0.8128359838504527
29.75,128.215786,37.864968,1767.440712,26.572,55.664,129.884,0.8128359838504527
29.7666,128.215816,37.864944,1771.8017904,30.325,55.948,130.332,0.8128359838504527
29.7833,128.215845,37.86492,1776.1695744000003,34.127,56.221,130.823,0.8128359838504527
29.8,128.215874,37.864896,1780.5437592,37.978,56.481,131.36,0.8128359838504527
29.8166,128.215904,37.864872,1784.9237352,41.876,56.726,131.94,0.8128359838504527
29.8333,128.215933,37.864848,1789.3091976,45.82,56.953,132.563,0.8128359838504527
29.85,128.215962,37.864824,1793.7001464,49.809,57.161,133.227,0.8128359838504527
29.8666,128.21599,37.8648,1798.0959720000003,53.841,57.347,133.931,0.8128359838504527
29.8833,128.216019,37.864776,1802.4966744000003,57.911,57.51,134.672,0.8128359838504527
29.9,128.216047,37.864753,1806.9013392000002,62.018,57.647,135.446,0.8128359838504527
29.9166,128.216076,37.864729,1811.3096616000003,66.157,57.756,136.249,0.8128359838504527
29.9333,128.216104,37.864705,1815.7210320000002,69.993,57.86,137.062,0.8128359838504527
29.95,128.216132,37.864681,1820.1354504,73.548,57.957,137.885,0.8128359838504527
29.9666,128.21616,37.864657,1824.5535264000002,76.823,58.031,138.725,0.8128359838504527
29.9833,128.216188,37.864633,1828.9743456,79.818,58.067,139.582,0.8128359838504527
30.0,128.216216,37.864609,1833.3972984,82.548,58.066,140.447,0.8128359838504527
30.0166,128.216243,37.864584,1837.8217752,85.037,58.034,141.314,0.8128359838504527
30.0333,128.21627,37.86456,1842.2471664000002,87.309,57.982,142.173,0.8128359838504527
30.05,128.216297,37.864536,1846.6731672,89.382,57.916,143.018,0.8128359838504527
30.0666,128.216324,37.864512,1851.0994728,91.265,57.837,143.844,0.8128359838504527
30.0833,128.216351,37.864487,1855.5254736,92.963,57.744,144.65,0.8128359838504527
30.1,128.216378,37.864463,1859.95056,94.484,57.638,145.433,0.8128359838504527
30.1166,128.216404,37.864438,1864.3744272000001,95.838,57.518,146.194,0.8128359838504527
30.1333,128.21643,37.864413,1868.7967704,97.037,57.389,146.934,0.8128359838504527
30.15,128.216456,37.864388,1873.2169800000001,98.093,57.252,147.652,0.8128359838504527
30.1666,128.216481,37.864363,1877.635056,99.014,57.111,148.35,0.8128359838504527
30.1833,128.216507,37.864338,1882.0503888,99.807,56.966,149.026,0.8128359838504527
30.2,128.216532,37.864313,1886.4629784,100.478,56.818,149.682,0.8128359838504527
30.2166,128.216557,37.864288,1890.8728248,101.033,56.668,150.318,0.8128359838504527
30.2333,128.216581,37.864262,1895.2796232000003,101.478,56.517,150.935,0.8128359838504527
30.25,128.216606,37.864237,1899.6830688,101.819,56.366,151.534,0.8128359838504527
30.2666,128.21663,37.864211,1904.0828568000002,102.059,56.216,152.116,0.8128359838504527
30.2833,128.216654,37.864185,1908.479292,102.203,56.068,152.68,0.8128359838504527
30.3,128.216678,37.864159,1912.8723744000001,102.256,55.922,153.229,0.8128359838504527
30.3166,128.216701,37.864133,1917.2614944000002,102.22,55.78,153.763,0.8128359838504527
30.3333,128.216724,37.864107,1921.6469568,102.1,55.641,154.283,0.8128359838504527
30.35,128.216747,37.864081,1926.0287616,101.897,55.506,154.79,0.8128359838504527
30.3666,128.21677,37.864054,1930.4069088,101.616,55.375,155.285,0.8128359838504527
30.3833,128.216792,37.864028,1934.7813984,101.258,55.249,155.769,0.8128359838504527
30.4,128.216814,37.864001,1939.1522304,100.826,55.129,156.242,0.8128359838504527
30.4166,128.216836,37.863974,1943.5194048,100.321,55.013,156.706,0.8128359838504527
30.4333,128.216858,37.863947,1947.8832264000002,99.747,54.904,157.161,0.8128359838504527
30.45,128.216879,37.86392,1952.2433904,99.105,54.8,157.607,0.8128359838504527
30.4666,128.2169,37.863893,1956.6002016000002,98.397,54.701,158.046,0.8128359838504527
30.4833,128.216921,37.863866,1960.9539648,97.625,54.609,158.477,0.8128359838504527
30.5,128.216942,37.863839,1965.3043752,96.793,54.523,158.903,0.8128359838504527
30.5166,128.216962,37.863811,1969.6523472,95.901,54.443,159.322,0.8128359838504527
30.5333,128.216982,37.863784,1973.9972712000001,94.951,54.37,159.737,0.8128359838504527
30.55,128.217002,37.863756,1978.3397568,93.945,54.304,160.147,0.8128359838504527
30.5666,128.217021,37.863728,1982.6798039999999,92.884,54.245,160.552,0.8128359838504527
30.5833,128.21704,37.8637,1987.0180224,91.769,54.193,160.955,0.8128359838504527
30.6,128.217059,37.863673,1991.354412,90.601,54.148,161.353,0.8128359838504527
30.6166,128.217077,37.863645,1995.6892776000002,89.381,54.111,161.749,0.8128359838504527
30.6333,128.217095,37.863617,2000.0226192,88.109,54.082,162.142,0.8128359838504527
30.65,128.217113,37.863588,2004.3553512,86.788,54.06,162.533,0.8128359838504527
30.6666,128.217131,37.86356,2008.6871687999999,85.416,54.046,162.922,0.8128359838504527
30.6833,128.217148,37.863532,2013.0189864000001,83.994,54.041,163.308,0.8128359838504527
30.7,128.217165,37.863504,2017.350804,82.524,54.044,163.693,0.8128359838504527
30.7166,128.217182,37.863475,2021.6829264000003,81.004,54.055,164.076,0.8128359838504527
30.7333,128.217198,37.863447,2026.0156584000001,79.436,54.075,164.457,0.8128359838504527
30.75,128.217214,37.863419,2030.3496096000001,77.82,54.104,164.837,0.8128359838504527
30.7666,128.21723,37.86339,2034.6847800000003,76.155,54.143,165.215,0.8128359838504527
30.7833,128.217245,37.863362,2039.0220840000002,74.442,54.19,165.591,0.8128359838504527
30.8,128.21726,37.863334,2043.3615216,72.68,54.247,165.965,0.8128359838504527
30.8166,128.217275,37.863305,2047.7033976,70.869,54.314,166.337,0.8128359838504527
30.8333,128.21729,37.863277,2052.0483216000002,69.01,54.391,166.708,0.8128359838504527
30.85,128.217304,37.863248,2056.3965984,67.103,54.479,167.077,0.8128359838504527
30.8666,128.217318,37.86322,2060.7485328000002,65.148,54.578,167.445,0.8128359838504527
30.8833,128.217331,37.863192,2065.1047344000003,63.144,54.689,167.812,0.8128359838504527
30.9,128.217345,37.863163,2069.465508,61.091,54.81,168.175,0.8128359838504527
30.9166,128.217358,37.863135,2073.8311584000003,58.987,54.944,168.535,0.8128359838504527
30.9333,128.217371,37.863107,2078.2022952,56.833,55.09,168.891,0.8128359838504527
30.95,128.217383,37.863079,2082.5789184,54.627,55.247,169.241,0.8128359838504527
30.9666,128.217395,37.86305,2086.9616376,52.37,55.417,169.584,0.8128359838504527
30.9833,128.217407,37.863022,2091.3504528000003,50.06,55.6,169.92,0.8128359838504527
31.0,128.217419,37.862994,2095.7462784,47.695,55.795,170.248,0.8128359838504527
31.0166,128.21743,37.862967,2100.1488096000003,45.276,56.003,170.565,0.8128359838504527
31.0333,128.217442,37.862939,2104.5589608,42.801,56.223,170.871,0.8128359838504527
31.05,128.217453,37.862911,2108.976732,40.268,56.457,171.163,0.8128359838504527
31.0666,128.217464,37.862883,2113.4021232,37.677,56.703,171.442,0.8128359838504527
31.0833,128.217474,37.862856,2117.835744,35.025,56.961,171.703,0.8128359838504527
31.1,128.217485,37.862829,2122.2772896,32.313,57.232,171.947,0.8128359838504527
31.1166,128.217495,37.862801,2126.7276744,29.537,57.515,172.17,0.8128359838504527
31.1333,128.217505,37.862774,2131.1868984,27.095,57.8,172.406,0.8128359838504527
31.15,128.217515,37.862747,2135.6540472,24.966,58.087,172.652,0.8128359838504527
31.1666,128.217524,37.862721,2140.1294256,23.126,58.382,172.886,0.8128359838504527
31.1833,128.217534,37.862694,2144.612424,21.555,58.687,173.09,0.8128359838504527
31.2,128.217544,37.862667,2149.1033472,20.229,59.002,173.262,0.8128359838504527
31.2166,128.217553,37.862641,2153.6018904,19.129,59.324,173.408,0.8128359838504527
31.2333,128.217562,37.862614,2158.1077488,18.237,59.648,173.538,0.8128359838504527
31.25,128.217571,37.862588,2162.6212272000002,17.538,59.971,173.659,0.8128359838504527
31.2666,128.217581,37.862562,2167.141716,17.017,60.291,173.772,0.8128359838504527
31.2833,128.21759,37.862536,2171.66952,16.625,60.606,173.874,0.8128359838504527
31.3,128.217598,37.86251,2176.2037248,16.317,60.918,173.96,0.8128359838504527
31.3166,128.217607,37.862484,2180.74494,16.058,61.224,174.03,0.8128359838504527
31.3333,128.217616,37.862458,2185.2931656,15.828,61.524,174.089,0.8128359838504527
31.35,128.217625,37.862432,2189.8490112,15.612,61.818,174.14,0.8128359838504527
31.3666,128.217633,37.862407,2194.4118672,15.403,62.105,174.188,0.8128359838504527
31.3833,128.217642,37.862381,2198.9820384,15.199,62.386,174.233,0.8128359838504527
31.4,128.21765,37.862356,2203.5595248,14.998,62.661,174.276,0.8128359838504527
31.4166,128.217658,37.862331,2208.1443264,14.8,62.931,174.316,0.8128359838504527
31.4333,128.217667,37.862306,2212.7367480000003,14.605,63.196,174.352,0.8128359838504527
31.45,128.217675,37.862281,2217.3361800000002,14.412,63.457,174.386,0.8128359838504527
31.4666,128.217683,37.862256,2221.943232,14.222,63.714,174.417,0.8128359838504527
31.4833,128.217691,37.862232,2226.5575992000004,14.034,63.969,174.446,0.8128359838504527
31.5,128.217699,37.862207,2231.1792816,13.849,64.22,174.473,0.8128359838504527
31.5166,128.217706,37.862183,2235.8082792,13.665,64.469,174.498,0.8128359838504527
31.5333,128.217714,37.862159,2240.4445920000003,13.484,64.715,174.522,0.8128359838504527
31.55,128.217722,37.862134,2245.08822,13.305,64.959,174.545,0.8128359838504527
31.5666,128.217729,37.86211,2249.7388584,13.128,65.201,174.566,0.8128359838504527
31.5833,128.217737,37.862087,2254.396812,12.953,65.441,174.587,0.8128359838504527
31.6,128.217744,37.862063,2259.0620808000003,12.78,65.679,174.606,0.8128359838504527
31.6166,128.217751,37.862039,2263.73436,12.61,65.916,174.624,0.8128359838504527
31.6333,128.217758,37.862016,2268.4136496,12.442,66.151,174.642,0.8128359838504527
31.65,128.217766,37.861993,2273.1002544000003,12.276,66.386,174.659,0.8128359838504527
31.6666,128.217773,37.86197,2277.7935648000002,12.112,66.619,174.675,0.8128359838504527
31.6833,128.21778,37.861947,2282.4938856000003,11.951,66.851,174.69,0.8128359838504527
31.7,128.217786,37.861924,2287.2012168,11.792,67.082,174.705,0.8128359838504527
31.7166,128.217793,37.861901,2291.9155584,11.634,67.312,174.72,0.8128359838504527
31.7333,128.2178,37.861879,2296.6363008,11.479,67.542,174.734,0.8128359838504527
31.75,128.217807,37.861856,2301.3640536000003,11.326,67.77,174.747,0.8128359838504527
31.7666,128.217813,37.861834,2306.098512,11.175,67.999,174.761,0.8128359838504527
31.7833,128.21782,37.861812,2310.839676,11.026,68.226,174.773,0.8128359838504527
31.8,128.217826,37.86179,2315.5872408,10.88,68.453,174.786,0.8128359838504527
31.8166,128.217833,37.861768,2320.3415112000002,10.735,68.68,174.798,0.8128359838504527
31.8333,128.217839,37.861747,2325.1021824,10.592,68.906,174.81,0.8128359838504527
31.85,128.217845,37.861725,2329.8692544,10.451,69.132,174.822,0.8128359838504527
31.8666,128.217851,37.861704,2334.6427272,10.313,69.358,174.834,0.8128359838504527
31.8833,128.217857,37.861683,2339.4226008,10.176,69.583,174.845,0.8128359838504527
31.9,128.217863,37.861662,2344.2088752,10.041,69.808,174.857,0.8128359838504527
31.9166,128.217869,37.861641,2349.0009408,9.908,70.032,174.868,0.8128359838504527
31.9333,128.217875,37.86162,2353.7994072,9.777,70.257,174.879,0.8128359838504527
31.95,128.217881,37.861599,2358.6039696000003,9.647,70.481,174.89,0.8128359838504527
31.9666,128.217887,37.861579,2363.4143232,9.52,70.705,174.9,0.8128359838504527
31.9833,128.217892,37.861559,2368.2307728,9.394,70.929,174.911,0.8128359838504527
32.0,128.217898,37.861539,2373.0530136,9.27,71.153,174.922,0.8128359838504527
32.0166,128.217904,37.861519,2377.8813504000004,9.148,71.377,174.932,0.8128359838504527
32.0333,128.217909,37.861499,2382.7151736,9.028,71.6,174.943,0.8128359838504527
32.05,128.217914,37.861479,2387.5547880000004,8.909,71.824,174.953,0.8128359838504527
32.0666,128.21792,37.86146,2392.3998888,8.793,72.047,174.963,0.8128359838504527
32.0833,128.217925,37.861441,2397.2507808,8.677,72.271,174.974,0.8128359838504527
32.1,128.21793,37.861422,2402.1071592000003,8.564,72.494,174.984,0.8128359838504527
32.1166,128.217935,37.861403,2406.9687192,8.452,72.717,174.994,0.8128359838504527
32.1333,128.217941,37.861384,2411.8357656,8.342,72.941,175.004,0.8128359838504527
32.15,128.217946,37.861365,2416.7082984,8.233,73.164,175.015,0.8128359838504527
32.1666,128.217951,37.861347,2421.5860128000004,8.126,73.387,175.025,0.8128359838504527
32.1833,128.217956,37.861328,2426.468604,8.021,73.61,175.035,0.8128359838504527
32.2,128.21796,37.86131,2431.3566816000002,7.917,73.834,175.045,0.8128359838504527
32.2166,128.217965,37.861292,2436.249636,7.814,74.057,175.055,0.8128359838504527
32.2333,128.21797,37.861274,2441.1474672,7.713,74.281,175.066,0.8128359838504527
32.25,128.217975,37.861257,2446.0501752,7.614,74.504,175.076,0.8128359838504527
32.2666,128.217979,37.861239,2450.9577600000002,7.516,74.727,175.086,0.8128359838504527
32.2833,128.217984,37.861222,2455.8702216,7.42,74.951,175.096,0.8128359838504527
32.3,128.217988,37.861205,2460.7872552,7.325,75.175,175.107,0.8128359838504527
32.3166,128.217993,37.861187,2465.7091656000002,7.231,75.398,175.117,0.8128359838504527
32.3333,128.217997,37.861171,2470.6353432,7.139,75.622,175.128,0.8128359838504527
32.35,128.218002,37.861154,2475.5660928,7.049,75.846,175.138,0.8128359838504527
32.3666,128.218006,37.861137,2480.5014144,6.959,76.07,175.149,0.8128359838504527
32.3833,128.21801,37.861121,2485.4406984,6.872,76.293,175.16,0.8128359838504527
32.4,128.218014,37.861105,2490.3845544,6.785,76.518,175.17,0.8128359838504527
32.4166,128.218019,37.861089,2495.3326776000004,6.7,76.742,175.181,0.8128359838504527
32.4333,128.218023,37.861073,2500.2847632,6.616,76.966,175.192,0.8128359838504527
32.45,128.218027,37.861057,2505.241116,6.534,77.19,175.203,0.8128359838504527
32.4666,128.218031,37.861042,2510.2011264,6.453,77.415,175.214,0.8128359838504527
32.4833,128.218035,37.861026,2515.165404,6.373,77.639,175.226,0.8128359838504527
32.5,128.218038,37.861011,2520.1333392,6.294,77.864,175.237,0.8128359838504527
32.5166,128.218042,37.860996,2525.104932,6.217,78.088,175.248,0.8128359838504527
32.5333,128.218046,37.860981,2530.0804872000003,6.141,78.313,175.26,0.8128359838504527
32.55,128.21805,37.860967,2535.0597000000002,6.067,78.538,175.272,0.8128359838504527
32.5666,128.218054,37.860952,2540.0422656,5.993,78.763,175.284,0.8128359838504527
32.5833,128.218057,37.860938,2545.0284888,5.921,78.988,175.296,0.8128359838504527
32.6,128.218061,37.860924,2550.0180648,5.851,79.214,175.309,0.8128359838504527
32.6166,128.218064,37.86091,2555.0109936000003,5.781,79.439,175.321,0.8128359838504527
32.6333,128.218068,37.860896,2560.0072752,5.713,79.665,175.334,0.8128359838504527
32.65,128.218071,37.860882,2565.0066048000003,5.646,79.89,175.348,0.8128359838504527
32.6666,128.218075,37.860869,2570.0092872000005,5.581,80.116,175.361,0.8128359838504527
32.6833,128.218078,37.860855,2575.0147128,5.517,80.342,175.375,0.8128359838504527
32.7,128.218081,37.860842,2580.0234912,5.454,80.568,175.389,0.8128359838504527
32.7166,128.218085,37.860829,2585.0350128,5.392,80.794,175.403,0.8128359838504527
32.7333,128.218088,37.860816,2590.0492776,5.332,81.021,175.418,0.8128359838504527
32.75,128.218091,37.860804,2595.0662856,5.273,81.247,175.433,0.8128359838504527
32.7666,128.218094,37.860791,2600.0860368000003,5.216,81.474,175.449,0.8128359838504527
32.7833,128.218097,37.860779,2605.1085312,5.16,81.701,175.465,0.8128359838504527
32.8,128.2181,37.860767,2610.133464,5.106,81.928,175.482,0.8128359838504527
32.8166,128.218103,37.860755,2615.1611399999997,5.053,82.155,175.499,0.8128359838504527
32.8333,128.218106,37.860743,2620.1909496,5.001,82.382,175.517,0.8128359838504527
32.85,128.218109,37.860732,2625.2228928,4.951,82.609,175.536,0.8128359838504527
32.8666,128.218112,37.86072,2630.2572744,4.903,82.837,175.556,0.8128359838504527
32.8833,128.218115,37.860709,2635.2940943999997,4.856,83.064,175.576,0.8128359838504527
32.9,128.218118,37.860698,2640.3327432,4.812,83.292,175.597,0.8128359838504527
32.9166,128.218121,37.860687,2645.3735256000004,4.769,83.52,175.62,0.8128359838504527
32.9333,128.218123,37.860676,2650.4161368000005,4.728,83.749,175.643,0.8128359838504527
32.95,128.218126,37.860666,2655.4605768,4.689,83.977,175.668,0.8128359838504527
32.9666,128.218129,37.860655,2660.5068456000004,4.653,84.205,175.694,0.8128359838504527
32.9833,128.218131,37.860645,2665.5549432000003,4.619,84.434,175.722,0.8128359838504527
33.0,128.218134,37.860635,2670.6048696,4.588,84.663,175.752,0.8128359838504527
33.0166,128.218136,37.860625,2675.6560152,4.559,84.892,175.784,0.8128359838504527
33.0333,128.218139,37.860615,2680.7089896,4.534,85.121,175.819,0.8128359838504527
33.05,128.218141,37.860606,2685.7631831999997,4.512,85.35,175.856,0.8128359838504527
33.0666,128.218144,37.860596,2690.818596,4.495,85.58,175.897,0.8128359838504527
33.0833,128.218146,37.860587,2695.8755328,4.482,85.809,175.942,0.8128359838504527
33.1,128.218148,37.860578,2700.9336888000003,4.474,86.039,175.991,0.8128359838504527
33.1166,128.218151,37.860569,2705.9927592000004,4.472,86.269,176.045,0.8128359838504527
33.1333,128.218153,37.860561,2711.0530488000004,4.478,86.499,176.106,0.8128359838504527
33.15,128.218155,37.860552,2716.1142528000005,4.492,86.73,176.175,0.8128359838504527
33.1666,128.218157,37.860544,2721.1763712,4.516,86.96,176.253,0.8128359838504527
33.1833,128.218159,37.860536,2726.239404,4.553,87.191,176.343,0.8128359838504527
33.2,128.218162,37.860528,2731.3030464000003,4.606,87.422,176.449,0.8128359838504527
33.2166,128.218164,37.86052,2736.3672984000004,4.679,87.653,176.574,0.8128359838504527
33.2333,128.218166,37.860513,2741.4324647999997,4.779,87.884,176.726,0.8128359838504527
33.25,128.218168,37.860505,2746.497936,4.916,88.115,176.913,0.8128359838504527
33.2666,128.21817,37.860498,2751.563712,5.104,88.347,177.152,0.8128359838504527
33.2833,128.218172,37.860491,2756.6300976,5.369,88.578,177.467,0.8128359838504527
33.3,128.218174,37.860484,2761.6964832,5.756,88.81,177.903,0.8128359838504527
33.3166,128.218175,37.860477,2766.7634784000006,6.353,89.042,178.548,0.8128359838504527
33.3333,128.218177,37.860471,2771.8301688,7.36,89.274,179.602,0.8128359838504527
33.35,128.218179,37.860464,2776.8971640000004,9.355,89.506,181.644,0.8128359838504527
33.3666,128.218181,37.860458,2781.9641592000003,14.899,89.736,187.235,0.8128359838504527
33.3833,128.218183,37.860452,2787.0311544,68.002,89.94,240.383,0.8128359838504527
33.4,128.218184,37.860446,2792.0978448,168.68,89.785,341.104,0.8128359838504527
33.4166,128.218186,37.860441,2797.1642304,176.33,89.555,348.797,0.8128359838504527
33.4333,128.218187,37.860435,2802.2306160000003,178.813,89.323,351.32,0.8128359838504527
33.45,128.218189,37.86043,2807.296392,-179.921,89.089,352.623,0.8128359838504527
33.4666,128.218191,37.860425,2812.3615584,-179.127,88.855,353.454,0.8128359838504527
33.4833,128.218192,37.86042,2817.4264200000002,-178.559,88.621,354.058,0.8128359838504527
33.5,128.218194,37.860415,2822.4903672,-178.114,88.387,354.537,0.8128359838504527
33.5166,128.218195,37.86041,2827.5537048,-177.739,88.152,354.945,0.8128359838504527
33.5333,128.218197,37.860406,2832.6167376,-177.377,87.938,355.337,0.8128359838504527
33.55,128.218198,37.860402,2837.6791608,-176.978,87.767,355.764,0.8128359838504527
33.5666,128.218199,37.860398,2842.7409744,-176.49,87.659,356.278,0.8128359838504527
33.5833,128.218201,37.860394,2847.8018736000004,-175.847,87.633,356.945,0.8128359838504527
33.6,128.218202,37.86039,2852.8618584,-174.942,87.71,357.872,0.8128359838504527
33.6166,128.218203,37.860386,2857.9209288,-173.622,87.885,359.212,0.8128359838504527
33.6333,128.218205,37.860383,2862.9793896000006,-171.683,88.129,1.17,0.8128359838504527
33.65,128.218206,37.860379,2868.0372408000003,-168.77,88.415,4.101,0.8128359838504527
33.6666,128.218207,37.860376,2873.0941776000004,-164.266,88.711,8.622,0.8128359838504527
33.6833,128.218208,37.860373,2878.1502,-157.175,88.987,15.728,0.8128359838504527
33.7,128.218209,37.86037,2883.2050032,-146.327,89.21,26.591,0.8128359838504527
33.7166,128.218211,37.860367,2888.2588920000003,-132.056,89.346,40.875,0.8128359838504527
33.7333,128.218212,37.860364,2893.3118664000003,-116.565,89.403,56.378,0.8128359838504527
33.75,128.218213,37.860361,2898.3642312,-102.176,89.403,70.779,0.8128359838504527
33.7666,128.218214,37.860358,2903.4156816,-89.916,89.367,83.05,0.8128359838504527
33.7833,128.218215,37.860356,2908.4662176,-79.916,89.306,93.06,0.8128359838504527
33.8,128.218216,37.860353,2913.516144,-71.996,89.229,100.99,0.8128359838504527
33.8166,128.218217,37.860351,2918.565156,-65.847,89.142,107.146,0.8128359838504527
33.8333,128.218218,37.860348,2923.6135584,-61.114,89.05,111.886,0.8128359838504527
33.85,128.218219,37.860346,2928.6610464000005,-57.46,88.958,115.546,0.8128359838504527
33.8666,128.218221,37.860344,2933.70762,-54.603,88.866,118.406,0.8128359838504527
33.8833,128.218222,37.860342,2938.7532792,-52.33,88.776,120.681,0.8128359838504527
33.9,128.218223,37.860339,2943.7983288,-50.483,88.69,122.529,0.8128359838504527
33.9166,128.218224,37.860337,2948.8424640000003,-48.948,88.607,124.063,0.8128359838504527
33.9333,128.218225,37.860335,2953.8856848000005,-47.645,88.529,125.363,0.8128359838504527
33.95,128.218226,37.860333,2958.9279912,-46.514,88.455,126.489,0.8128359838504527
33.9666,128.218227,37.860331,2963.969688,-45.511,88.385,127.485,0.8128359838504527
33.9833,128.218228,37.86033,2969.0104704,-44.604,88.32,128.384,0.8128359838504527
34.0,128.218229,37.860328,2974.0503384,-43.766,88.259,129.211,0.8128359838504527
34.0166,128.21823,37.860326,2979.0892920000006,-42.977,88.203,129.988,0.8128359838504527
34.0333,128.218231,37.860324,2984.127636,-42.222,88.151,130.729,0.8128359838504527
34.05,128.218232,37.860323,2989.1650656,-41.487,88.103,131.449,0.8128359838504527
34.0666,128.218233,37.860321,2994.2015808,-40.762,88.06,132.157,0.8128359838504527
34.0833,128.218234,37.860319,2999.2374864000003,-40.039,88.021,132.862,0.8128359838504527
34.1,128.218235,37.860318,3004.2721728,-39.31,87.986,133.571,0.8128359838504527
34.1166,128.218236,37.860316,3009.3065544,-38.572,87.954,134.289,0.8128359838504527
34.1333,128.218237,37.860315,3014.3363640000002,-37.759,87.952,134.926,0.8128359838504527
34.15,128.218238,37.860313,3019.3652592000003,-37.218,87.996,135.144,0.8128359838504527
34.1666,128.218239,37.860312,3024.391716,-37.364,88.099,134.535,0.8128359838504527
34.1833,128.21824,37.86031,3029.4160392000003,-38.792,88.277,132.512,0.8128359838504527
34.2,128.218241,37.860309,3034.4376192000004,-42.606,88.533,127.978,0.8128359838504527
34.2166,128.218242,37.860307,3039.4567608,-51.719,88.854,118.031,0.8128359838504527
34.2333,128.218243,37.860306,3044.4737688000005,-73.403,89.162,95.402,0.8128359838504527
34.25,128.218244,37.860305,3049.488948,-113.806,89.225,53.953,0.8128359838504527
34.2666,128.218245,37.860303,3054.5026032000005,-146.075,88.884,20.542,0.8128359838504527
34.2833,128.218246,37.860302,3059.5141248,-160.773,88.331,4.614,0.8128359838504527
34.3,128.218247,37.860301,3064.5241224,-167.582,87.709,356.492,0.8128359838504527
34.3166,128.218248,37.8603,3069.5322912,-171.05,87.079,351.633,0.8128359838504527
34.3333,128.218249,37.860299,3074.5386312,-172.886,86.476,348.331,0.8128359838504527
34.35,128.21825,37.860298,3079.5428376,-173.82,85.927,345.861,0.8128359838504527
34.3666,128.21825,37.860297,3084.5446056000005,-174.202,85.46,343.877,0.8128359838504527
34.3833,128.218251,37.860296,3089.5442399999997,-174.257,85.059,342.158,0.8128359838504527
34.4,128.218252,37.860295,3094.5411312,-174.109,84.704,340.584,0.8128359838504527
34.4166,128.218253,37.860295,3099.5352792,-173.834,84.375,339.082,0.8128359838504527
34.4333,128.218253,37.860294,3104.5263792,-173.476,84.057,337.612,0.8128359838504527
34.45,128.218254,37.860294,3109.5144312,-173.058,83.745,336.153,0.8128359838504527
34.4666,128.218255,37.860293,3114.4994352000003,-172.591,83.44,334.697,0.8128359838504527
34.4833,128.218255,37.860293,3119.4813912000004,-172.087,83.143,333.236,0.8128359838504527
34.5,128.218255,37.860293,3124.4599943999997,-171.552,82.854,331.764,0.8128359838504527
34.5166,128.218256,37.860292,3129.4352448,-170.997,82.575,330.275,0.8128359838504527
34.5333,128.218256,37.860292,3134.4071424,-170.43,82.305,328.762,0.8128359838504527
34.55,128.218256,37.860292,3139.3756872000004,-169.858,82.044,327.219,0.8128359838504527
34.5666,128.218256,37.860293,3144.3408792,-169.289,81.791,325.642,0.8128359838504527
34.5833,128.218256,37.860293,3149.3021088,-168.728,81.545,324.025,0.8128359838504527
34.6,128.218256,37.860293,3154.2599856,-168.18,81.307,322.367,0.8128359838504527
34.6166,128.218256,37.860294,3159.2142048,-167.651,81.076,320.663,0.8128359838504527
34.6333,128.218256,37.860294,3164.1647664,-167.143,80.852,318.912,0.8128359838504527
34.65,128.218255,37.860294,3169.1113656,-166.66,80.634,317.111,0.8128359838504527
34.6666,128.218255,37.860295,3174.0543072,-166.205,80.422,315.26,0.8128359838504527
34.6833,128.218254,37.860296,3178.9932864,-165.778,80.216,313.357,0.8128359838504527
34.7,128.218253,37.860296,3183.9286079999997,-165.383,80.017,311.403,0.8128359838504527
34.7166,128.218252,37.860297,3188.8599672,-165.019,79.822,309.396,0.8128359838504527
34.7333,128.218251,37.860298,3193.7934600000003,-164.779,79.646,307.494,0.8128359838504527
34.75,128.21825,37.860299,3198.7229904,-164.638,79.508,305.713,0.8128359838504527
34.7666,128.218248,37.8603,3203.6506920000006,-164.585,79.428,304.054,0.8128359838504527
34.7833,128.218247,37.860301,3208.5756504,-164.6,79.424,302.528,0.8128359838504527
34.8,128.218245,37.860302,3213.4978656000003,-164.669,79.514,301.141,0.8128359838504527
34.8166,128.218243,37.860303,3218.4176423999997,-164.8,79.698,299.875,0.8128359838504527
34.8333,128.218241,37.860304,3223.3349808,-165.034,79.952,298.681,0.8128359838504527
34.85,128.218239,37.860305,3228.2495760000006,-165.405,80.253,297.517,0.8128359838504527
34.8666,128.218237,37.860307,3233.1617328,-165.942,80.578,296.337,0.8128359838504527
34.8833,128.218234,37.860308,3238.0705368000004,-166.666,80.905,295.096,0.8128359838504527
34.9,128.218232,37.860309,3242.9765976000003,-167.593,81.211,293.751,0.8128359838504527
34.9166,128.218229,37.86031,3247.8790008000005,-168.733,81.476,292.272,0.8128359838504527
34.9333,128.218226,37.860312,3252.778356,-170.063,81.697,290.666,0.8128359838504527
34.95,128.218223,37.860313,3257.6755776000005,-171.54,81.883,288.964,0.8128359838504527
34.9666,128.21822,37.860314,3262.5703608,-173.124,82.047,287.196,0.8128359838504527
34.9833,128.218216,37.860316,3267.4627056000004,-174.784,82.194,285.384,0.8128359838504527
35.0,128.218213,37.860317,3272.3529168000005,-176.498,82.328,283.546,0.8128359838504527
35.0166,128.218209,37.860319,3277.2412992,-178.245,82.449,281.699,0.8128359838504527
35.0333,128.218206,37.86032,3282.1275480000004,179.994,82.559,279.857,0.8128359838504527
35.05,128.218202,37.860321,3287.0116632,178.24,82.656,278.04,0.8128359838504527
35.0666,128.218198,37.860323,3291.8939496000003,176.512,82.742,276.263,0.8128359838504527
35.0833,128.218194,37.860324,3296.7747120000004,174.827,82.818,274.544,0.8128359838504527
35.1,128.21819,37.860326,3301.6536456000003,173.202,82.884,272.899,0.8128359838504527
35.1166,128.218186,37.860327,3306.5307504,171.652,82.943,271.342,0.8128359838504527
35.1333,128.218181,37.860329,3311.4063312,170.191,82.995,269.886,0.8128359838504527
35.15,128.218177,37.86033,3316.280388,168.831,83.042,268.543,0.8128359838504527
35.1666,128.218173,37.860331,3321.1526160000003,167.582,83.086,267.322,0.8128359838504527
35.1833,128.218168,37.860333,3326.0236248,166.451,83.127,266.23,0.8128359838504527
35.2,128.218164,37.860334,3330.8934144000004,165.451,83.166,265.279,0.8128359838504527
35.2166,128.218159,37.860336,3335.76168,164.589,83.206,264.476,0.8128359838504527
35.2333,128.218155,37.860337,3340.6284216,163.871,83.247,263.825,0.8128359838504527
35.25,128.21815,37.860338,3345.4942488000006,163.302,83.29,263.33,0.8128359838504527
35.2666,128.218145,37.86034,3350.358552,162.882,83.335,262.993,0.8128359838504527
35.2833,128.21814,37.860341,3355.2219408,162.613,83.383,262.813,0.8128359838504527
35.3,128.218136,37.860342,3360.0841104,162.492,83.434,262.789,0.8128359838504527
35.3166,128.218131,37.860344,3364.9450608,162.517,83.488,262.918,0.8128359838504527
35.3333,128.218126,37.860345,3369.8047920000004,162.684,83.545,263.196,0.8128359838504527
35.35,128.218121,37.860347,3374.6636088,162.988,83.605,263.617,0.8128359838504527
35.3666,128.218116,37.860348,3379.5215112,163.424,83.666,264.175,0.8128359838504527
35.3833,128.218111,37.860349,3384.3781943999998,163.984,83.728,264.863,0.8128359838504527
35.4,128.218106,37.860351,3389.2339632000003,164.661,83.791,265.673,0.8128359838504527
35.4166,128.218101,37.860352,3394.0888176,165.446,83.853,266.595,0.8128359838504527
35.4333,128.218095,37.860353,3398.9430624000006,166.329,83.915,267.619,0.8128359838504527
35.45,128.21809,37.860354,3403.796088,167.299,83.975,268.733,0.8128359838504527
35.4666,128.218085,37.860356,3408.6481992,168.346,84.032,269.925,0.8128359838504527
35.4833,128.21808,37.860357,3413.4997008000005,169.457,84.086,271.183,0.8128359838504527
35.5,128.218075,37.860358,3418.350288,170.619,84.137,272.492,0.8128359838504527
35.5166,128.218069,37.86036,3423.1999608,171.819,84.184,273.839,0.8128359838504527
35.5333,128.218064,37.860361,3428.049024,173.045,84.227,275.21,0.8128359838504527
35.55,128.218059,37.860362,3432.8971728,174.284,84.266,276.591,0.8128359838504527
35.5666,128.218053,37.860364,3437.744712,175.522,84.3,277.97,0.8128359838504527
35.5833,128.218048,37.860365,3442.5910320000003,176.749,84.331,279.333,0.8128359838504527
35.6,128.218043,37.860366,3447.4370472,177.952,84.357,280.669,0.8128359838504527
35.6166,128.218037,37.860368,3452.2818432000004,179.123,84.38,281.967,0.8128359838504527
35.6333,128.218032,37.860369,3457.1260296,-179.746,84.399,283.218,0.8128359838504527
35.65,128.218026,37.86037,3461.9696064,-178.665,84.416,284.414,0.8128359838504527
35.6666,128.218021,37.860372,3466.8119640000004,-177.64,84.43,285.548,0.8128359838504527
35.6833,128.218015,37.860373,3471.6537120000003,-176.675,84.441,286.614,0.8128359838504527
35.7,128.21801,37.860374,3476.4945456,-175.775,84.451,287.609,0.8128359838504527
35.7166,128.218004,37.860376,3481.3347696,-174.942,84.46,288.529,0.8128359838504527
35.7333,128.217999,37.860377,3486.1737744,-174.177,84.467,289.373,0.8128359838504527
35.75,128.217993,37.860378,3491.0118648,-173.482,84.474,290.139,0.8128359838504527
35.7666,128.217988,37.86038,3495.8493456,-172.855,84.48,290.829,0.8128359838504527
35.7833,128.217982,37.860381,3500.6856072,-172.298,84.486,291.442,0.8128359838504527
35.8,128.217977,37.860382,3505.5212592000003,-171.808,84.492,291.98,0.8128359838504527
35.8166,128.217971,37.860384,3510.3556920000005,-171.385,84.498,292.444,0.8128359838504527
35.8333,128.217965,37.860385,3515.1895152,-171.025,84.505,292.837,0.8128359838504527
35.85,128.21796,37.860386,3520.0221192000004,-170.728,84.511,293.161,0.8128359838504527
35.8666,128.217954,37.860388,3524.8538088,-170.488,84.519,293.421,0.8128359838504527
35.8833,128.217948,37.860389,3529.6842792,-170.303,84.526,293.619,0.8128359838504527
35.9,128.217943,37.860391,3534.5141399999998,-170.169,84.534,293.761,0.8128359838504527
35.9166,128.217937,37.860392,3539.3427816000003,-170.081,84.543,293.851,0.8128359838504527
35.9333,128.217931,37.860393,3544.1705088000003,-170.035,84.552,293.892,0.8128359838504527
35.95,128.217926,37.860395,3548.9970168000004,-170.028,84.561,293.891,0.8128359838504527
35.9666,128.21792,37.860396,3553.8226104,-170.054,84.57,293.852,0.8128359838504527
35.9833,128.217914,37.860398,3558.6472896000005,-170.109,84.58,293.779,0.8128359838504527
36.0,128.217908,37.860399,3563.4707496,-170.19,84.589,293.677,0.8128359838504527
36.0166,128.217903,37.860401,3568.2932952,-170.292,84.599,293.55,0.8128359838504527
36.0333,128.217897,37.860402,3573.1146215999997,-170.411,84.608,293.402,0.8128359838504527
36.05,128.217891,37.860404,3577.9350336,-170.544,84.617,293.239,0.8128359838504527
36.0666,128.217885,37.860405,3582.7545312,-170.688,84.626,293.062,0.8128359838504527
36.0833,128.217879,37.860406,3587.5728096000003,-170.84,84.635,292.876,0.8128359838504527
36.1,128.217874,37.860408,3592.3898688000004,-170.996,84.643,292.683,0.8128359838504527
36.1166,128.217868,37.860409,3597.2060136,-171.155,84.651,292.487,0.8128359838504527
36.1333,128.217862,37.860411,3602.0209392,-171.314,84.659,292.29,0.8128359838504527
36.15,128.217856,37.860412,3606.8349504000003,-171.472,84.666,292.094,0.8128359838504527
36.1666,128.21785,37.860414,3611.6480472,-171.627,84.673,291.902,0.8128359838504527
36.1833,128.217844,37.860415,3616.4599248,-171.777,84.679,291.713,0.8128359838504527
36.2,128.217838,37.860417,3621.2705832,-171.922,84.685,291.531,0.8128359838504527
36.2166,128.217832,37.860418,3626.0803272000003,-172.061,84.691,291.355,0.8128359838504527
36.2333,128.217827,37.86042,3630.8891568000004,-172.193,84.696,291.187,0.8128359838504527
36.25,128.217821,37.860421,3635.6967672,-172.318,84.701,291.027,0.8128359838504527
36.2666,128.217815,37.860423,3640.5034632,-172.436,84.705,290.876,0.8128359838504527
36.2833,128.217809,37.860424,3645.30894,-172.546,84.709,290.734,0.8128359838504527
36.3,128.217803,37.860426,3650.1135024,-172.648,84.713,290.6,0.8128359838504527
36.3166,128.217797,37.860427,3654.9168456,-172.743,84.716,290.475,0.8128359838504527
36.3333,128.217791,37.860429,3659.7192744,-172.831,84.719,290.359,0.8128359838504527
36.35,128.217785,37.86043,3664.5207888000004,-172.912,84.722,290.251,0.8128359838504527
36.3666,128.217779,37.860432,3669.321084,-172.987,84.725,290.151,0.8128359838504527
36.3833,128.217773,37.860433,3674.1204648,-173.055,84.727,290.059,0.8128359838504527
36.4,128.217767,37.860435,3678.9189312,-173.118,84.729,289.974,0.8128359838504527
36.4166,128.217761,37.860436,3683.7161784000004,-173.175,84.731,289.895,0.8128359838504527
36.4333,128.217755,37.860438,3688.5125112,-173.227,84.732,289.824,0.8128359838504527
36.45,128.217749,37.860439,3693.3079296,-173.274,84.733,289.758,0.8128359838504527
36.4666,128.217743,37.860441,3698.1024336,-173.317,84.735,289.697,0.8128359838504527
36.4833,128.217737,37.860442,3702.8957184,-173.357,84.736,289.642,0.8128359838504527
36.5,128.217731,37.860444,3707.6880888,-173.392,84.736,289.591,0.8128359838504527
36.5166,128.217725,37.860445,3712.47924,-173.425,84.737,289.545,0.8128359838504527
36.5333,128.217719,37.860447,3717.2697816,-173.454,84.738,289.503,0.8128359838504527
36.55,128.217713,37.860448,3722.059104,-173.481,84.738,289.464,0.8128359838504527
36.5666,128.217707,37.86045,3726.8475120000003,-173.506,84.738,289.429,0.8128359838504527
36.5833,128.217701,37.860451,3731.6350056000006,-173.528,84.738,289.396,0.8128359838504527
36.6,128.217694,37.860453,3736.4212800000005,-173.548,84.738,289.366,0.8128359838504527
36.6166,128.217688,37.860454,3741.2069448,-173.567,84.738,289.339,0.8128359838504527
36.6333,128.217682,37.860456,3745.9913904,-173.584,84.738,289.314,0.8128359838504527
36.65,128.217676,37.860457,3750.7749215999997,-173.6,84.738,289.29,0.8128359838504527
36.6666,128.21767,37.860459,3755.5575384000003,-173.615,84.738,289.269,0.8128359838504527
36.6833,128.217664,37.860461,3760.338936,-173.628,84.737,289.249,0.8128359838504527
36.7,128.217658,37.860462,3765.119724,-173.64,84.737,289.231,0.8128359838504527
36.7166,128.217652,37.860464,3769.8992928000002,-173.652,84.736,289.214,0.8128359838504527
36.7333,128.217646,37.860465,3774.6779472,-173.662,84.736,289.198,0.8128359838504527
36.75,128.21764,37.860467,3779.4556872000003,-173.672,84.735,289.184,0.8128359838504527
36.7666,128.217634,37.860468,3784.2325127999998,-173.682,84.735,289.17,0.8128359838504527
36.7833,128.217628,37.86047,3789.008424,-173.69,84.734,289.158,0.8128359838504527
36.8,128.217621,37.860471,3793.783116,-173.698,84.733,289.146,0.8128359838504527
36.8166,128.217615,37.860473,3798.5571984000003,-173.706,84.732,289.135,0.8128359838504527
36.8333,128.217609,37.860474,3803.3300616,-173.713,84.731,289.125,0.8128359838504527
36.85,128.217603,37.860476,3808.1020104,-173.72,84.731,289.115,0.8128359838504527
36.8666,128.217597,37.860477,3812.8730448,-173.726,84.73,289.106,0.8128359838504527
36.8833,128.217591,37.860479,3817.6431648,-173.732,84.729,289.098,0.8128359838504527
36.9,128.217585,37.86048,3822.4123704000003,-173.737,84.728,289.09,0.8128359838504527
36.9166,128.217579,37.860482,3827.1806616000003,-173.743,84.727,289.082,0.8128359838504527
36.9333,128.217573,37.860483,3831.9477336,-173.748,84.726,289.075,0.8128359838504527
36.95,128.217566,37.860485,3836.7141960000004,-173.752,84.725,289.068,0.8128359838504527
36.9666,128.21756,37.860487,3841.4794392000003,-173.757,84.724,289.062,0.8128359838504527
36.9833,128.217554,37.860488,3846.2437680000003,-173.761,84.723,289.056,0.8128359838504527
37.0,128.217548,37.86049,3851.0071824,-173.765,84.722,289.051,0.8128359838504527
37.0166,128.217542,37.860491,3855.7696824000004,-173.769,84.721,289.046,0.8128359838504527
37.0333,128.217536,37.860493,3860.531268,-173.773,84.72,289.041,0.8128359838504527
37.05,128.21753,37.860494,3865.2916344000005,-173.776,84.719,289.036,0.8128359838504527
37.0666,128.217524,37.860496,3870.0513912,-173.779,84.718,289.032,0.8128359838504527
37.0833,128.217517,37.860497,3874.8102336,-173.782,84.717,289.028,0.8128359838504527
37.1,128.217511,37.860499,3879.5678568000003,-173.785,84.715,289.024,0.8128359838504527
37.1166,128.217505,37.8605,3884.3245656,-173.788,84.714,289.02,0.8128359838504527
37.1333,128.217499,37.860502,3889.0809696,-173.812,84.698,288.866,0.8128359838504527
37.15,128.217493,37.860503,3893.8364592000003,-173.874,84.651,288.549,0.8128359838504527
37.1666,128.217487,37.860505,3898.5913392,-173.957,84.557,288.091,0.8128359838504527
37.1833,128.217481,37.860507,3903.3459144000003,-174.048,84.4,287.506,0.8128359838504527
37.2,128.217475,37.860508,3908.1001848000005,-174.112,84.185,286.836,0.8128359838504527
37.2166,128.217469,37.86051,3912.8550648,-174.107,83.929,286.127,0.8128359838504527
37.2333,128.217462,37.860511,3917.6105544,-174.004,83.65,285.414,0.8128359838504527
37.25,128.217456,37.860513,3922.3666536,-173.787,83.363,284.719,0.8128359838504527
37.2666,128.21745,37.860514,3927.1236672,-173.455,83.076,284.05,0.8128359838504527
37.2833,128.217445,37.860516,3931.8812904,-173.013,82.79,283.406,0.8128359838504527
37.3,128.217439,37.860517,3936.6395232000004,-172.47,82.507,282.785,0.8128359838504527
37.3166,128.217433,37.860519,3941.3983656,-171.83,82.23,282.186,0.8128359838504527
37.3333,128.217427,37.86052,3946.1575128,-171.101,81.96,281.606,0.8128359838504527
37.35,128.217421,37.860522,3950.9169647999997,-170.289,81.698,281.043,0.8128359838504527
37.3666,128.217415,37.860523,3955.6767216,-169.4,81.445,280.494,0.8128359838504527
37.3833,128.217409,37.860525,3960.4364784000004,-168.44,81.202,279.956,0.8128359838504527
37.4,128.217403,37.860526,3965.19654,-167.415,80.967,279.425,0.8128359838504527
37.4166,128.217397,37.860528,3969.9566016,-166.332,80.742,278.9,0.8128359838504527
37.4333,128.217391,37.860529,3974.7166632000003,-165.194,80.524,278.376,0.8128359838504527
37.45,128.217384,37.860531,3979.4767248000003,-164.008,80.316,277.852,0.8128359838504527
37.4666,128.217378,37.860532,3984.2364816,-162.778,80.116,277.324,0.8128359838504527
37.4833,128.217372,37.860534,3988.9959336,-161.506,79.924,276.791,0.8128359838504527
37.5,128.217366,37.860535,3993.7553856,-160.198,79.739,276.251,0.8128359838504527
37.5166,128.21736,37.860537,3998.5145328000003,-158.855,79.563,275.702,0.8128359838504527
37.5333,128.217353,37.860538,4003.2733752000004,-157.481,79.395,275.142,0.8128359838504527
37.55,128.217347,37.86054,4008.031608,-156.079,79.234,274.569,0.8128359838504527
37.5666,128.217341,37.860541,4012.789536,-154.649,79.082,273.984,0.8128359838504527
37.5833,128.217334,37.860543,4017.5471592000004,-153.194,78.937,273.385,0.8128359838504527
37.6,128.217328,37.860544,4022.3041728000003,-151.716,78.799,272.771,0.8128359838504527
37.6166,128.217321,37.860546,4027.0608816000004,-150.215,78.669,272.142,0.8128359838504527
37.6333,128.217315,37.860547,4031.8169808,-148.691,78.547,271.497,0.8128359838504527
37.65,128.217308,37.860548,4036.5724704000004,-147.146,78.432,270.837,0.8128359838504527
37.6666,128.217301,37.86055,4041.3276552,-145.58,78.325,270.162,0.8128359838504527
37.6833,128.217295,37.860551,4046.0822304000003,-143.991,78.225,269.472,0.8128359838504527
37.7,128.217288,37.860552,4050.836196,-142.381,78.133,268.767,0.8128359838504527
37.7166,128.217281,37.860554,4055.589552,-140.749,78.048,268.048,0.8128359838504527
37.7333,128.217274,37.860555,4060.3386408,-139.146,77.958,267.262,0.8128359838504527
37.75,128.217267,37.860556,4065.0868152,-137.623,77.849,266.358,0.8128359838504527
37.7666,128.21726,37.860557,4069.8322464000003,-136.228,77.71,265.286,0.8128359838504527
37.7833,128.217253,37.860559,4074.5746296,-134.997,77.533,264.01,0.8128359838504527
37.8,128.217246,37.86056,4079.315184,-133.878,77.327,262.581,0.8128359838504527
37.8166,128.217239,37.860561,4084.0529952,-132.808,77.104,261.067,0.8128359838504527
37.8333,128.217231,37.860562,4088.788368,-131.728,76.879,259.529,0.8128359838504527
37.85,128.217224,37.860563,4093.5209976,-130.605,76.66,258.004,0.8128359838504527
37.8666,128.217217,37.860564,4098.250884,-129.426,76.453,256.506,0.8128359838504527
37.8833,128.217209,37.860564,4102.978332000001,-128.194,76.258,255.035,0.8128359838504527
37.9,128.217202,37.860565,4107.7024272,-126.913,76.078,253.588,0.8128359838504527
37.9166,128.217195,37.860566,4112.424084,-125.589,75.912,252.16,0.8128359838504527
37.9333,128.217187,37.860567,4117.142388,-124.229,75.762,250.744,0.8128359838504527
37.95,128.217179,37.860567,4121.857644000001,-122.837,75.626,249.336,0.8128359838504527
37.9666,128.217172,37.860568,4126.5698520000005,-121.416,75.505,247.934,0.8128359838504527
37.9833,128.217164,37.860568,4131.279012,-119.97,75.399,246.532,0.8128359838504527
38.0,128.217157,37.860568,4135.985124,-118.5,75.308,245.128,0.8128359838504527
38.0166,128.217149,37.860569,4140.688188,-117.009,75.23,243.721,0.8128359838504527
38.0333,128.217141,37.860569,4145.3878992,-115.496,75.167,242.308,0.8128359838504527
38.05,128.217134,37.860569,4150.0845624,-113.964,75.118,240.887,0.8128359838504527
38.0666,128.217126,37.860569,4154.7781776,-112.413,75.083,239.457,0.8128359838504527
38.0833,128.217118,37.860569,4159.4690496,-110.843,75.063,238.015,0.8128359838504527
38.1,128.21711,37.860569,4164.156873600001,-109.255,75.058,236.561,0.8128359838504527
38.1166,128.217103,37.860569,4168.8419544,-107.649,75.067,235.093,0.8128359838504527
38.1333,128.217095,37.860568,4173.5239872,-106.026,75.091,233.61,0.8128359838504527
38.15,128.217087,37.860568,4178.2035816,-104.389,75.131,232.11,0.8128359838504527
38.1666,128.21708,37.860568,4182.880128000001,-102.744,75.188,230.591,0.8128359838504527
38.1833,128.217072,37.860567,4187.5539312,-101.097,75.261,229.051,0.8128359838504527
38.2,128.217064,37.860567,4192.2252960000005,-99.453,75.353,227.488,0.8128359838504527
38.2166,128.217057,37.860566,4196.8939176,-97.814,75.463,225.902,0.8128359838504527
38.2333,128.217049,37.860565,4201.5597960000005,-96.184,75.593,224.29,0.8128359838504527
38.25,128.217042,37.860565,4206.223236,-94.567,75.742,222.651,0.8128359838504527
38.2666,128.217034,37.860564,4210.8845424,-92.965,75.911,220.985,0.8128359838504527
38.2833,128.217027,37.860563,4215.543105600001,-91.379,76.101,219.289,0.8128359838504527
38.3,128.217019,37.860562,4220.1995352,-89.812,76.312,217.564,0.8128359838504527
38.3166,128.217012,37.860561,4224.8535264,-88.266,76.543,215.808,0.8128359838504527
38.3333,128.217005,37.86056,4229.505384,-86.742,76.794,214.02,0.8128359838504527
38.35,128.216997,37.860558,4234.1548032,-85.243,77.066,212.2,0.8128359838504527
38.3666,128.21699,37.860557,4238.8023936,-83.769,77.358,210.346,0.8128359838504527
38.3833,128.216983,37.860556,4243.448155200001,-82.322,77.669,208.458,0.8128359838504527
38.4,128.216976,37.860555,4248.091478400001,-80.906,77.998,206.534,0.8128359838504527
38.4166,128.216969,37.860553,4252.7329728,-79.522,78.346,204.572,0.8128359838504527
38.4333,128.216962,37.860552,4257.3726384,-78.174,78.71,202.57,0.8128359838504527
38.45,128.216955,37.860551,4262.010475200001,-76.864,79.091,200.525,0.8128359838504527
38.4666,128.216949,37.860549,4266.6461784,-75.598,79.486,198.434,0.8128359838504527
38.4833,128.216942,37.860548,4271.280357600001,-74.379,79.894,196.293,0.8128359838504527
38.5,128.216935,37.860546,4275.912403200001,-73.216,80.315,194.095,0.8128359838504527
38.5166,128.216929,37.860545,4280.54262,-72.116,80.747,191.833,0.8128359838504527
38.5333,128.216922,37.860543,4285.1713128,-71.087,81.189,189.498,0.8128359838504527
38.55,128.216916,37.860542,4289.797872,-70.144,81.639,187.078,0.8128359838504527
38.5666,128.21691,37.86054,4294.422907200001,-69.3,82.095,184.559,0.8128359838504527
38.5833,128.216903,37.860539,4299.0461136,-68.574,82.557,181.923,0.8128359838504527
38.6,128.216897,37.860537,4303.667796000001,-67.99,83.023,179.146,0.8128359838504527
38.6166,128.216891,37.860536,4308.2876496,-67.579,83.49,176.197,0.8128359838504527
38.6333,128.216885,37.860534,4312.9056744,-67.38,83.958,173.038,0.8128359838504527
38.65,128.216879,37.860533,4317.5218704,-67.445,84.423,169.617,0.8128359838504527
38.6666,128.216874,37.860531,4322.1365424,-67.843,84.885,165.866,0.8128359838504527
38.6833,128.216868,37.86053,4326.7493856,-68.659,85.341,161.702,0.8128359838504527
38.7,128.216862,37.860528,4331.3604000000005,-70.013,85.791,157.009,0.8128359838504527
38.7166,128.216857,37.860527,4335.9698904,-72.077,86.231,151.618,0.8128359838504527
38.7333,128.216851,37.860525,4340.577552,-75.099,86.659,145.283,0.8128359838504527
38.75,128.216846,37.860524,4345.183384800001,-79.439,87.066,137.646,0.8128359838504527
38.7666,128.21684,37.860523,4349.7873888,-85.603,87.44,128.201,0.8128359838504527
38.7833,128.216835,37.860521,4354.389564,-94.223,87.762,116.317,0.8128359838504527
38.8,128.21683,37.86052,4358.9902152,-105.808,88.001,101.484,0.8128359838504527
38.8166,128.216824,37.860519,4363.5890376,-120.06,88.119,83.998,0.8128359838504527
38.8333,128.216819,37.860518,4368.1860312,-135.23,88.09,65.608,0.8128359838504527
38.85,128.216814,37.860517,4372.781196,-148.907,87.914,48.723,0.8128359838504527
38.8666,128.216809,37.860516,4377.374532,-159.733,87.622,34.701,0.8128359838504527
38.8833,128.216804,37.860515,4381.9660392000005,-167.718,87.248,23.532,0.8128359838504527
38.9,128.216799,37.860514,4386.5554128,-173.449,86.819,14.627,0.8128359838504527
38.9166,128.216794,37.860513,4391.1429576,-177.54,86.355,7.374,0.8128359838504527
38.9333,128.216789,37.860512,4395.728673600001,179.539,85.866,1.301,0.8128359838504527
38.95,128.216784,37.860511,4400.312256,177.459,85.361,356.079,0.8128359838504527
38.9666,128.216779,37.86051,4404.893704800001,175.99,84.845,351.477,0.8128359838504527
38.9833,128.216774,37.86051,4409.47302,174.976,84.321,347.341,0.8128359838504527
39.0,128.216769,37.860509,4414.0498968,174.307,83.793,343.559,0.8128359838504527
39.0166,128.216764,37.860509,4418.62464,173.907,83.263,340.055,0.8128359838504527
39.0333,128.216759,37.860508,4423.1969448,173.717,82.733,336.769,0.8128359838504527
39.05,128.216755,37.860508,4427.7668112,173.696,82.203,333.661,0.8128359838504527
39.0666,128.21675,37.860507,4432.3342392,173.815,81.676,330.699,0.8128359838504527
39.0833,128.216745,37.860507,4436.898924,174.05,81.153,327.859,0.8128359838504527
39.1,128.21674,37.860507,4441.4611704,174.385,80.634,325.125,0.8128359838504527
39.1166,128.216735,37.860507,4446.0203688,174.807,80.122,322.483,0.8128359838504527
39.1333,128.21673,37.860507,4450.576824,175.307,79.616,319.922,0.8128359838504527
39.15,128.216725,37.860507,4455.1299264,175.88,79.118,317.436,0.8128359838504527
39.1666,128.21672,37.860507,4459.6802856,176.52,78.63,315.018,0.8128359838504527
39.1833,128.216714,37.860507,4464.2272920000005,177.225,78.151,312.665,0.8128359838504527
39.2,128.216709,37.860507,4468.7712504,177.993,77.683,310.374,0.8128359838504527
39.2166,128.216704,37.860507,4473.3115512,178.823,77.226,308.142,0.8128359838504527
39.2333,128.216699,37.860507,4477.8484992,179.716,76.782,305.97,0.8128359838504527
39.25,128.216693,37.860508,4482.3817896,-179.328,76.35,303.855,0.8128359838504527
39.2666,128.216688,37.860508,4486.9114224,-178.308,75.933,301.798,0.8128359838504527
39.2833,128.216682,37.860508,4491.4370928,-177.225,75.529,299.798,0.8128359838504527
39.3,128.216676,37.860509,4495.959105600001,-176.077,75.14,297.856,0.8128359838504527
39.3166,128.21667,37.860509,4500.4768512,-174.863,74.766,295.971,0.8128359838504527
39.3333,128.216665,37.86051,4504.9906344,-173.583,74.408,294.143,0.8128359838504527
39.35,128.216659,37.86051,4509.5001504,-172.238,74.064,292.372,0.8128359838504527
39.3666,128.216653,37.860511,4514.005704,-170.818,73.735,290.663,0.8128359838504527
39.3833,128.216646,37.860512,4518.5066856,-169.316,73.422,289.022,0.8128359838504527
39.4,128.21664,37.860512,4523.0030952,-167.74,73.122,287.443,0.8128359838504527
39.4166,128.216634,37.860513,4527.4952376,-166.097,72.838,285.921,0.8128359838504527
39.4333,128.216627,37.860513,4531.982808,-164.396,72.567,284.45,0.8128359838504527
39.45,128.21662,37.860514,4536.4658064000005,-162.643,72.31,283.026,0.8128359838504527
39.4666,128.216614,37.860515,4540.9442328000005,-160.844,72.067,281.644,0.8128359838504527
39.4833,128.216607,37.860515,4545.417782400001,-159.006,71.837,280.299,0.8128359838504527
39.5,128.2166,37.860516,4549.88676,-157.134,71.619,278.985,0.8128359838504527
39.5166,128.216592,37.860516,4554.3511656,-155.235,71.413,277.698,0.8128359838504527
39.5333,128.216585,37.860517,4558.8100848,-153.421,71.209,276.491,0.8128359838504527
39.55,128.216578,37.860518,4563.2638224,-151.692,71.007,275.359,0.8128359838504527
39.5666,128.21657,37.860518,4567.711768800001,-150.048,70.806,274.297,0.8128359838504527
39.5833,128.216563,37.860518,4572.153924,-148.49,70.605,273.297,0.8128359838504527
39.6,128.216555,37.860519,4576.5899832000005,-147.018,70.405,272.353,0.8128359838504527
39.6166,128.216547,37.860519,4581.019641600001,-145.634,70.203,271.458,0.8128359838504527
39.6333,128.216539,37.860519,4585.4428992,-144.339,69.999,270.607,0.8128359838504527
39.65,128.216531,37.86052,4589.8591464,-143.132,69.792,269.793,0.8128359838504527
39.6666,128.216522,37.86052,4594.2683832,-142.014,69.582,269.01,0.8128359838504527
39.6833,128.216514,37.86052,4598.670609600001,-140.991,69.37,268.252,0.8128359838504527
39.7,128.216505,37.86052,4603.065216,-140.07,69.157,267.507,0.8128359838504527
39.7166,128.216496,37.86052,4607.452202400001,-139.256,68.943,266.769,0.8128359838504527
39.7333,128.216487,37.860519,4611.831264,-138.551,68.729,266.033,0.8128359838504527
39.75,128.216478,37.860519,4616.202096,-137.955,68.516,265.295,0.8128359838504527
39.7666,128.216469,37.860519,4620.5646984,-137.468,68.305,264.552,0.8128359838504527
39.7833,128.216459,37.860518,4624.9187664,-137.087,68.095,263.803,0.8128359838504527
39.8,128.21645,37.860517,4629.2636904,-136.807,67.885,263.049,0.8128359838504527
39.8166,128.21644,37.860516,4633.600689600001,-136.621,67.677,262.289,0.8128359838504527
39.8333,128.21643,37.860516,4637.9288496,-136.524,67.469,261.526,0.8128359838504527
39.85,128.21642,37.860515,4642.24878,-136.502,67.262,260.758,0.8128359838504527
39.8666,128.21641,37.860513,4646.5607856,-136.546,67.056,259.987,0.8128359838504527
39.8833,128.2164,37.860512,4650.8645616,-136.643,66.85,259.212,0.8128359838504527
39.9,128.216389,37.860511,4655.1607176,-136.785,66.646,258.435,0.8128359838504527
39.9166,128.216379,37.860509,4659.448644,-136.962,66.442,257.659,0.8128359838504527
39.9333,128.216368,37.860508,4663.7286456,-137.166,66.239,256.884,0.8128359838504527
39.95,128.216357,37.860506,4668.0010272,-137.39,66.035,256.113,0.8128359838504527
39.9666,128.216347,37.860504,4672.2654840000005,-137.629,65.831,255.347,0.8128359838504527
39.9833,128.216336,37.860502,4676.522320800001,-137.877,65.628,254.588,0.8128359838504527
40.0,128.216324,37.8605,4680.770928000001,-138.132,65.423,253.836,0.8128359838504527
40.0166,128.216313,37.860498,4685.0116104,-138.393,65.219,253.093,0.8128359838504527
40.0333,128.216302,37.860496,4689.2446728,-138.656,65.014,252.358,0.8128359838504527
40.05,128.216291,37.860493,4693.4695056,-138.921,64.809,251.631,0.8128359838504527
40.0666,128.216279,37.860491,4697.6864136,-139.187,64.603,250.913,0.8128359838504527
40.0833,128.216268,37.860488,4701.8953968,-139.452,64.397,250.205,0.8128359838504527
40.1,128.216256,37.860486,4706.096150400001,-139.716,64.191,249.505,0.8128359838504527
40.1166,128.216244,37.860483,4710.2889792000005,-139.978,63.984,248.816,0.8128359838504527
40.1333,128.216232,37.86048,4714.4799792,-140.219,63.788,248.157,0.8128359838504527
40.15,128.21622,37.860477,4718.66214,-140.422,63.612,247.547,0.8128359838504527
40.1666,128.216208,37.860473,4722.839119200001,-140.571,63.468,247.002,0.8128359838504527
40.1833,128.216196,37.86047,4727.0096976,-140.653,63.364,246.539,0.8128359838504527
40.2,128.216184,37.860467,4731.17418,-140.655,63.31,246.17,0.8128359838504527
40.2166,128.216172,37.860463,4735.3325664,-140.572,63.309,245.903,0.8128359838504527
40.2333,128.216159,37.86046,4739.4857712,-140.414,63.355,245.722,0.8128359838504527
40.25,128.216147,37.860456,4743.6331848,-140.198,63.435,245.608,0.8128359838504527
40.2666,128.216134,37.860452,4747.775112,-139.943,63.538,245.542,0.8128359838504527
40.2833,128.216121,37.860448,4751.9118576,-139.664,63.653,245.502,0.8128359838504527
40.3,128.216109,37.860444,4756.0434216,-139.376,63.771,245.472,0.8128359838504527
40.3166,128.216096,37.86044,4760.1701088,-139.084,63.887,245.445,0.8128359838504527
40.3333,128.216083,37.860436,4764.2916144,-138.791,64.002,245.42,0.8128359838504527
40.35,128.21607,37.860432,4768.408548,-138.495,64.114,245.396,0.8128359838504527
40.3666,128.216057,37.860427,4772.520909600001,-138.198,64.223,245.372,0.8128359838504527
40.3833,128.216044,37.860423,4776.6283944,-137.899,64.33,245.348,0.8128359838504527
40.4,128.216031,37.860418,4780.731307200001,-137.599,64.433,245.325,0.8128359838504527
40.4166,128.216018,37.860413,4784.830257600001,-137.297,64.534,245.302,0.8128359838504527
40.4333,128.216004,37.860409,4788.9243312,-136.994,64.632,245.279,0.8128359838504527
40.45,128.215991,37.860404,4793.0147472,-136.689,64.727,245.256,0.8128359838504527
40.4666,128.215978,37.860399,4797.1005912,-136.384,64.82,245.234,0.8128359838504527
40.4833,128.215964,37.860394,4801.1824728,-136.077,64.91,245.212,0.8128359838504527
40.5,128.215951,37.860389,4805.260392,-135.77,64.997,245.191,0.8128359838504527
40.5166,128.215937,37.860384,4809.3346536,-135.462,65.082,245.17,0.8128359838504527
40.5333,128.215924,37.860379,4813.4049528000005,-135.153,65.165,245.149,0.8128359838504527
40.55,128.21591,37.860374,4817.4715944,-134.844,65.246,245.128,0.8128359838504527
40.5666,128.215896,37.860368,4821.5342736,-134.535,65.325,245.109,0.8128359838504527
40.5833,128.215882,37.860363,4825.5936,-134.224,65.401,245.09,0.8128359838504527
40.6,128.215869,37.860357,4829.649268800001,-133.913,65.476,245.073,0.8128359838504527
40.6166,128.215855,37.860352,4833.7015848,-133.602,65.549,245.056,0.8128359838504527
40.6333,128.215841,37.860346,4837.7502432,-133.29,65.62,245.04,0.8128359838504527
40.65,128.215827,37.860341,4841.795548800001,-132.978,65.69,245.026,0.8128359838504527
40.6666,128.215813,37.860335,4845.8375016,-132.666,65.758,245.012,0.8128359838504527
40.6833,128.215799,37.860329,4849.8761016,-132.353,65.825,244.999,0.8128359838504527
40.7,128.215785,37.860323,4853.9116536,-132.041,65.89,244.987,0.8128359838504527
40.7166,128.215771,37.860318,4857.9438528,-131.729,65.953,244.976,0.8128359838504527
40.7333,128.215757,37.860312,4861.973004,-131.417,66.016,244.966,0.8128359838504527
40.75,128.215743,37.860306,4865.9991072,-131.106,66.076,244.957,0.8128359838504527
40.7666,128.215729,37.8603,4870.0221624000005,-130.796,66.136,244.949,0.8128359838504527
40.7833,128.215715,37.860294,4874.0421696,-130.486,66.194,244.942,0.8128359838504527
40.8,128.2157,37.860288,4878.0594336,-130.177,66.251,244.935,0.8128359838504527
40.8166,128.215686,37.860281,4882.0736496,-129.869,66.307,244.93,0.8128359838504527
40.8333,128.215672,37.860275,4886.0851224,-129.562,66.361,244.925,0.8128359838504527
40.85,128.215657,37.860269,4890.0935472,-129.257,66.414,244.921,0.8128359838504527
40.8666,128.215643,37.860263,4894.0995336000005,-128.953,66.466,244.918,0.8128359838504527
40.8833,128.215629,37.860256,4898.1027768,-128.65,66.517,244.915,0.8128359838504527
40.9,128.215614,37.86025,4902.1032768000005,-128.349,66.567,244.913,0.8128359838504527
40.9166,128.2156,37.860244,4906.1013384,-128.05,66.616,244.912,0.8128359838504527
40.9333,128.215586,37.860237,4910.0969616,-127.752,66.663,244.912,0.8128359838504527
40.95,128.215571,37.860231,4914.0898416,-127.457,66.71,244.912,0.8128359838504527
40.9666,128.215557,37.860224,4918.0802832,-127.163,66.755,244.913,0.8128359838504527
40.9833,128.215542,37.860218,4922.0682864,-126.872,66.8,244.915,0.8128359838504527
41.0,128.215527,37.860211,4926.054156,-126.582,66.844,244.917,0.8128359838504527
41.0166,128.215513,37.860204,4930.037282400001,-126.295,66.886,244.92,0.8128359838504527
41.0333,128.215498,37.860198,4934.01858,-126.011,66.928,244.923,0.8128359838504527
41.05,128.215484,37.860191,4937.9974392,-125.729,66.969,244.927,0.8128359838504527
41.0666,128.215469,37.860184,4941.97386,-125.449,67.009,244.931,0.8128359838504527
41.0833,128.215454,37.860178,4945.9484520000005,-125.172,67.048,244.936,0.8128359838504527
41.1,128.21544,37.860171,4949.9206056,-124.897,67.086,244.942,0.8128359838504527
41.1166,128.215425,37.860164,4953.890930400001,-124.626,67.123,244.948,0.8128359838504527
41.1333,128.21541,37.860157,4957.858816800001,-124.356,67.16,244.955,0.8128359838504527
41.15,128.215396,37.86015,4961.8248744,-124.09,67.196,244.962,0.8128359838504527
41.1666,128.215381,37.860144,4965.789103200001,-123.825,67.231,244.97,0.8128359838504527
41.1833,128.215366,37.860137,4969.7511984,-123.564,67.266,244.979,0.8128359838504527
41.2,128.215351,37.86013,4973.711160000001,-123.305,67.3,244.989,0.8128359838504527
41.2166,128.215337,37.860123,4977.6692928,-123.048,67.334,244.999,0.8128359838504527
41.2333,128.215322,37.860116,4981.625292000001,-122.793,67.367,245.011,0.8128359838504527
41.25,128.215307,37.860109,4985.5797672,-122.541,67.4,245.023,0.8128359838504527
41.2666,128.215292,37.860102,4989.5321088,-122.292,67.432,245.036,0.8128359838504527
41.2833,128.215277,37.860095,4993.4826216,-122.045,67.463,245.049,0.8128359838504527
41.3,128.215262,37.860088,4997.4313056,-121.8,67.494,245.064,0.8128359838504527
41.3166,128.215248,37.860081,5001.378160800001,-121.558,67.525,245.079,0.8128359838504527
41.3333,128.215233,37.860074,5005.323492,-121.319,67.555,245.095,0.8128359838504527
41.35,128.215218,37.860067,5009.2666896,-121.081,67.584,245.112,0.8128359838504527
41.3666,128.215203,37.86006,5013.2083632,-120.847,67.613,245.13,0.8128359838504527
41.3833,128.215188,37.860052,5017.148208,-120.615,67.642,245.148,0.8128359838504527
41.4,128.215173,37.860045,5021.0865288,-120.385,67.67,245.167,0.8128359838504527
41.4166,128.215158,37.860038,5025.023020799999,-120.158,67.698,245.187,0.8128359838504527
41.4333,128.215143,37.860031,5028.9579888,-119.934,67.725,245.208,0.8128359838504527
41.45,128.215128,37.860024,5032.8914328,-119.712,67.752,245.229,0.8128359838504527
41.4666,128.215113,37.860017,5036.823048,-119.493,67.778,245.252,0.8128359838504527
41.4833,128.215098,37.86001,5040.7531392,-119.277,67.804,245.275,0.8128359838504527
41.5,128.215083,37.860002,5044.681706400001,-119.063,67.83,245.298,0.8128359838504527
41.5166,128.215068,37.859995,5048.6084448,-118.852,67.855,245.323,0.8128359838504527
41.5333,128.215053,37.859988,5052.533964,-118.643,67.88,245.348,0.8128359838504527
41.55,128.215038,37.859981,5056.4579592,-118.437,67.904,245.374,0.8128359838504527
41.5666,128.215023,37.859974,5060.3801256,-118.234,67.928,245.4,0.8128359838504527
41.5833,128.215008,37.859966,5064.3010728,-118.034,67.951,245.428,0.8128359838504527
41.6,128.214993,37.859959,5068.220496000001,-117.836,67.974,245.455,0.8128359838504527
41.6166,128.214978,37.859952,5072.1387,-117.641,67.997,245.484,0.8128359838504527
41.6333,128.214962,37.859945,5076.0550752,-117.448,68.019,245.513,0.8128359838504527
41.65,128.214947,37.859937,5079.970536,-117.258,68.041,245.543,0.8128359838504527
41.6666,128.214932,37.85993,5083.8841680000005,-117.071,68.063,245.573,0.8128359838504527
41.6833,128.214917,37.859923,5087.7965808,-116.886,68.084,245.604,0.8128359838504527
41.7,128.214902,37.859916,5091.707469600001,-116.704,68.105,245.636,0.8128359838504527
41.7166,128.214887,37.859908,5095.6171392,-116.525,68.126,245.668,0.8128359838504527
41.7333,128.214871,37.859901,5099.5255896,-116.348,68.146,245.701,0.8128359838504527
41.75,128.214856,37.859894,5103.432516,-116.174,68.166,245.735,0.8128359838504527
41.7666,128.214841,37.859886,5107.3382232,-116.003,68.185,245.769,0.8128359838504527
41.7833,128.214826,37.859879,5111.2427112000005,-115.834,68.205,245.803,0.8128359838504527
41.8,128.214811,37.859872,5115.1456751999995,-115.667,68.223,245.838,0.8128359838504527
41.8166,128.214795,37.859865,5119.047420000001,-115.503,68.242,245.874,0.8128359838504527
41.8333,128.21478,37.859857,5122.9479456,-115.342,68.26,245.91,0.8128359838504527
41.85,128.214765,37.85985,5126.847556800001,-115.183,68.278,245.947,0.8128359838504527
41.8666,128.21475,37.859843,5130.745644,-115.026,68.296,245.984,0.8128359838504527
41.8833,128.214734,37.859835,5134.642511999999,-114.872,68.313,246.021,0.8128359838504527
41.9,128.214719,37.859828,5138.538160800001,-114.721,68.33,246.06,0.8128359838504527
41.9166,128.214704,37.859821,5142.4325904,-114.572,68.347,246.098,0.8128359838504527
41.9333,128.214689,37.859814,5146.324886400001,-114.517,68.35,246.121,0.8128359838504527
41.95,128.214673,37.859806,5150.2153536,-114.58,68.336,246.1,0.8128359838504527
41.9666,128.214658,37.859799,5154.103077600001,-114.789,68.302,246.008,0.8128359838504527
41.9833,128.214643,37.859792,5157.9877536,-115.17,68.247,245.817,0.8128359838504527
42.0,128.214627,37.859784,5161.8693816,-115.724,68.171,245.526,0.8128359838504527
42.0166,128.214612,37.859777,5165.7479616,-116.432,68.078,245.153,0.8128359838504527
42.0333,128.214597,37.859769,5169.622884,-117.272,67.97,244.722,0.8128359838504527
42.05,128.214581,37.859762,5173.493844,-118.224,67.852,244.248,0.8128359838504527
42.0666,128.214566,37.859754,5177.361756,-119.272,67.724,243.746,0.8128359838504527
42.0833,128.214551,37.859747,5181.225705600001,-120.405,67.588,243.226,0.8128359838504527
42.1,128.214535,37.859739,5185.085997600001,-121.612,67.445,242.695,0.8128359838504527
42.1166,128.21452,37.859731,5188.9429368,-122.885,67.295,242.159,0.8128359838504527
42.1333,128.214505,37.859723,5192.7959136,-124.217,67.139,241.621,0.8128359838504527
42.15,128.214489,37.859715,5196.644928000001,-125.601,66.977,241.086,0.8128359838504527
42.1666,128.214474,37.859707,5200.489979999999,-127.032,66.809,240.555,0.8128359838504527
42.1833,128.214459,37.859699,5204.331069600001,-128.506,66.635,240.031,0.8128359838504527
42.2,128.214443,37.859691,5208.1681968,-130.019,66.456,239.515,0.8128359838504527
42.2166,128.214428,37.859683,5212.0013616,-131.565,66.27,239.009,0.8128359838504527
42.2333,128.214412,37.859675,5215.8299544,-133.143,66.078,238.514,0.8128359838504527
42.25,128.214397,37.859667,5219.65428,-134.748,65.881,238.031,0.8128359838504527
42.2666,128.214381,37.859659,5223.4740336,-136.377,65.677,237.561,0.8128359838504527
42.2833,128.214366,37.85965,5227.2892152,-138.027,65.467,237.105,0.8128359838504527
42.3,128.21435,37.859642,5231.0998248000005,-139.697,65.252,236.664,0.8128359838504527
42.3166,128.214335,37.859633,5234.9052528,-141.382,65.032,236.24,0.8128359838504527
42.3333,128.214319,37.859625,5238.7061088,-143.08,64.807,235.836,0.8128359838504527
42.35,128.214303,37.859616,5242.5017832,-144.79,64.579,235.452,0.8128359838504527
42.3666,128.214288,37.859607,5246.292276,-146.508,64.347,235.089,0.8128359838504527
42.3833,128.214272,37.859598,5250.0772824000005,-148.234,64.112,234.747,0.8128359838504527
42.4,128.214256,37.859589,5253.8568024,-149.968,63.875,234.427,0.8128359838504527
42.4166,128.214241,37.859581,5257.630836,-151.707,63.636,234.129,0.8128359838504527
42.4333,128.214225,37.859571,5261.399383200001,-153.453,63.395,233.853,0.8128359838504527
42.45,128.214209,37.859562,5265.1618344,-155.204,63.153,233.599,0.8128359838504527
42.4666,128.214193,37.859553,5268.9181896,-156.96,62.909,233.366,0.8128359838504527
42.4833,128.214177,37.859544,5272.6687536,-158.721,62.664,233.154,0.8128359838504527
42.5,128.214161,37.859535,5276.4129168,-160.487,62.418,232.963,0.8128359838504527
42.5166,128.214145,37.859525,5280.150679200001,-162.257,62.172,232.793,0.8128359838504527
42.5333,128.214129,37.859516,5283.8832600000005,-163.9,61.941,232.612,0.8128359838504527
42.55,128.214113,37.859506,5287.6103544,-165.415,61.737,232.424,0.8128359838504527
42.5666,128.214096,37.859497,5291.3322672,-166.787,61.568,232.245,0.8128359838504527
42.5833,128.21408,37.859487,5295.049608,-168.005,61.443,232.084,0.8128359838504527
42.6,128.214064,37.859477,5298.7629864,-169.07,61.364,231.946,0.8128359838504527
42.6166,128.214047,37.859468,5302.4724024,-169.985,61.319,231.825,0.8128359838504527
42.6333,128.214031,37.859458,5306.178465600001,-170.764,61.3,231.72,0.8128359838504527
42.65,128.214014,37.859448,5309.8814808,-171.421,61.298,231.63,0.8128359838504527
42.6666,128.213998,37.859438,5313.5817528,-171.972,61.308,231.555,0.8128359838504527
42.6833,128.213981,37.859428,5317.280196000001,-172.433,61.327,231.493,0.8128359838504527
42.7,128.213965,37.859419,5320.9768104,-172.815,61.352,231.442,0.8128359838504527
42.7166,128.213948,37.859409,5324.672205600001,-173.133,61.38,231.403,0.8128359838504527
42.7333,128.213932,37.859399,5328.365772,-173.395,61.411,231.373,0.8128359838504527
42.75,128.213915,37.859389,5332.0569000000005,-173.612,61.443,231.351,0.8128359838504527
42.7666,128.213899,37.859379,5335.7461992,-173.791,61.476,231.336,0.8128359838504527
42.7833,128.213882,37.859369,5339.4333648,-173.939,61.509,231.326,0.8128359838504527
42.8,128.213865,37.859359,5343.1183968000005,-174.062,61.542,231.321,0.8128359838504527
42.8166,128.213849,37.859349,5346.8012952,-174.164,61.575,231.32,0.8128359838504527
42.8333,128.213832,37.859339,5350.4817552,-174.249,61.608,231.323,0.8128359838504527
42.85,128.213815,37.859329,5354.1600816,-174.321,61.64,231.328,0.8128359838504527
42.8666,128.213798,37.859319,5357.836274400001,-174.381,61.672,231.335,0.8128359838504527
42.8833,128.213782,37.859309,5361.510333600001,-174.432,61.704,231.344,0.8128359838504527
42.9,128.213765,37.859299,5365.1819544,-174.476,61.735,231.355,0.8128359838504527
42.9166,128.213748,37.859289,5368.851441600001,-174.515,61.766,231.366,0.8128359838504527
42.9333,128.213731,37.859278,5372.5184904,-174.549,61.796,231.379,0.8128359838504527
42.95,128.213714,37.859268,5376.183710400001,-174.579,61.826,231.392,0.8128359838504527
42.9666,128.213697,37.859258,5379.8467968,-174.606,61.856,231.406,0.8128359838504527
42.9833,128.21368,37.859248,5383.5077496,-174.631,61.885,231.42,0.8128359838504527
43.0,128.213663,37.859238,5387.1665688,-174.655,61.914,231.434,0.8128359838504527
43.0166,128.213646,37.859227,5390.8232544,-174.676,61.942,231.448,0.8128359838504527
43.0333,128.213629,37.859217,5394.478111200001,-174.697,61.97,231.463,0.8128359838504527
43.05,128.213612,37.859207,5398.1311392,-174.717,61.998,231.477,0.8128359838504527
43.0666,128.213595,37.859196,5401.7820336,-174.736,62.025,231.492,0.8128359838504527
43.0833,128.213578,37.859186,5405.4310992,-174.755,62.052,231.506,0.8128359838504527
43.1,128.213561,37.859176,5409.0783360000005,-174.773,62.078,231.521,0.8128359838504527
43.1166,128.213544,37.859165,5412.7234392,-174.791,62.104,231.535,0.8128359838504527
43.1333,128.213526,37.859155,5416.363665600001,-174.811,62.118,231.547,0.8128359838504527
43.15,128.213509,37.859145,5420.0017584,-174.835,62.11,231.554,0.8128359838504527
43.1666,128.213492,37.859134,5423.6358887999995,-174.863,62.069,231.555,0.8128359838504527
43.1833,128.213475,37.859124,5427.2666664,-174.899,61.985,231.548,0.8128359838504527
43.2,128.213458,37.859114,5430.892872,-174.943,61.85,231.531,0.8128359838504527
43.2166,128.21344,37.859103,5434.514810400001,-174.996,61.658,231.504,0.8128359838504527
43.2333,128.213423,37.859093,5438.1321768,-175.058,61.402,231.466,0.8128359838504527
43.25,128.213406,37.859082,5441.744056800001,-175.13,61.079,231.416,0.8128359838504527
43.2666,128.213388,37.859072,5445.351669600001,-175.209,60.696,231.357,0.8128359838504527
43.2833,128.213371,37.859061,5448.954100800001,-175.293,60.263,231.292,0.8128359838504527
43.3,128.213354,37.859051,5452.5513504,-175.381,59.787,231.221,0.8128359838504527
43.3166,128.213336,37.85904,5456.1434184,-175.47,59.277,231.148,0.8128359838504527
43.3333,128.213319,37.859029,5459.729695200001,-175.559,58.746,231.074,0.8128359838504527
43.35,128.213301,37.859019,5463.3104856,-175.645,58.203,231.0,0.8128359838504527
43.3666,128.213284,37.859008,5466.8854848,-175.728,57.659,230.93,0.8128359838504527
43.3833,128.213266,37.858997,5470.454388000001,-175.808,57.119,230.862,0.8128359838504527
43.4,128.213248,37.858986,5474.0168904,-175.883,56.584,230.797,0.8128359838504527
43.4166,128.213231,37.858976,5477.572992,-175.955,56.056,230.736,0.8128359838504527
43.4333,128.213213,37.858965,5481.122083200001,-176.023,55.536,230.677,0.8128359838504527
43.45,128.213195,37.858954,5484.664164000001,-176.087,55.025,230.622,0.8128359838504527
43.4666,128.213177,37.858943,5488.1989296,-176.147,54.522,230.569,0.8128359838504527
43.4833,128.213159,37.858932,5491.7260752,-176.204,54.03,230.519,0.8128359838504527
43.5,128.213141,37.858921,5495.245600800001,-176.258,53.547,230.472,0.8128359838504527
43.5166,128.213123,37.85891,5498.7568968000005,-176.309,53.074,230.427,0.8128359838504527
43.5333,128.213105,37.858899,5502.2599632,-176.357,52.611,230.385,0.8128359838504527
43.55,128.213087,37.858887,5505.754800000001,-176.402,52.157,230.344,0.8128359838504527
43.5666,128.213069,37.858876,5509.2407976,-176.445,51.714,230.306,0.8128359838504527
43.5833,128.21305,37.858865,5512.7182608,-176.485,51.279,230.269,0.8128359838504527
43.6,128.213032,37.858854,5516.18658,-176.523,50.853,230.234,0.8128359838504527
43.6166,128.213013,37.858842,5519.6457552,-176.559,50.437,230.201,0.8128359838504527
43.6333,128.212995,37.858831,5523.0954816,-176.593,50.028,230.169,0.8128359838504527
43.65,128.212976,37.858819,5526.536064000001,-176.625,49.628,230.139,0.8128359838504527
43.6666,128.212958,37.858808,5529.966892800001,-176.655,49.235,230.11,0.8128359838504527
43.6833,128.212939,37.858796,5533.387968,-176.683,48.85,230.082,0.8128359838504527
43.7,128.21292,37.858784,5536.7992896,-176.71,48.472,230.056,0.8128359838504527
43.7166,128.212901,37.858773,5540.2005528,-176.735,48.101,230.03,0.8128359838504527
43.7333,128.212882,37.858761,5543.5917576,-176.759,47.737,230.006,0.8128359838504527
43.75,128.212863,37.858749,5546.972904,-176.782,47.379,229.982,0.8128359838504527
43.7666,128.212844,37.858737,5550.3436872,-176.803,47.027,229.96,0.8128359838504527
43.7833,128.212825,37.858725,5553.7041072,-176.823,46.68,229.938,0.8128359838504527
43.8,128.212806,37.858713,5557.0535544,-176.841,46.338,229.916,0.8128359838504527
43.8166,128.212786,37.858701,5560.392638400001,-176.859,46.0,229.895,0.8128359838504527
43.8333,128.212767,37.858689,5563.7210544,-176.875,45.666,229.875,0.8128359838504527
43.85,128.212747,37.858677,5567.0384976000005,-176.891,45.337,229.856,0.8128359838504527
43.8666,128.212728,37.858664,5570.344968,-176.905,45.011,229.837,0.8128359838504527
43.8833,128.212708,37.858652,5573.640160800001,-176.918,44.689,229.818,0.8128359838504527
43.9,128.212688,37.85864,5576.9243808,-176.931,44.37,229.8,0.8128359838504527
43.9166,128.212669,37.858627,5580.1973232,-176.942,44.054,229.782,0.8128359838504527
43.9333,128.212649,37.858615,5583.458988,-176.953,43.741,229.764,0.8128359838504527
43.95,128.212629,37.858602,5586.709070400001,-176.962,43.431,229.747,0.8128359838504527
43.9666,128.212609,37.85859,5589.9478751999995,-176.971,43.124,229.73,0.8128359838504527
43.9833,128.212589,37.858577,5593.1747928,-176.98,42.82,229.714,0.8128359838504527
44.0,128.212569,37.858564,5596.390432800001,-176.987,42.518,229.698,0.8128359838504527
44.0166,128.212548,37.858552,5599.5941856,-176.994,42.219,229.682,0.8128359838504527
44.0333,128.212528,37.858539,5602.786051200001,-177.0,41.923,229.666,0.8128359838504527
44.05,128.212508,37.858526,5605.9660296,-177.005,41.628,229.65,0.8128359838504527
44.0666,128.212487,37.858513,5609.134120799999,-177.01,41.336,229.635,0.8128359838504527
44.0833,128.212467,37.8585,5612.29002,-177.014,41.046,229.62,0.8128359838504527
44.1,128.212446,37.858487,5615.434032,-177.017,40.758,229.605,0.8128359838504527
44.1166,128.212425,37.858474,5618.5661568000005,-177.02,40.473,229.59,0.8128359838504527
44.1333,128.212404,37.85846,5621.6857848,-177.023,40.189,229.576,0.8128359838504527
44.15,128.212384,37.858447,5624.7932208,-177.025,39.907,229.561,0.8128359838504527
44.1666,128.212363,37.858434,5627.8884648,-177.026,39.627,229.547,0.8128359838504527
44.1833,128.212342,37.85842,5630.9712119999995,-177.028,39.348,229.533,0.8128359838504527
44.2,128.212321,37.858407,5634.0417672,-177.028,39.072,229.519,0.8128359838504527
44.2166,128.2123,37.858393,5637.0995207999995,-177.029,38.797,229.505,0.8128359838504527
44.2333,128.212278,37.85838,5640.1450824,-177.029,38.523,229.491,0.8128359838504527
44.25,128.212257,37.858366,5643.178147200001,-177.028,38.252,229.477,0.8128359838504527
44.2666,128.212236,37.858353,5646.1984104,-177.028,37.981,229.463,0.8128359838504527
44.2833,128.212214,37.858339,5649.2061768,-177.027,37.712,229.45,0.8128359838504527
44.3,128.212193,37.858325,5652.2011416000005,-177.026,37.445,229.436,0.8128359838504527
44.3166,128.212171,37.858311,5655.183609600001,-177.024,37.179,229.423,0.8128359838504527
44.3333,128.21215,37.858297,5658.157238400001,-177.022,36.924,229.41,0.8128359838504527
44.35,128.212128,37.858283,5661.117760800001,-177.019,36.69,229.399,0.8128359838504527
44.3666,128.212106,37.858269,5664.067615200001,-177.014,36.485,229.389,0.8128359838504527
44.3833,128.212084,37.858255,5667.006496800001,-177.009,36.318,229.382,0.8128359838504527
44.4,128.212062,37.858241,5669.9341008,-177.001,36.193,229.377,0.8128359838504527
44.4166,128.21204,37.858227,5672.851036800001,-176.992,36.109,229.376,0.8128359838504527
44.4333,128.212018,37.858213,5675.7570000000005,-176.982,36.064,229.376,0.8128359838504527
44.45,128.211996,37.858198,5678.6526,-176.97,36.049,229.378,0.8128359838504527
44.4666,128.211973,37.858184,5681.537532,-176.958,36.058,229.382,0.8128359838504527
44.4833,128.211951,37.858169,5684.4121008,-176.945,36.087,229.387,0.8128359838504527
44.5,128.211929,37.858155,5687.276916,-176.931,36.13,229.393,0.8128359838504527
44.5166,128.211906,37.85814,5690.131368,-176.918,36.185,229.4,0.8128359838504527
44.5333,128.211884,37.858126,5692.9763712,-176.904,36.249,229.408,0.8128359838504527
44.55,128.211861,37.858111,5695.8116208,-176.891,36.321,229.415,0.8128359838504527
44.5666,128.211838,37.858096,5698.6374216,-176.877,36.398,229.424,0.8128359838504527
44.5833,128.211815,37.858082,5701.454078400001,-176.864,36.479,229.432,0.8128359838504527
44.6,128.211793,37.858067,5704.2615912,-176.85,36.563,229.441,0.8128359838504527
44.6166,128.21177,37.858052,5707.0602648,-176.837,36.649,229.449,0.8128359838504527
44.6333,128.211747,37.858037,5709.850404,-176.825,36.738,229.458,0.8128359838504527
44.65,128.211724,37.858022,5712.631704,-176.812,36.828,229.467,0.8128359838504527
44.6666,128.211701,37.858007,5715.405079200001,-176.8,36.919,229.476,0.8128359838504527
44.6833,128.211678,37.857992,5718.169920000001,-176.789,37.01,229.485,0.8128359838504527
44.7,128.211654,37.857977,5720.926836000001,-176.777,37.101,229.495,0.8128359838504527
44.7166,128.211631,37.857962,5723.675827200001,-176.766,37.192,229.504,0.8128359838504527
44.7333,128.211608,37.857946,5726.4168936,-176.756,37.282,229.513,0.8128359838504527
44.75,128.211584,37.857931,5729.1506448,-176.746,37.37,229.521,0.8128359838504527
44.7666,128.211561,37.857916,5731.876776,-176.736,37.457,229.53,0.8128359838504527
44.7833,128.211538,37.857901,5734.595592000001,-176.727,37.543,229.539,0.8128359838504527
44.8,128.211514,37.857885,5737.3073976000005,-176.718,37.627,229.547,0.8128359838504527
44.8166,128.21149,37.85787,5740.012192800001,-176.709,37.709,229.556,0.8128359838504527
44.8333,128.211467,37.857854,5742.7099776000005,-176.701,37.79,229.564,0.8128359838504527
44.85,128.211443,37.857839,5745.401056800001,-176.693,37.869,229.572,0.8128359838504527
44.8666,128.211419,37.857823,5748.0854303999995,-176.685,37.947,229.58,0.8128359838504527
44.8833,128.211396,37.857808,5750.7634032,-176.678,38.022,229.588,0.8128359838504527
44.9,128.211372,37.857792,5753.4349752,-176.671,38.096,229.596,0.8128359838504527
44.9166,128.211348,37.857777,5756.1001464,-176.665,38.168,229.603,0.8128359838504527
44.9333,128.211324,37.857761,5758.755564,-176.659,38.229,229.61,0.8128359838504527
44.95,128.2113,37.857745,5761.4045808,-176.654,38.269,229.615,0.8128359838504527
44.9666,128.211276,37.85773,5764.0456728,-176.651,38.28,229.619,0.8128359838504527
44.9833,128.211252,37.857714,5766.6788400000005,-176.65,38.254,229.619,0.8128359838504527
45.0,128.211228,37.857698,5769.3037776,-176.651,38.184,229.616,0.8128359838504527
45.0166,128.211204,37.857682,5771.9204856,-176.654,38.063,229.609,0.8128359838504527
45.0333,128.21118,37.857667,5774.5286592,-176.66,37.886,229.598,0.8128359838504527
45.05,128.211156,37.857651,5777.1282984,-176.669,37.658,229.583,0.8128359838504527
45.0666,128.211132,37.857635,5779.719708,-176.679,37.385,229.565,0.8128359838504527
45.0833,128.211108,37.857619,5782.3025832,-176.691,37.077,229.545,0.8128359838504527
45.1,128.211084,37.857603,5784.876924000001,-176.704,36.739,229.523,0.8128359838504527
45.1166,128.211059,37.857587,5787.4424256,-176.718,36.38,229.499,0.8128359838504527
45.1333,128.211035,37.857571,5789.9990880000005,-176.732,36.003,229.474,0.8128359838504527
45.15,128.211011,37.857555,5792.546911200001,-176.746,35.615,229.449,0.8128359838504527
45.1666,128.210987,37.857539,5795.0852856,-176.761,35.218,229.423,0.8128359838504527
45.1833,128.210962,37.857523,5797.614516,-176.775,34.816,229.398,0.8128359838504527
45.2,128.210938,37.857507,5800.1342976000005,-176.789,34.411,229.372,0.8128359838504527
45.2166,128.210913,37.857491,5802.6446304,-176.802,34.005,229.346,0.8128359838504527
45.2333,128.210889,37.857475,5805.1449048,-176.815,33.6,229.321,0.8128359838504527
45.25,128.210864,37.857459,5807.6357304,-176.828,33.197,229.296,0.8128359838504527
45.2666,128.21084,37.857442,5810.116192800001,-176.84,32.797,229.272,0.8128359838504527
45.2833,128.210815,37.857426,5812.586596800001,-176.852,32.401,229.248,0.8128359838504527
45.3,128.21079,37.85741,5815.0466376,-176.863,32.01,229.224,0.8128359838504527
45.3166,128.210766,37.857394,5817.496315200001,-176.873,31.623,229.201,0.8128359838504527
45.3333,128.210741,37.857377,5819.9356296,-176.883,31.242,229.179,0.8128359838504527
45.35,128.210716,37.857361,5822.3639711999995,-176.892,30.866,229.157,0.8128359838504527
45.3666,128.210691,37.857344,5824.7816448,-176.9,30.496,229.135,0.8128359838504527
45.3833,128.210667,37.857328,5827.1886504,-176.909,30.131,229.114,0.8128359838504527
45.4,128.210642,37.857311,5829.584378400001,-176.916,29.772,229.094,0.8128359838504527
45.4166,128.210617,37.857295,5831.968828800001,-176.923,29.419,229.074,0.8128359838504527
45.4333,128.210592,37.857278,5834.342306400001,-176.929,29.071,229.054,0.8128359838504527
45.45,128.210567,37.857262,5836.7042016000005,-176.935,28.728,229.035,0.8128359838504527
45.4666,128.210542,37.857245,5839.054819200001,-176.941,28.39,229.017,0.8128359838504527
45.4833,128.210516,37.857228,5841.3938544,-176.946,28.056,228.998,0.8128359838504527
45.5,128.210491,37.857212,5843.7213071999995,-176.95,27.727,228.98,0.8128359838504527
45.5166,128.210466,37.857195,5846.0368728,-176.954,27.401,228.962,0.8128359838504527
45.5333,128.210441,37.857178,5848.340551200001,-176.958,27.08,228.945,0.8128359838504527
45.55,128.210416,37.857161,5850.632647200001,-176.961,26.762,228.928,0.8128359838504527
45.5666,128.21039,37.857145,5852.912551200001,-176.964,26.448,228.911,0.8128359838504527
45.5833,128.210365,37.857128,5855.1802632,-176.966,26.137,228.894,0.8128359838504527
45.6,128.210339,37.857111,5857.436088,-176.968,25.829,228.878,0.8128359838504527
45.6166,128.210314,37.857094,5859.679416,-176.97,25.525,228.862,0.8128359838504527
45.6333,128.210288,37.857077,5861.910552000001,-176.971,25.223,228.846,0.8128359838504527
45.65,128.210263,37.85706,5864.1294960000005,-176.972,24.924,228.83,0.8128359838504527
45.6666,128.210237,37.857043,5866.3359432,-176.973,24.629,228.815,0.8128359838504527
45.6833,128.210212,37.857026,5868.5298936,-176.973,24.335,228.8,0.8128359838504527
45.7,128.210186,37.857008,5870.711347200001,-176.973,24.045,228.784,0.8128359838504527
45.7166,128.21016,37.856991,5872.880304,-176.973,23.757,228.769,0.8128359838504527
45.7333,128.210135,37.856974,5875.036764,-176.972,23.471,228.755,0.8128359838504527
45.75,128.210109,37.856957,5877.1801176,-176.971,23.187,228.74,0.8128359838504527
45.7666,128.210083,37.856939,5879.311279200001,-176.97,22.906,228.725,0.8128359838504527
45.7833,128.210057,37.856922,5881.4293344,-176.969,22.627,228.711,0.8128359838504527
45.8,128.210031,37.856905,5883.534588,-176.967,22.35,228.697,0.8128359838504527
45.8166,128.210005,37.856887,5885.62704,-176.965,22.075,228.683,0.8128359838504527
45.8333,128.209979,37.85687,5887.7066904,-176.963,21.801,228.669,0.8128359838504527
45.85,128.209953,37.856853,5889.7732344,-176.961,21.53,228.655,0.8128359838504527
45.8666,128.209927,37.856835,5891.8269768,-176.959,21.261,228.641,0.8128359838504527
45.8833,128.209901,37.856818,5893.8676128,-176.956,20.993,228.628,0.8128359838504527
45.9,128.209875,37.8568,5895.895142400001,-176.954,20.727,228.614,0.8128359838504527
45.9166,128.209849,37.856782,5897.909565600001,-176.951,20.462,228.601,0.8128359838504527
45.9333,128.209823,37.856765,5899.9111872,-176.948,20.199,228.587,0.8128359838504527
45.95,128.209797,37.856747,5901.899397600001,-176.945,19.938,228.574,0.8128359838504527
45.9666,128.20977,37.856729,5903.874806400001,-176.941,19.677,228.561,0.8128359838504527
45.9833,128.209744,37.856712,5905.8368040000005,-176.938,19.419,228.548,0.8128359838504527
46.0,128.209718,37.856694,5907.7853904,-176.934,19.162,228.534,0.8128359838504527
46.0166,128.209691,37.856676,5909.721175199999,-176.931,18.906,228.521,0.8128359838504527
46.0333,128.209665,37.856658,5911.6435488,-176.927,18.651,228.509,0.8128359838504527
46.05,128.209638,37.856641,5913.5525112000005,-176.923,18.397,228.496,0.8128359838504527
46.0666,128.209612,37.856623,5915.4483672,-176.919,18.145,228.483,0.8128359838504527
46.0833,128.209585,37.856605,5917.330812,-176.916,17.894,228.47,0.8128359838504527
46.1,128.209559,37.856587,5919.2001504,-176.912,17.644,228.457,0.8128359838504527
46.1166,128.209532,37.856569,5921.0557728,-176.907,17.395,228.445,0.8128359838504527
46.1333,128.209506,37.856551,5922.8982888,-176.903,17.147,228.432,0.8128359838504527
46.15,128.209479,37.856533,5924.7273936,-176.899,16.9,228.419,0.8128359838504527
46.1666,128.209452,37.856515,5926.5433920000005,-176.895,16.654,228.407,0.8128359838504527
46.1833,128.209426,37.856497,5928.3456744000005,-176.89,16.409,228.394,0.8128359838504527
46.2,128.209399,37.856479,5930.1345456,-176.886,16.164,228.382,0.8128359838504527
46.2166,128.209372,37.85646,5931.910005600001,-176.882,15.921,228.37,0.8128359838504527
46.2333,128.209345,37.856442,5933.672359200001,-176.877,15.679,228.357,0.8128359838504527
46.25,128.209319,37.856424,5935.4209968000005,-176.873,15.437,228.345,0.8128359838504527
46.2666,128.209292,37.856406,5937.156223200001,-176.868,15.196,228.332,0.8128359838504527
46.2833,128.209265,37.856388,5938.878038400001,-176.864,14.956,228.32,0.8128359838504527
46.3,128.209238,37.856369,5940.586442400001,-176.859,14.717,228.308,0.8128359838504527
46.3166,128.209211,37.856351,5942.2814352,-176.855,14.478,228.295,0.8128359838504527
46.3333,128.209184,37.856333,5943.962712,-176.85,14.24,228.283,0.8128359838504527
46.35,128.209157,37.856314,5945.630577600001,-176.845,14.003,228.271,0.8128359838504527
46.3666,128.20913,37.856296,5947.285336800001,-176.841,13.766,228.259,0.8128359838504527
46.3833,128.209103,37.856278,5948.9260752,-176.836,13.53,228.247,0.8128359838504527
46.4,128.209076,37.856259,5950.5537072,-176.831,13.295,228.234,0.8128359838504527
46.4166,128.209049,37.856241,5952.167928000001,-176.826,13.06,228.222,0.8128359838504527
46.4333,128.209022,37.856222,5953.7684328000005,-176.822,12.826,228.21,0.8128359838504527
46.45,128.208995,37.856204,5955.3555264,-176.817,12.592,228.198,0.8128359838504527
46.4666,128.208968,37.856185,5956.928904,-176.812,12.359,228.186,0.8128359838504527
46.4833,128.20894,37.856167,5958.489175199999,-176.807,12.126,228.174,0.8128359838504527
46.5,128.208913,37.856148,5960.0357304,-176.802,11.894,228.162,0.8128359838504527
46.5166,128.208886,37.856129,5961.568874400001,-176.797,11.663,228.15,0.8128359838504527
46.5333,128.208859,37.856111,5963.088607199999,-176.792,11.432,228.138,0.8128359838504527
46.55,128.208831,37.856092,5964.594624,-176.788,11.201,228.125,0.8128359838504527
46.5666,128.208804,37.856073,5966.0872296,-176.783,10.971,228.113,0.8128359838504527
46.5833,128.208777,37.856055,5967.566424000001,-176.778,10.741,228.101,0.8128359838504527
46.6,128.208749,37.856036,5969.0322072,-176.773,10.512,228.089,0.8128359838504527
46.6166,128.208722,37.856017,5970.484579200001,-176.768,10.283,228.077,0.8128359838504527
46.6333,128.208695,37.855998,5971.9232352,-176.763,10.054,228.065,0.8128359838504527
46.65,128.208667,37.85598,5973.34848,-176.758,9.826,228.053,0.8128359838504527
46.6666,128.20864,37.855961,5974.760313600001,-176.753,9.598,228.041,0.8128359838504527
46.6833,128.208612,37.855942,5976.158736,-176.747,9.371,228.029,0.8128359838504527
46.7,128.208585,37.855923,5977.5434424000005,-176.742,9.143,228.017,0.8128359838504527
46.7166,128.208558,37.855904,5978.915042400001,-176.737,8.917,228.005,0.8128359838504527
46.7333,128.20853,37.855885,5980.2741456,-176.732,8.698,227.993,0.8128359838504527
46.75,128.208502,37.855866,5981.620142400001,-176.727,8.495,227.983,0.8128359838504527
46.7666,128.208475,37.855847,5982.953337600001,-176.721,8.315,227.973,0.8128359838504527
46.7833,128.208447,37.855828,5984.274036,-176.715,8.163,227.966,0.8128359838504527
46.8,128.20842,37.855809,5985.5825424,-176.709,8.045,227.96,0.8128359838504527
46.8166,128.208392,37.85579,5986.878552000001,-176.703,7.96,227.956,0.8128359838504527
46.8333,128.208364,37.855771,5988.1626744000005,-176.696,7.907,227.954,0.8128359838504527
46.85,128.208336,37.855752,5989.434604800001,-176.69,7.88,227.953,0.8128359838504527
46.8666,128.208309,37.855733,5990.6943432,-176.683,7.875,227.954,0.8128359838504527
46.8833,128.208281,37.855714,5991.942804,-176.676,7.889,227.956,0.8128359838504527
46.9,128.208253,37.855695,5993.1793776,-176.669,7.919,227.958,0.8128359838504527
46.9166,128.208225,37.855675,5994.4043688,-176.662,7.962,227.962,0.8128359838504527
46.9333,128.208197,37.855656,5995.6183872,-176.655,8.016,227.966,0.8128359838504527
46.95,128.208169,37.855637,5996.8211280000005,-176.648,8.079,227.97,0.8128359838504527
46.9666,128.208142,37.855617,5998.012896,-176.64,8.149,227.976,0.8128359838504527
46.9833,128.208114,37.855598,5999.193996000001,-176.633,8.226,227.981,0.8128359838504527
47.0,128.208086,37.855579,6000.364428000001,-176.626,8.307,227.987,0.8128359838504527
47.0166,128.208058,37.855559,6001.524496800001,-176.619,8.393,227.993,0.8128359838504527
47.0333,128.208029,37.85554,6002.6742024,-176.612,8.482,227.999,0.8128359838504527
47.05,128.208001,37.85552,6003.8141544,-176.606,8.574,228.005,0.8128359838504527
47.0666,128.207973,37.855501,6004.944047999999,-176.599,8.668,228.012,0.8128359838504527
47.0833,128.207945,37.855482,6006.064188,-176.592,8.764,228.019,0.8128359838504527
47.1,128.207917,37.855462,6007.174879200001,-176.585,8.86,228.025,0.8128359838504527
47.1166,128.207889,37.855442,6008.2761216,-176.579,8.958,228.032,0.8128359838504527
47.1333,128.207861,37.855423,6009.36822,-176.572,9.057,228.039,0.8128359838504527
47.15,128.207832,37.855403,6010.451479200001,-176.566,9.155,228.046,0.8128359838504527
47.1666,128.207804,37.855384,6011.5255944,-176.56,9.253,228.053,0.8128359838504527
47.1833,128.207776,37.855364,6012.5911752,-176.554,9.35,228.06,0.8128359838504527
47.2,128.207748,37.855344,6013.6479168,-176.548,9.446,228.067,0.8128359838504527
47.2166,128.207719,37.855325,6014.696428800001,-176.542,9.541,228.073,0.8128359838504527
47.2333,128.207691,37.855305,6015.736711200001,-176.536,9.635,228.08,0.8128359838504527
47.25,128.207663,37.855285,6016.768764,-176.53,9.727,228.087,0.8128359838504527
47.2666,128.207634,37.855266,6017.792892,-176.525,9.817,228.093,0.8128359838504527
47.2833,128.207606,37.855246,6018.8090952,-176.519,9.906,228.1,0.8128359838504527
47.3,128.207577,37.855226,6019.817373600001,-176.514,9.993,228.106,0.8128359838504527
47.3166,128.207549,37.855206,6020.8183368,-176.509,10.078,228.112,0.8128359838504527
47.3333,128.20752,37.855186,6021.810765600001,-176.504,10.153,228.118,0.8128359838504527
47.35,128.207492,37.855167,6022.795574400001,-176.499,10.211,228.123,0.8128359838504527
47.3666,128.207463,37.855147,6023.7721536,-176.494,10.245,228.126,0.8128359838504527
47.3833,128.207435,37.855127,6024.7405032,-176.49,10.248,228.127,0.8128359838504527
47.4,128.207406,37.855107,6025.700928,-176.487,10.215,228.126,0.8128359838504527
47.4166,128.207378,37.855087,6026.6525136,-176.484,10.139,228.122,0.8128359838504527
47.4333,128.207349,37.855068,6027.595869600001,-176.482,10.017,228.116,0.8128359838504527
47.45,128.207321,37.855048,6028.530691200001,-176.48,9.85,228.106,0.8128359838504527
47.4666,128.207292,37.855028,6029.4569784000005,-176.478,9.642,228.095,0.8128359838504527
47.4833,128.207264,37.855008,6030.3747312000005,-176.477,9.399,228.081,0.8128359838504527
47.5,128.207235,37.854988,6031.283949600001,-176.476,9.126,228.065,0.8128359838504527
47.5166,128.207207,37.854968,6032.184328800001,-176.476,8.826,228.047,0.8128359838504527
47.5333,128.207178,37.854948,6033.075564000001,-176.475,8.505,228.028,0.8128359838504527
47.55,128.20715,37.854928,6033.9582648000005,-176.475,8.167,228.009,0.8128359838504527
47.5666,128.207121,37.854908,6034.8315168,-176.474,7.815,227.988,0.8128359838504527
47.5833,128.207093,37.854889,6035.695624800001,-176.474,7.452,227.967,0.8128359838504527
47.6,128.207064,37.854869,6036.5505888,-176.473,7.081,227.945,0.8128359838504527
47.6166,128.207036,37.854849,6037.3957992000005,-176.472,6.704,227.923,0.8128359838504527
47.6333,128.207007,37.854829,6038.231560800001,-176.471,6.323,227.9,0.8128359838504527
47.65,128.206979,37.854809,6039.057568800001,-176.47,5.94,227.878,0.8128359838504527
47.6666,128.20695,37.854789,6039.8738232000005,-176.469,5.555,227.855,0.8128359838504527
47.6833,128.206921,37.854769,6040.680019200001,-176.467,5.172,227.833,0.8128359838504527
47.7,128.206893,37.854749,6041.476156800001,-176.465,4.789,227.81,0.8128359838504527
47.7166,128.206864,37.854729,6042.2622360000005,-176.463,4.409,227.788,0.8128359838504527
47.7333,128.206836,37.854709,6043.037952000001,-176.461,4.031,227.766,0.8128359838504527
47.75,128.206807,37.854689,6043.803,-176.458,3.657,227.744,0.8128359838504527
47.7666,128.206779,37.854669,6044.5576848,-176.455,3.286,227.723,0.8128359838504527
47.7833,128.20675,37.854649,6045.3017016,-176.452,2.92,227.701,0.8128359838504527
47.8,128.206721,37.854629,6046.035050400001,-176.449,2.559,227.68,0.8128359838504527
47.8166,128.206693,37.854609,6046.7574264,-176.445,2.201,227.66,0.8128359838504527
47.8333,128.206664,37.854589,6047.4691344,-176.441,1.849,227.639,0.8128359838504527
47.85,128.206636,37.854569,6048.1695648,-176.437,1.502,227.619,0.8128359838504527
47.8666,128.206607,37.854549,6048.8590224,-176.432,1.159,227.599,0.8128359838504527
47.8833,128.206578,37.854529,6049.5372024,-176.428,0.821,227.58,0.8128359838504527
47.9,128.20655,37.854508,6050.2041048,-176.423,0.488,227.56,0.8128359838504527
47.9166,128.206521,37.854488,6050.8597296,-176.418,0.159,227.541,0.8128359838504527
47.9333,128.206492,37.854468,6051.5040768,-176.412,-0.164,227.522,0.8128359838504527
47.95,128.206464,37.854448,6052.1368416000005,-176.406,-0.483,227.504,0.8128359838504527
47.9666,128.206435,37.854428,6052.757719200001,-176.4,-0.797,227.486,0.8128359838504527
47.9833,128.206406,37.854408,6053.367319200001,-176.394,-1.107,227.468,0.8128359838504527
48.0,128.206378,37.854388,6053.9647272,-176.388,-1.413,227.45,0.8128359838504527
48.0166,128.206349,37.854367,6054.5505528,-176.381,-1.716,227.432,0.8128359838504527
48.0333,128.20632,37.854347,6055.1244912,-176.374,-2.014,227.415,0.8128359838504527
48.05,128.206291,37.854327,6055.686542400001,-176.367,-2.309,227.398,0.8128359838504527
48.0666,128.206263,37.854307,6056.236706400001,-176.36,-2.601,227.38,0.8128359838504527
48.0833,128.206234,37.854286,6056.7743736,-176.353,-2.89,227.364,0.8128359838504527
48.1,128.206205,37.854266,6057.3001536,-176.345,-3.176,227.347,0.8128359838504527
48.1166,128.206176,37.854246,6057.813741600001,-176.337,-3.46,227.33,0.8128359838504527
48.1333,128.206148,37.854225,6058.314832800001,-176.329,-3.741,227.314,0.8128359838504527
48.15,128.206119,37.854205,6058.8040368,-176.321,-4.02,227.297,0.8128359838504527
48.1666,128.20609,37.854185,6059.2804392,-176.313,-4.296,227.281,0.8128359838504527
48.1833,128.206061,37.854164,6059.7446496,-176.305,-4.57,227.265,0.8128359838504527
48.2,128.206032,37.854144,6060.196363200001,-176.296,-4.842,227.249,0.8128359838504527
48.2166,128.206003,37.854123,6060.63558,-176.287,-5.112,227.233,0.8128359838504527
48.2333,128.205974,37.854103,6061.0623000000005,-176.278,-5.38,227.217,0.8128359838504527
48.25,128.205945,37.854082,6061.4765232,-176.269,-5.647,227.201,0.8128359838504527
48.2666,128.205917,37.854062,6061.8779448000005,-176.26,-5.911,227.185,0.8128359838504527
48.2833,128.205888,37.854042,6062.2665648,-176.251,-6.174,227.169,0.8128359838504527
48.3,128.205859,37.854021,6062.642688000001,-176.242,-6.436,227.153,0.8128359838504527
48.3166,128.20583,37.854001,6063.006009600001,-176.232,-6.696,227.137,0.8128359838504527
48.3333,128.205801,37.85398,6063.3568344,-176.222,-6.954,227.122,0.8128359838504527
48.35,128.205772,37.853959,6063.6945528,-176.213,-7.212,227.106,0.8128359838504527
48.3666,128.205743,37.853939,6064.019469600001,-176.203,-7.468,227.09,0.8128359838504527
48.3833,128.205714,37.853918,6064.3315848,-176.193,-7.722,227.075,0.8128359838504527
48.4,128.205685,37.853898,6064.6305936,-176.183,-7.976,227.059,0.8128359838504527
48.4166,128.205656,37.853877,6064.9171056000005,-176.173,-8.228,227.044,0.8128359838504527
48.4333,128.205627,37.853857,6065.1902064000005,-176.163,-8.479,227.028,0.8128359838504527
48.45,128.205598,37.853836,6065.450505600001,-176.152,-8.73,227.013,0.8128359838504527
48.4666,128.205569,37.853815,6065.6980032,-176.142,-8.979,226.997,0.8128359838504527
48.4833,128.20554,37.853795,6065.9320896,-176.131,-9.227,226.981,0.8128359838504527
48.5,128.205511,37.853774,6066.153374400001,-176.121,-9.474,226.966,0.8128359838504527
48.5166,128.205482,37.853753,6066.3615528,-176.11,-9.721,226.95,0.8128359838504527
48.5333,128.205453,37.853733,6066.556929599999,-176.099,-9.959,226.935,0.8128359838504527
48.55,128.205424,37.853712,6066.739504800001,-176.089,-10.183,226.921,0.8128359838504527
48.5666,128.205395,37.853691,6066.9092784,-176.079,-10.385,226.909,0.8128359838504527
48.5833,128.205366,37.853671,6067.066860000001,-176.069,-10.559,226.898,0.8128359838504527
48.6,128.205337,37.85365,6067.2119448,-176.059,-10.699,226.889,0.8128359838504527
48.6166,128.205308,37.853629,6067.3451424,-176.05,-10.804,226.883,0.8128359838504527
48.6333,128.205279,37.853608,6067.4661479999995,-176.041,-10.876,226.88,0.8128359838504527
48.65,128.20525,37.853588,6067.574961599999,-176.033,-10.919,226.878,0.8128359838504527
48.6666,128.205221,37.853567,6067.671888000001,-176.025,-10.938,226.878,0.8128359838504527
48.6833,128.205192,37.853546,6067.757232,-176.017,-10.937,226.879,0.8128359838504527
48.7,128.205163,37.853525,6067.8306888,-176.009,-10.918,226.882,0.8128359838504527
48.7166,128.205134,37.853505,6067.892868,-176.002,-10.884,226.886,0.8128359838504527
48.7333,128.205105,37.853484,6067.943464800001,-175.995,-10.839,226.89,0.8128359838504527
48.75,128.205076,37.853463,6067.982784000001,-175.989,-10.783,226.895,0.8128359838504527
48.7666,128.205046,37.853442,6068.0114352,-175.982,-10.719,226.901,0.8128359838504527
48.7833,128.205017,37.853421,6068.028808800001,-175.976,-10.648,226.907,0.8128359838504527
48.8,128.204988,37.853401,6068.0358192,-175.969,-10.572,226.914,0.8128359838504527
48.8166,128.204959,37.85338,6068.031856800001,-175.963,-10.49,226.921,0.8128359838504527
48.8333,128.20493,37.853359,6068.017836,-175.957,-10.405,226.929,0.8128359838504527
48.85,128.204901,37.853338,6067.993452000001,-175.952,-10.317,226.936,0.8128359838504527
48.8666,128.204872,37.853317,6067.9590096,-175.946,-10.226,226.944,0.8128359838504527
48.8833,128.204843,37.853296,6067.9145088000005,-175.941,-10.133,226.952,0.8128359838504527
48.9,128.204814,37.853275,6067.8602544000005,-175.935,-10.039,226.96,0.8128359838504527
48.9166,128.204785,37.853254,6067.796551200001,-175.93,-9.944,226.968,0.8128359838504527
48.9333,128.204756,37.853234,6067.7233992,-175.925,-9.849,226.976,0.8128359838504527
48.95,128.204727,37.853213,6067.6407984,-175.92,-9.755,226.984,0.8128359838504527
48.9666,128.204698,37.853192,6067.5490536,-175.915,-9.661,226.992,0.8128359838504527
48.9833,128.204668,37.853171,6067.448164800001,-175.91,-9.568,227.0,0.8128359838504527
49.0,128.204639,37.85315,6067.338436800001,-175.906,-9.476,227.008,0.8128359838504527
49.0166,128.20461,37.853129,6067.2201744,-175.901,-9.386,227.016,0.8128359838504527
49.0333,128.204581,37.853108,6067.0933776,-175.897,-9.296,227.024,0.8128359838504527
49.05,128.204552,37.853087,6066.958046400001,-175.893,-9.209,227.031,0.8128359838504527
49.0666,128.204523,37.853066,6066.8141808,-175.889,-9.123,227.039,0.8128359838504527
49.0833,128.204494,37.853045,6066.6623904,-175.885,-9.039,227.046,0.8128359838504527
49.1,128.204464,37.853024,6066.5023704000005,-175.881,-8.956,227.054,0.8128359838504527
49.1166,128.204435,37.853003,6066.3344256,-175.877,-8.876,227.061,0.8128359838504527
49.1333,128.204406,37.852982,6066.158860800001,-175.873,-8.797,227.068,0.8128359838504527
49.15,128.204377,37.852961,6065.9753712,-175.869,-8.72,227.075,0.8128359838504527
49.1666,128.204348,37.85294,6065.7845664,-175.866,-8.645,227.082,0.8128359838504527
49.1833,128.204318,37.852919,6065.586141600001,-175.862,-8.571,227.088,0.8128359838504527
49.2,128.204289,37.852898,6065.3804016,-175.859,-8.5,227.095,0.8128359838504527
49.2166,128.20426,37.852877,6065.1676512,-175.856,-8.43,227.101,0.8128359838504527
49.2333,128.204231,37.852855,6064.9475856,-175.853,-8.362,227.108,0.8128359838504527
49.25,128.204201,37.852834,6064.720509600001,-175.85,-8.296,227.114,0.8128359838504527
49.2666,128.204172,37.852813,6064.486728000001,-175.847,-8.231,227.12,0.8128359838504527
49.2833,128.204143,37.852792,6064.245936,-175.844,-8.168,227.126,0.8128359838504527
49.3,128.204114,37.852771,6063.9987432,-175.841,-8.107,227.132,0.8128359838504527
49.3166,128.204084,37.85275,6063.7448448000005,-175.838,-8.047,227.137,0.8128359838504527
49.3333,128.204055,37.852729,6063.4845456,-175.836,-7.989,227.143,0.8128359838504527
49.35,128.204026,37.852707,6063.2178456,-175.833,-7.932,227.149,0.8128359838504527
49.3666,128.203996,37.852686,6062.9450496,-175.831,-7.877,227.154,0.8128359838504527
49.3833,128.203967,37.852665,6062.6658528,-175.829,-7.823,227.16,0.8128359838504527
49.4,128.203938,37.852644,6062.3808648,-175.826,-7.77,227.165,0.8128359838504527
49.4166,128.203908,37.852623,6062.089476,-175.824,-7.719,227.17,0.8128359838504527
49.4333,128.203879,37.852601,6061.7926008,-175.822,-7.669,227.175,0.8128359838504527
49.45,128.20385,37.85258,6061.4896296,-175.82,-7.62,227.18,0.8128359838504527
49.4666,128.20382,37.852559,6061.1811720000005,-175.818,-7.572,227.185,0.8128359838504527
49.4833,128.203791,37.852538,6060.8669232,-175.817,-7.526,227.19,0.8128359838504527
49.5,128.203762,37.852516,6060.5471880000005,-175.815,-7.48,227.195,0.8128359838504527
49.5166,128.203732,37.852495,6060.2219663999995,-175.814,-7.436,227.2,0.8128359838504527
49.5333,128.203703,37.852474,6059.8912584,-175.812,-7.393,227.204,0.8128359838504527
49.55,128.203673,37.852452,6059.555368800001,-175.811,-7.351,227.209,0.8128359838504527
49.5666,128.203644,37.852431,6059.2142976000005,-175.81,-7.31,227.213,0.8128359838504527
49.5833,128.203614,37.85241,6058.8680448000005,-175.809,-7.269,227.218,0.8128359838504527
49.6,128.203585,37.852388,6058.516610400001,-175.808,-7.23,227.222,0.8128359838504527
49.6166,128.203555,37.852367,6058.1602992,-175.807,-7.192,227.227,0.8128359838504527
49.6333,128.203526,37.852346,6057.799111200001,-175.806,-7.155,227.231,0.8128359838504527
49.65,128.203496,37.852324,6057.432741600001,-175.805,-7.119,227.235,0.8128359838504527
49.6666,128.203467,37.852303,6057.0618,-175.804,-7.083,227.239,0.8128359838504527
49.6833,128.203437,37.852282,6056.6862864,-175.804,-7.049,227.243,0.8128359838504527
49.7,128.203408,37.85226,6056.305896000001,-175.803,-7.015,227.247,0.8128359838504527
49.7166,128.203378,37.852239,6055.9209336,-175.803,-6.982,227.251,0.8128359838504527
49.7333,128.203349,37.852217,6055.5313992,-175.803,-6.957,227.255,0.8128359838504527
49.75,128.203319,37.852196,6055.1366832,-175.803,-6.948,227.257,0.8128359838504527
49.7666,128.203289,37.852174,6054.7373952,-175.802,-6.963,227.257,0.8128359838504527
49.7833,128.20326,37.852153,6054.3332304,-175.802,-7.007,227.256,0.8128359838504527
49.8,128.20323,37.852132,6053.923579200001,-175.801,-7.087,227.251,0.8128359838504527
49.8166,128.2032,37.85211,6053.508746400001,-175.8,-7.208,227.244,0.8128359838504527
49.8333,128.203171,37.852089,6053.0884272,-175.798,-7.373,227.233,0.8128359838504527
49.85,128.203141,37.852067,6052.662012,-175.796,-7.589,227.219,0.8128359838504527
49.8666,128.203112,37.852046,6052.229805600001,-175.794,-7.854,227.201,0.8128359838504527
49.8833,128.203082,37.852024,6051.791808,-175.791,-8.163,227.18,0.8128359838504527
49.9,128.203052,37.852003,6051.3471048,-175.788,-8.51,227.155,0.8128359838504527
49.9166,128.203023,37.851981,6050.8963056,-175.784,-8.891,227.129,0.8128359838504527
49.9333,128.202993,37.851959,6050.4388008000005,-175.779,-9.301,227.1,0.8128359838504527
49.95,128.202963,37.851938,6049.9739808,-175.774,-9.734,227.069,0.8128359838504527
49.9666,128.202934,37.851916,6049.5024552,-175.769,-10.187,227.036,0.8128359838504527
49.9833,128.202904,37.851895,6049.0233096,-175.762,-10.654,227.003,0.8128359838504527
50.0,128.202874,37.851873,6048.536544,-175.756,-11.131,226.969,0.8128359838504527
50.0166,128.202844,37.851852,6048.0421584000005,-175.749,-11.616,226.934,0.8128359838504527
50.0333,128.202815,37.85183,6047.539238400001,-175.741,-12.105,226.898,0.8128359838504527
50.05,128.202785,37.851809,6047.0280888,-175.733,-12.596,226.862,0.8128359838504527
50.0666,128.202755,37.851787,6046.508404800001,-175.724,-13.086,226.827,0.8128359838504527
50.0833,128.202726,37.851765,6045.9795768,-175.715,-13.576,226.791,0.8128359838504527
50.1,128.202696,37.851744,6045.4419096,-175.705,-14.062,226.755,0.8128359838504527
50.1166,128.202666,37.851722,6044.8944888,-175.695,-14.545,226.719,0.8128359838504527
50.1333,128.202636,37.8517,6044.337924,-175.685,-15.022,226.684,0.8128359838504527
50.15,128.202607,37.851679,6043.7713008,-175.674,-15.493,226.649,0.8128359838504527
50.1666,128.202577,37.851657,6043.194924,-175.663,-15.958,226.614,0.8128359838504527
50.1833,128.202547,37.851635,6042.608184000001,-175.651,-16.415,226.58,0.8128359838504527
50.2,128.202518,37.851614,6042.0113856,-175.639,-16.865,226.546,0.8128359838504527
50.2166,128.202488,37.851592,6041.403919200001,-175.626,-17.308,226.513,0.8128359838504527
50.2333,128.202458,37.851571,6040.78548,-175.614,-17.743,226.48,0.8128359838504527
50.25,128.202428,37.851549,6040.1566776,-175.601,-18.169,226.448,0.8128359838504527
50.2666,128.202399,37.851527,6039.516597600001,-175.587,-18.588,226.416,0.8128359838504527
50.2833,128.202369,37.851506,6038.86524,-175.574,-18.999,226.384,0.8128359838504527
50.3,128.202339,37.851484,6038.202909600001,-175.56,-19.402,226.353,0.8128359838504527
50.3166,128.20231,37.851462,6037.528996800001,-175.545,-19.797,226.323,0.8128359838504527
50.3333,128.20228,37.85144,6036.8431968,-175.531,-20.185,226.293,0.8128359838504527
50.35,128.20225,37.851419,6036.146119200001,-175.516,-20.565,226.263,0.8128359838504527
50.3666,128.202221,37.851397,6035.4371544000005,-175.501,-20.938,226.234,0.8128359838504527
50.3833,128.202191,37.851375,6034.715997600001,-175.486,-21.305,226.205,0.8128359838504527
50.4,128.202162,37.851354,6033.9829536,-175.471,-21.665,226.177,0.8128359838504527
50.4166,128.202132,37.851332,6033.2377176,-175.455,-22.018,226.149,0.8128359838504527
50.4333,128.202102,37.85131,6032.4802896,-175.439,-22.365,226.121,0.8128359838504527
50.45,128.202073,37.851289,6031.710669600001,-175.423,-22.707,226.094,0.8128359838504527
50.4666,128.202043,37.851267,6030.928248,-175.407,-23.043,226.067,0.8128359838504527
50.4833,128.202014,37.851245,6030.1336344,-175.39,-23.374,226.04,0.8128359838504527
50.5,128.201984,37.851224,6029.3262192,-175.374,-23.701,226.014,0.8128359838504527
50.5166,128.201955,37.851202,6028.5063072,-175.357,-24.023,225.987,0.8128359838504527
50.5333,128.201925,37.851181,6027.6735936,-175.34,-24.342,225.961,0.8128359838504527
50.55,128.201896,37.851159,6026.827773600001,-175.322,-24.656,225.935,0.8128359838504527
50.5666,128.201866,37.851137,6025.9694568,-175.304,-24.967,225.909,0.8128359838504527
50.5833,128.201837,37.851116,6025.098033600001,-175.286,-25.275,225.884,0.8128359838504527
50.6,128.201808,37.851094,6024.213504,-175.268,-25.579,225.858,0.8128359838504527
50.6166,128.201778,37.851072,6023.3161728000005,-175.25,-25.881,225.832,0.8128359838504527
50.6333,128.201749,37.851051,6022.4054304,-175.231,-26.179,225.807,0.8128359838504527
50.65,128.20172,37.851029,6021.4815816,-175.212,-26.475,225.782,0.8128359838504527
50.6666,128.20169,37.851008,6020.5446264,-175.193,-26.768,225.756,0.8128359838504527
50.6833,128.201661,37.850986,6019.594260000001,-175.174,-27.059,225.731,0.8128359838504527
50.7,128.201632,37.850964,6018.630482400001,-175.155,-27.348,225.706,0.8128359838504527
50.7166,128.201602,37.850943,6017.6535984,-175.135,-27.634,225.681,0.8128359838504527
50.7333,128.201573,37.850921,6016.6633032,-175.115,-27.918,225.656,0.8128359838504527
50.75,128.201544,37.8509,6015.659292,-175.095,-28.2,225.631,0.8128359838504527
50.7666,128.201515,37.850878,6014.641869600001,-175.074,-28.48,225.605,0.8128359838504527
50.7833,128.201486,37.850857,6013.611036,-175.054,-28.759,225.58,0.8128359838504527
50.8,128.201457,37.850835,6012.5664864,-175.033,-29.035,225.555,0.8128359838504527
50.8166,128.201428,37.850814,6011.5085256,-175.012,-29.31,225.53,0.8128359838504527
50.8333,128.201399,37.850792,6010.4368488,-174.991,-29.583,225.505,0.8128359838504527
50.85,128.20137,37.850771,6009.351760800001,-174.97,-29.854,225.479,0.8128359838504527
50.8666,128.201341,37.850749,6008.252652000001,-174.948,-30.124,225.454,0.8128359838504527
50.8833,128.201312,37.850728,6007.140132,-174.926,-30.393,225.429,0.8128359838504527
50.9,128.201283,37.850706,6006.0135912000005,-174.905,-30.66,225.403,0.8128359838504527
50.9166,128.201254,37.850685,6004.8736392,-174.883,-30.926,225.378,0.8128359838504527
50.9333,128.201225,37.850663,6003.718752000001,-174.915,-31.191,225.357,0.8128359838504527
50.95,128.201197,37.850642,6002.5492343999995,-175.002,-31.456,225.342,0.8128359838504527
50.9666,128.201168,37.850621,6001.3638672,-175.142,-31.719,225.331,0.8128359838504527
50.9833,128.201139,37.850599,6000.16326,-175.334,-31.982,225.324,0.8128359838504527
51.0,128.201111,37.850578,5998.9458888,-175.579,-32.244,225.32,0.8128359838504527
51.0166,128.201082,37.850557,5997.7120584,-175.875,-32.505,225.319,0.8128359838504527
51.0333,128.201054,37.850535,5996.4611592,-176.22,-32.765,225.321,0.8128359838504527
51.05,128.201025,37.850514,5995.1928864,-176.614,-33.025,225.326,0.8128359838504527
51.0666,128.200997,37.850493,5993.9066304,-177.055,-33.284,225.333,0.8128359838504527
51.0833,128.200969,37.850472,5992.6036104,-177.541,-33.542,225.344,0.8128359838504527
51.1,128.20094,37.850451,5991.2832167999995,-178.072,-33.801,225.357,0.8128359838504527
51.1166,128.200912,37.850429,5989.9454496,-178.645,-34.058,225.374,0.8128359838504527
51.1333,128.200884,37.850408,5988.5906136,-179.259,-34.316,225.394,0.8128359838504527
51.15,128.200856,37.850387,5987.218404,-179.913,-34.574,225.419,0.8128359838504527
51.1666,128.200828,37.850366,5985.8294304,179.395,-34.832,225.447,0.8128359838504527
51.1833,128.2008,37.850346,5984.4230832,178.667,-35.09,225.48,0.8128359838504527
51.2,128.200772,37.850325,5982.9999720000005,177.904,-35.349,225.518,0.8128359838504527
51.2166,128.200744,37.850304,5981.560096800001,177.107,-35.607,225.56,0.8128359838504527
51.2333,128.200716,37.850283,5980.1031528,176.279,-35.866,225.608,0.8128359838504527
51.25,128.200689,37.850262,5978.6294448,175.42,-36.125,225.662,0.8128359838504527
51.2666,128.200661,37.850242,5977.1392776,174.532,-36.384,225.722,0.8128359838504527
51.2833,128.200633,37.850221,5975.632041600001,173.616,-36.643,225.788,0.8128359838504527
51.3,128.200606,37.8502,5974.1086512,172.674,-36.901,225.861,0.8128359838504527
51.3166,128.200578,37.85018,5972.5684968000005,171.706,-37.16,225.94,0.8128359838504527
51.3333,128.200551,37.850159,5971.012188000001,170.715,-37.418,226.027,0.8128359838504527
51.35,128.200523,37.850139,5969.439420000001,169.7,-37.676,226.121,0.8128359838504527
51.3666,128.200496,37.850119,5967.8504976,168.663,-37.933,226.223,0.8128359838504527
51.3833,128.200469,37.850098,5966.2454208,167.606,-38.19,226.333,0.8128359838504527
51.4,128.200441,37.850078,5964.6241896,166.529,-38.446,226.451,0.8128359838504527
51.4166,128.200414,37.850058,5962.9871088,165.433,-38.701,226.577,0.8128359838504527
51.4333,128.200387,37.850038,5961.3344832,164.319,-38.955,226.712,0.8128359838504527
51.4499,128.200359,37.850018,5959.6657032,163.188,-39.208,226.856,0.8128359838504527
51.4666,128.200332,37.849998,5957.981683200001,162.04,-39.459,227.009,0.8128359838504527
51.4833,128.200305,37.849978,5956.2821184,160.877,-39.709,227.171,0.8128359838504527
51.5,128.200278,37.849958,5954.567008800001,159.699,-39.957,227.343,0.8128359838504527
51.5166,128.200251,37.849938,5952.836964,158.506,-40.203,227.524,0.8128359838504527
51.5333,128.200224,37.849919,5951.0928984,157.415,-40.45,227.704,0.8128359838504527
51.55,128.200197,37.849899,5949.334812,156.424,-40.699,227.882,0.8128359838504527
51.5666,128.20017,37.84988,5947.5636192,155.532,-40.949,228.061,0.8128359838504527
51.5833,128.200143,37.84986,5945.779015200001,154.737,-41.199,228.242,0.8128359838504527
51.6,128.200116,37.849841,5943.9822192,154.039,-41.45,228.426,0.8128359838504527
51.6166,128.200089,37.849821,5942.1729264000005,153.437,-41.7,228.614,0.8128359838504527
51.6333,128.200062,37.849802,5940.351746400001,152.927,-41.95,228.806,0.8128359838504527
51.65,128.200035,37.849783,5938.5192888,152.509,-42.199,229.002,0.8128359838504527
51.6666,128.200008,37.849764,5936.6755536,152.181,-42.448,229.202,0.8128359838504527
51.6833,128.199981,37.849745,5934.8211504,151.941,-42.696,229.405,0.8128359838504527
51.6999,128.199954,37.849725,5932.956079200001,151.786,-42.943,229.612,0.8128359838504527
51.7166,128.199927,37.849706,5931.0806448,151.715,-43.189,229.821,0.8128359838504527
51.7333,128.1999,37.849687,5929.195456800001,151.727,-43.434,230.033,0.8128359838504527
51.75,128.199873,37.849668,5927.3005152000005,151.818,-43.678,230.245,0.8128359838504527
51.7666,128.199847,37.849649,5925.3961248000005,151.987,-43.922,230.458,0.8128359838504527
51.7833,128.19982,37.849631,5923.4825904,152.231,-44.164,230.67,0.8128359838504527
51.8,128.199793,37.849612,5921.5602168,152.55,-44.405,230.882,0.8128359838504527
51.8166,128.199766,37.849593,5919.6293088,152.941,-44.646,231.091,0.8128359838504527
51.8333,128.199739,37.849574,5917.688952,153.402,-44.885,231.297,0.8128359838504527
51.85,128.199712,37.849555,5915.739451200001,153.93,-45.123,231.5,0.8128359838504527
51.8666,128.199685,37.849536,5913.781111200001,154.524,-45.361,231.699,0.8128359838504527
51.8833,128.199658,37.849518,5911.8133224,155.181,-45.597,231.892,0.8128359838504527
51.9,128.199631,37.849499,5909.8360848,155.899,-45.833,232.079,0.8128359838504527
51.9166,128.199605,37.84948,5907.8493984,156.676,-46.067,232.26,0.8128359838504527
51.9333,128.199578,37.849462,5905.853263200001,157.508,-46.301,232.434,0.8128359838504527
51.9499,128.199551,37.849443,5903.847679200001,158.394,-46.534,232.6,0.8128359838504527
51.9666,128.199524,37.849425,5901.8320368,159.33,-46.766,232.758,0.8128359838504527
51.9833,128.199497,37.849406,5899.8069456,160.314,-46.997,232.907,0.8128359838504527
52.0,128.199471,37.849388,5897.772100800001,161.343,-47.228,233.047,0.8128359838504527
52.0166,128.199444,37.849369,5895.727197600001,162.414,-47.458,233.177,0.8128359838504527
52.0333,128.199417,37.849351,5893.6725408,163.524,-47.688,233.297,0.8128359838504527
52.05,128.19939,37.849332,5891.6078256,164.67,-47.917,233.406,0.8128359838504527
52.0666,128.199364,37.849314,5889.533052000001,165.849,-48.145,233.504,0.8128359838504527
52.0833,128.199337,37.849296,5887.4479152,167.059,-48.374,233.592,0.8128359838504527
52.1,128.19931,37.849277,5885.353024800001,168.297,-48.601,233.667,0.8128359838504527
52.1166,128.199284,37.849259,5883.2477712,169.559,-48.828,233.731,0.8128359838504527
52.1333,128.199257,37.849241,5881.1321544,170.843,-49.055,233.783,0.8128359838504527
52.15,128.199231,37.849223,5879.006479200001,172.145,-49.281,233.823,0.8128359838504527
52.1666,128.199204,37.849205,5876.8704408,173.464,-49.507,233.85,0.8128359838504527
52.1833,128.199178,37.849187,5874.7240392,174.796,-49.732,233.864,0.8128359838504527
52.1999,128.199151,37.849169,5872.5672744,176.139,-49.957,233.865,0.8128359838504527
52.2166,128.199125,37.849151,5870.4004512,177.491,-50.181,233.852,0.8128359838504527
52.2333,128.199098,37.849133,5868.222960000001,178.85,-50.404,233.827,0.8128359838504527
52.25,128.199072,37.849115,5866.035105600001,-179.787,-50.626,233.787,0.8128359838504527
52.2666,128.199046,37.849097,5863.837192800001,-178.422,-50.848,233.734,0.8128359838504527
52.2833,128.199019,37.849079,5861.6289168,-177.056,-51.069,233.666,0.8128359838504527
52.3,128.198993,37.849061,5859.4102776,-175.69,-51.288,233.584,0.8128359838504527
52.3166,128.198967,37.849043,5857.1812752,-174.328,-51.507,233.488,0.8128359838504527
52.3333,128.198941,37.849025,5854.9419096,-172.968,-51.724,233.378,0.8128359838504527
52.35,128.198914,37.849008,5852.6924856000005,-171.613,-51.94,233.253,0.8128359838504527
52.3666,128.198888,37.84899,5850.4330032,-170.264,-52.155,233.113,0.8128359838504527
52.3833,128.198862,37.848972,5848.1631576,-168.919,-52.368,232.958,0.8128359838504527
52.4,128.198836,37.848954,5845.8829488,-167.579,-52.578,232.789,0.8128359838504527
52.4166,128.19881,37.848937,5843.5929864,-166.245,-52.787,232.604,0.8128359838504527
52.4333,128.198785,37.848919,5841.292660800001,-164.915,-52.994,232.403,0.8128359838504527
52.45,128.198759,37.848901,5838.9825816,-163.59,-53.197,232.187,0.8128359838504527
52.4666,128.198733,37.848884,5836.662444,-162.269,-53.399,231.956,0.8128359838504527
52.4833,128.198707,37.848866,5834.332248,-160.952,-53.597,231.71,0.8128359838504527
52.5,128.198681,37.848849,5831.9922983999995,-159.638,-53.792,231.448,0.8128359838504527
52.5166,128.198656,37.848831,5829.6422904,-158.328,-53.984,231.171,0.8128359838504527
52.5333,128.19863,37.848813,5827.2825288,-157.019,-54.172,230.88,0.8128359838504527
52.55,128.198605,37.848796,5824.9130136,-155.713,-54.356,230.573,0.8128359838504527
52.5666,128.198579,37.848778,5822.5337448,-154.408,-54.536,230.252,0.8128359838504527
52.5833,128.198554,37.848761,5820.1450272,-153.103,-54.712,229.917,0.8128359838504527
52.6,128.198528,37.848743,5817.746556000001,-151.799,-54.884,229.567,0.8128359838504527
52.6166,128.198503,37.848726,5815.3383312000005,-150.495,-55.05,229.202,0.8128359838504527
52.6333,128.198478,37.848708,5812.9206576,-149.19,-55.211,228.822,0.8128359838504527
52.65,128.198453,37.848691,5810.4935352,-147.884,-55.366,228.426,0.8128359838504527
52.6666,128.198428,37.848673,5808.056964,-146.576,-55.514,228.014,0.8128359838504527
52.6833,128.198403,37.848656,5805.610944,-145.267,-55.656,227.587,0.8128359838504527
52.7,128.198378,37.848638,5803.15578,-143.955,-55.79,227.143,0.8128359838504527
52.7166,128.198353,37.848621,5800.6911672,-142.641,-55.917,226.684,0.8128359838504527
52.7333,128.198328,37.848603,5798.2186296,-141.432,-56.042,226.223,0.8128359838504527
52.75,128.198303,37.848586,5795.736338400001,-140.332,-56.167,225.762,0.8128359838504527
52.7666,128.198278,37.848569,5793.2449032,-139.33,-56.29,225.301,0.8128359838504527
52.7833,128.198254,37.848551,5790.7440192,-138.417,-56.412,224.838,0.8128359838504527
52.8,128.198229,37.848534,5788.2336864,-137.587,-56.532,224.373,0.8128359838504527
52.8166,128.198205,37.848516,5785.7136,-136.831,-56.649,223.906,0.8128359838504527
52.8333,128.198181,37.848499,5783.183760000001,-136.142,-56.763,223.436,0.8128359838504527
52.85,128.198156,37.848481,5780.6438616,-135.514,-56.875,222.964,0.8128359838504527
52.8666,128.198132,37.848464,5778.0939048,-134.942,-56.984,222.489,0.8128359838504527
52.8833,128.198109,37.848447,5775.5338896,-134.42,-57.09,222.011,0.8128359838504527
52.9,128.198085,37.848429,5772.9635112000005,-133.943,-57.193,221.531,0.8128359838504527
52.9166,128.198061,37.848412,5770.383684000001,-133.506,-57.293,221.049,0.8128359838504527
52.9333,128.198038,37.848394,5767.794408,-133.106,-57.39,220.564,0.8128359838504527
52.95,128.198014,37.848377,5765.1956832000005,-132.737,-57.485,220.077,0.8128359838504527
52.9666,128.197991,37.84836,5762.5875096,-132.397,-57.577,219.588,0.8128359838504527
52.9833,128.197968,37.848342,5759.970496800001,-132.083,-57.668,219.097,0.8128359838504527
53.0,128.197945,37.848325,5757.3440352,-131.792,-57.756,218.605,0.8128359838504527
53.0166,128.197922,37.848307,5754.7090392,-131.52,-57.843,218.112,0.8128359838504527
53.0333,128.1979,37.84829,5752.0648992,-131.267,-57.928,217.619,0.8128359838504527
53.05,128.197877,37.848273,5749.412224800001,-131.029,-58.013,217.127,0.8128359838504527
53.0666,128.197855,37.848255,5746.750711200001,-130.806,-58.096,216.635,0.8128359838504527
53.0833,128.197832,37.848238,5744.080968,-130.595,-58.179,216.145,0.8128359838504527
53.1,128.19781,37.84822,5741.4023856,-130.395,-58.262,215.657,0.8128359838504527
53.1166,128.197788,37.848203,5738.715268800001,-130.204,-58.346,215.171,0.8128359838504527
53.1333,128.197766,37.848186,5736.0199224,-130.022,-58.43,214.689,0.8128359838504527
53.15,128.197744,37.848168,5733.316346400001,-129.848,-58.515,214.21,0.8128359838504527
53.1666,128.197722,37.848151,5730.604236,-129.679,-58.601,213.736,0.8128359838504527
53.1833,128.197701,37.848134,5727.883896,-129.517,-58.689,213.267,0.8128359838504527
53.2,128.197679,37.848116,5725.1556312,-129.359,-58.779,212.803,0.8128359838504527
53.2166,128.197658,37.848099,5722.418832,-129.206,-58.871,212.344,0.8128359838504527
53.2333,128.197637,37.848082,5719.674108,-129.056,-58.965,211.89,0.8128359838504527
53.25,128.197616,37.848064,5716.9211544,-128.91,-59.06,211.439,0.8128359838504527
53.2666,128.197595,37.848047,5714.1599712,-128.765,-59.157,210.992,0.8128359838504527
53.2833,128.197574,37.84803,5711.3908632,-128.622,-59.254,210.549,0.8128359838504527
53.3,128.197553,37.848012,5708.6135256,-128.48,-59.352,210.108,0.8128359838504527
53.3166,128.197533,37.847995,5705.8282632,-128.339,-59.451,209.67,0.8128359838504527
53.3333,128.197512,37.847978,5703.0347712,-128.197,-59.551,209.235,0.8128359838504527
53.35,128.197492,37.84796,5700.2333544,-128.054,-59.652,208.802,0.8128359838504527
53.3666,128.197472,37.847943,5697.4240128,-127.91,-59.752,208.371,0.8128359838504527
53.3833,128.197452,37.847926,5694.606441600001,-127.763,-59.854,207.942,0.8128359838504527
53.4,128.197432,37.847909,5691.7809456,-127.614,-59.956,207.515,0.8128359838504527
53.4166,128.197412,37.847891,5688.947524800001,-127.462,-60.058,207.089,0.8128359838504527
53.4333,128.197393,37.847874,5686.106179200001,-127.307,-60.161,206.666,0.8128359838504527
53.45,128.197373,37.847857,5683.256604,-127.148,-60.265,206.243,0.8128359838504527
53.4666,128.197354,37.84784,5680.3994088,-126.984,-60.368,205.822,0.8128359838504527
53.4833,128.197335,37.847823,5677.5342888,-126.816,-60.473,205.402,0.8128359838504527
53.5,128.197316,37.847805,5674.661244,-126.643,-60.577,204.983,0.8128359838504527
53.5166,128.197297,37.847788,5671.780274400001,-126.465,-60.682,204.565,0.8128359838504527
53.5333,128.197278,37.847771,5668.89138,-126.282,-60.787,204.148,0.8128359838504527
53.55,128.197259,37.847754,5665.994865600001,-126.093,-60.893,203.732,0.8128359838504527
53.5666,128.197241,37.847737,5663.0904264,-125.898,-60.998,203.316,0.8128359838504527
53.5833,128.197223,37.84772,5660.1783672,-125.697,-61.104,202.9,0.8128359838504527
53.6,128.197204,37.847703,5657.258383200001,-125.491,-61.21,202.485,0.8128359838504527
53.6166,128.197186,37.847686,5654.3307792000005,-125.278,-61.317,202.07,0.8128359838504527
53.6333,128.197168,37.847669,5651.395250400001,-125.059,-61.423,201.655,0.8128359838504527
53.65,128.197151,37.847652,5648.452406400001,-124.834,-61.53,201.24,0.8128359838504527
53.6666,128.197133,37.847635,5645.5016376,-124.602,-61.636,200.825,0.8128359838504527
53.6833,128.197115,37.847618,5642.5432488,-124.364,-61.743,200.409,0.8128359838504527
53.7,128.197098,37.847601,5639.5775448,-124.12,-61.85,199.993,0.8128359838504527
53.7166,128.197081,37.847584,5636.6042208,-123.869,-61.956,199.576,0.8128359838504527
53.7333,128.197064,37.847567,5633.6232768,-123.612,-62.063,199.159,0.8128359838504527
53.75,128.197047,37.84755,5630.6347128,-123.348,-62.17,198.741,0.8128359838504527
53.7666,128.19703,37.847533,5627.638833600001,-123.078,-62.276,198.321,0.8128359838504527
53.7833,128.197014,37.847516,5624.6356392,-122.801,-62.382,197.901,0.8128359838504527
53.8,128.196997,37.847499,5621.624824800001,-122.518,-62.488,197.479,0.8128359838504527
53.8166,128.196981,37.847482,5618.6066952,-122.229,-62.594,197.056,0.8128359838504527
53.8333,128.196965,37.847465,5615.5815552,-121.933,-62.699,196.631,0.8128359838504527
53.85,128.196949,37.847449,5612.5487952,-121.631,-62.804,196.205,0.8128359838504527
53.8666,128.196933,37.847432,5609.508720000001,-121.323,-62.909,195.777,0.8128359838504527
53.8833,128.196917,37.847415,5606.4616344,-121.008,-63.014,195.348,0.8128359838504527
53.9,128.196901,37.847398,5603.407538400001,-120.688,-63.118,194.916,0.8128359838504527
53.9166,128.196886,37.847382,5600.3461272,-120.361,-63.221,194.482,0.8128359838504527
53.9333,128.196871,37.847365,5597.277400800001,-120.096,-63.329,194.053,0.8128359838504527
53.95,128.196856,37.847348,5594.2010544,-119.891,-63.442,193.628,0.8128359838504527
53.9666,128.196841,37.847332,5591.117088000001,-119.745,-63.557,193.205,0.8128359838504527
53.9833,128.196826,37.847315,5588.025806400001,-119.658,-63.676,192.785,0.8128359838504527
54.0,128.196811,37.847299,5584.9262952,-119.626,-63.796,192.365,0.8128359838504527
54.0166,128.196797,37.847282,5581.8191640000005,-119.65,-63.919,191.946,0.8128359838504527
54.0333,128.196783,37.847266,5578.704108,-119.726,-64.042,191.527,0.8128359838504527
54.05,128.196769,37.847249,5575.5808224,-119.854,-64.167,191.107,0.8128359838504527
54.0666,128.196755,37.847233,5572.4493072,-120.03,-64.294,190.688,0.8128359838504527
54.0833,128.196741,37.847216,5569.3098672,-120.252,-64.422,190.268,0.8128359838504527
54.1,128.196728,37.8472,5566.162197600001,-120.518,-64.551,189.847,0.8128359838504527
54.1166,128.196715,37.847184,5563.0066031999995,-120.826,-64.683,189.425,0.8128359838504527
54.1333,128.196702,37.847168,5559.842779200001,-121.173,-64.817,189.003,0.8128359838504527
54.15,128.196689,37.847151,5556.6713352,-121.556,-64.954,188.579,0.8128359838504527
54.1666,128.196677,37.847135,5553.4916616,-121.974,-65.094,188.155,0.8128359838504527
54.1833,128.196664,37.847119,5550.304368,-122.423,-65.236,187.73,0.8128359838504527
54.2,128.196652,37.847103,5547.1088448,-122.903,-65.382,187.303,0.8128359838504527
54.2166,128.19664,37.847087,5543.905396800001,-123.41,-65.531,186.876,0.8128359838504527
54.2333,128.196628,37.847071,5540.694024,-123.943,-65.684,186.449,0.8128359838504527
54.25,128.196617,37.847055,5537.475031200001,-124.501,-65.84,186.02,0.8128359838504527
54.2666,128.196605,37.84704,5534.2478088,-125.08,-66.001,185.592,0.8128359838504527
54.2833,128.196594,37.847024,5531.0129664,-125.68,-66.165,185.164,0.8128359838504527
54.3,128.196583,37.847008,5527.7701992,-126.299,-66.334,184.735,0.8128359838504527
54.3166,128.196572,37.846993,5524.5195072,-126.935,-66.507,184.307,0.8128359838504527
54.3333,128.196561,37.846977,5521.2608904,-127.587,-66.685,183.879,0.8128359838504527
54.35,128.196551,37.846962,5517.9943488,-128.254,-66.867,183.452,0.8128359838504527
54.3666,128.19654,37.846946,5514.7201872000005,-128.934,-67.055,183.026,0.8128359838504527
54.3833,128.19653,37.846931,5511.4381008,-129.626,-67.247,182.6,0.8128359838504527
54.4,128.19652,37.846916,5508.1480896,-130.33,-67.443,182.176,0.8128359838504527
54.4166,128.19651,37.846901,5504.8504584,-131.044,-67.645,181.754,0.8128359838504527
54.4333,128.1965,37.846886,5501.5449024,-131.768,-67.851,181.333,0.8128359838504527
54.45,128.196491,37.846871,5498.2317264,-132.5,-68.063,180.914,0.8128359838504527
54.4666,128.196481,37.846856,5494.9106256,-133.241,-68.28,180.498,0.8128359838504527
54.4833,128.196472,37.846841,5491.5816,-133.99,-68.501,180.084,0.8128359838504527
54.5,128.196463,37.846826,5488.2452592,-134.746,-68.728,179.672,0.8128359838504527
54.5166,128.196454,37.846812,5484.9009936,-135.509,-68.959,179.264,0.8128359838504527
54.5333,128.196445,37.846797,5481.5494128,-136.137,-69.189,178.837,0.8128359838504527
54.55,128.196436,37.846783,5478.1905168,-136.633,-69.415,178.39,0.8128359838504527
54.5666,128.196428,37.846768,5474.824610400001,-137.001,-69.641,177.928,0.8128359838504527
54.5833,128.196419,37.846754,5471.4519984,-137.248,-69.867,177.454,0.8128359838504527
54.6,128.196411,37.84674,5468.0726808,-137.388,-70.095,176.971,0.8128359838504527
54.6166,128.196403,37.846726,5464.6869624,-137.429,-70.324,176.483,0.8128359838504527
54.6333,128.196395,37.846711,5461.295148,-137.381,-70.557,175.991,0.8128359838504527
54.65,128.196387,37.846697,5457.8969328,-137.254,-70.792,175.494,0.8128359838504527
54.6666,128.196379,37.846684,5454.4929264,-137.054,-71.03,174.995,0.8128359838504527
54.6833,128.196371,37.84667,5451.082824000001,-136.789,-71.27,174.492,0.8128359838504527
54.7,128.196363,37.846656,5447.6672352,-136.464,-71.511,173.985,0.8128359838504527
54.7166,128.196355,37.846642,5444.245855200001,-136.086,-71.754,173.473,0.8128359838504527
54.7333,128.196348,37.846628,5440.818379200001,-135.657,-71.998,172.956,0.8128359838504527
54.75,128.19634,37.846615,5437.385112,-135.183,-72.242,172.434,0.8128359838504527
54.7666,128.196333,37.846601,5433.9457488,-134.668,-72.485,171.904,0.8128359838504527
54.7833,128.196326,37.846588,5430.5002896,-134.114,-72.728,171.368,0.8128359838504527
54.8,128.196319,37.846574,5427.0490392,-133.525,-72.968,170.823,0.8128359838504527
54.8166,128.196311,37.846561,5423.5919976000005,-132.901,-73.207,170.269,0.8128359838504527
54.8333,128.196304,37.846548,5420.128860000001,-132.247,-73.444,169.705,0.8128359838504527
54.85,128.196298,37.846535,5416.6596264,-131.562,-73.678,169.129,0.8128359838504527
54.8666,128.196291,37.846522,5413.184601600001,-130.848,-73.91,168.54,0.8128359838504527
54.8833,128.196284,37.846509,5409.7037856,-130.106,-74.138,167.938,0.8128359838504527
54.9,128.196278,37.846496,5406.2171784,-129.337,-74.362,167.321,0.8128359838504527
54.9166,128.196271,37.846483,5402.72478,-128.541,-74.583,166.688,0.8128359838504527
54.9333,128.196265,37.846471,5399.2265904000005,-127.72,-74.8,166.039,0.8128359838504527
54.95,128.196259,37.846458,5395.7226096,-126.873,-75.013,165.371,0.8128359838504527
54.9666,128.196252,37.846445,5392.212837600001,-126.001,-75.222,164.686,0.8128359838504527
54.9833,128.196246,37.846433,5388.6975792,-125.106,-75.426,163.981,0.8128359838504527
55.0,128.196241,37.846421,5385.1768344,-124.186,-75.626,163.257,0.8128359838504527
55.0166,128.196235,37.846408,5381.6506032,-123.244,-75.821,162.513,0.8128359838504527
55.0333,128.196229,37.846396,5378.1188856,-122.278,-76.012,161.747,0.8128359838504527
55.05,128.196224,37.846384,5374.581681600001,-121.29,-76.198,160.961,0.8128359838504527
55.0666,128.196218,37.846372,5371.0389912,-120.28,-76.379,160.152,0.8128359838504527
55.0833,128.196213,37.84636,5367.491424000001,-119.248,-76.555,159.321,0.8128359838504527
55.1,128.196208,37.846349,5363.938370400001,-118.195,-76.725,158.468,0.8128359838504527
55.1166,128.196202,37.846337,5360.3801352,-117.12,-76.891,157.592,0.8128359838504527
55.1333,128.196197,37.846325,5356.8167184,-116.024,-77.051,156.693,0.8128359838504527
55.15,128.196193,37.846314,5353.248424800001,-114.907,-77.205,155.77,0.8128359838504527
55.1666,128.196188,37.846302,5349.6749496,-113.77,-77.354,154.825,0.8128359838504527
55.1833,128.196183,37.846291,5346.096597600001,-112.613,-77.497,153.856,0.8128359838504527
55.2,128.196179,37.84628,5342.5136736,-111.436,-77.635,152.864,0.8128359838504527
55.2166,128.196174,37.846269,5338.925568000001,-110.24,-77.766,151.85,0.8128359838504527
55.2333,128.19617,37.846258,5335.3328904,-109.025,-77.892,150.814,0.8128359838504527
55.25,128.196166,37.846247,5331.7356408000005,-107.793,-78.011,149.756,0.8128359838504527
55.2666,128.196162,37.846236,5328.1338192,-106.543,-78.124,148.676,0.8128359838504527
55.2833,128.196158,37.846225,5324.5274256,-105.277,-78.231,147.576,0.8128359838504527
55.3,128.196154,37.846214,5320.91646,-103.995,-78.331,146.456,0.8128359838504527
55.3166,128.19615,37.846204,5317.3009224,-102.699,-78.425,145.318,0.8128359838504527
55.3333,128.196147,37.846193,5313.6814224,-101.388,-78.513,144.161,0.8128359838504527
55.35,128.196143,37.846183,5310.0573504,-100.066,-78.594,142.988,0.8128359838504527
55.3666,128.19614,37.846172,5306.429011200001,-98.731,-78.668,141.799,0.8128359838504527
55.3833,128.196137,37.846162,5302.7967096,-97.387,-78.736,140.596,0.8128359838504527
55.4,128.196134,37.846152,5299.1604456000005,-96.034,-78.797,139.379,0.8128359838504527
55.4166,128.196131,37.846142,5295.519914400001,-94.673,-78.851,138.151,0.8128359838504527
55.4333,128.196128,37.846132,5291.8754208,-93.307,-78.899,136.913,0.8128359838504527
55.45,128.196125,37.846122,5288.2269648,-91.935,-78.94,135.666,0.8128359838504527
55.4666,128.196123,37.846113,5284.574851200001,-90.561,-78.974,134.412,0.8128359838504527
55.4833,128.19612,37.846103,5280.9187752,-89.185,-79.001,133.153,0.8128359838504527
55.5,128.196118,37.846093,5277.2590416,-87.809,-79.022,131.889,0.8128359838504527
55.5166,128.196116,37.846084,5273.5956504000005,-86.435,-79.036,130.624,0.8128359838504527
55.5333,128.196114,37.846074,5269.9289064,-85.064,-79.043,129.358,0.8128359838504527
55.55,128.196112,37.846065,5266.2585048,-83.697,-79.044,128.093,0.8128359838504527
55.5666,128.19611,37.846056,5262.5844456,-82.337,-79.039,126.831,0.8128359838504527
55.5833,128.196108,37.846047,5258.9070336,-80.984,-79.027,125.573,0.8128359838504527
55.6,128.196106,37.846038,5255.226573600001,-79.641,-79.009,124.32,0.8128359838504527
55.6166,128.196105,37.846029,5251.542456000001,-78.308,-78.984,123.075,0.8128359838504527
55.6333,128.196104,37.84602,5247.8552904,-76.987,-78.953,121.839,0.8128359838504527
55.65,128.196102,37.846011,5244.164772,-75.679,-78.917,120.612,0.8128359838504527
55.6666,128.196101,37.846003,5240.471510400001,-74.385,-78.874,119.397,0.8128359838504527
55.6833,128.1961,37.845994,5236.774896000001,-73.106,-78.826,118.194,0.8128359838504527
55.7,128.196099,37.845986,5233.0755384,-71.844,-78.772,117.005,0.8128359838504527
55.7166,128.196099,37.845977,5229.3731328,-70.599,-78.713,115.83,0.8128359838504527
55.7333,128.196098,37.845969,5225.667984000001,-69.419,-78.653,114.661,0.8128359838504527
55.75,128.196097,37.845961,5221.960092,-68.302,-78.592,113.499,0.8128359838504527
55.7666,128.196097,37.845953,5218.249456800001,-67.251,-78.53,112.344,0.8128359838504527
55.7833,128.196097,37.845945,5214.536688000001,-66.266,-78.466,111.199,0.8128359838504527
55.8,128.196097,37.845937,5210.821176,-65.349,-78.4,110.065,0.8128359838504527
55.8166,128.196097,37.845929,5207.1032256,-64.499,-78.33,108.942,0.8128359838504527
55.8333,128.196097,37.845922,5203.3834464,-63.715,-78.258,107.83,0.8128359838504527
55.85,128.196098,37.845914,5199.661228800001,-62.994,-78.184,106.73,0.8128359838504527
55.8666,128.196098,37.845907,5195.9371824,-62.336,-78.106,105.64,0.8128359838504527
55.8833,128.196099,37.845899,5192.211002399999,-61.736,-78.026,104.561,0.8128359838504527
55.9,128.1961,37.845892,5188.4826888,-61.193,-77.944,103.49,0.8128359838504527
55.9166,128.196101,37.845885,5184.752546400001,-60.702,-77.859,102.427,0.8128359838504527
55.9333,128.196102,37.845878,5181.02088,-60.261,-77.773,101.371,0.8128359838504527
55.95,128.196103,37.845872,5177.28708,-59.867,-77.684,100.32,0.8128359838504527
55.9666,128.196105,37.845865,5173.551451200001,-59.518,-77.594,99.274,0.8128359838504527
55.9833,128.196106,37.845859,5169.8142984,-59.209,-77.502,98.233,0.8128359838504527
56.0,128.196108,37.845852,5166.0756216,-58.939,-77.409,97.195,0.8128359838504527
56.0166,128.19611,37.845846,5162.335115999999,-58.703,-77.315,96.158,0.8128359838504527
56.0333,128.196112,37.84584,5158.5930864,-58.497,-77.221,95.121,0.8128359838504527
56.05,128.196114,37.845834,5154.849837600001,-58.319,-77.126,94.084,0.8128359838504527
56.0666,128.196117,37.845828,5151.10476,-58.166,-77.032,93.045,0.8128359838504527
56.0833,128.196119,37.845823,5147.3584632,-58.034,-76.938,92.004,0.8128359838504527
56.1,128.196122,37.845817,5143.610642400001,-57.921,-76.845,90.959,0.8128359838504527
56.1166,128.196124,37.845812,5139.8612976,-57.825,-76.753,89.91,0.8128359838504527
56.1333,128.196127,37.845806,5136.1107336000005,-57.742,-76.662,88.855,0.8128359838504527
56.15,128.19613,37.845801,5132.3589504,-57.671,-76.573,87.794,0.8128359838504527
56.1666,128.196133,37.845796,5128.605947999999,-57.609,-76.485,86.727,0.8128359838504527
56.1833,128.196136,37.845791,5124.8517264,-57.554,-76.398,85.652,0.8128359838504527
56.2,128.196139,37.845787,5121.0959808,-57.504,-76.314,84.568,0.8128359838504527
56.2166,128.196143,37.845782,5117.3393208,-57.456,-76.232,83.475,0.8128359838504527
56.2333,128.196146,37.845778,5113.5814416,-57.409,-76.152,82.372,0.8128359838504527
56.25,128.19615,37.845773,5109.8223431999995,-57.36,-76.075,81.258,0.8128359838504527
56.2666,128.196153,37.845769,5106.0620256,-57.308,-76.001,80.132,0.8128359838504527
56.2833,128.196157,37.845765,5102.300793599999,-57.25,-75.929,78.993,0.8128359838504527
56.3,128.196161,37.845761,5098.538647200001,-57.185,-75.861,77.84,0.8128359838504527
56.3166,128.196165,37.845757,5094.7752816,-57.111,-75.796,76.672,0.8128359838504527
56.3333,128.196169,37.845754,5091.011001600001,-57.026,-75.735,75.489,0.8128359838504527
56.35,128.196173,37.84575,5087.2455024,-56.928,-75.677,74.289,0.8128359838504527
56.3666,128.196177,37.845747,5083.4793936,-56.815,-75.624,73.072,0.8128359838504527
56.3833,128.196181,37.845744,5079.712065600001,-56.686,-75.575,71.835,0.8128359838504527
56.4,128.196185,37.845741,5075.944128,-56.539,-75.53,70.578,0.8128359838504527
56.4166,128.19619,37.845738,5072.175276,-56.372,-75.489,69.299,0.8128359838504527
56.4333,128.196194,37.845736,5068.4058144,-56.183,-75.454,67.997,0.8128359838504527
56.45,128.196199,37.845733,5064.635133600001,-55.973,-75.423,66.672,0.8128359838504527
56.4666,128.196203,37.845731,5060.864148,-55.74,-75.396,65.323,0.8128359838504527
56.4833,128.196208,37.845728,5057.0919432,-55.485,-75.374,63.949,0.8128359838504527
56.5,128.196212,37.845726,5053.319433600001,-55.206,-75.357,62.549,0.8128359838504527
56.5166,128.196217,37.845724,5049.546009600001,-54.903,-75.343,61.123,0.8128359838504527
56.5333,128.196222,37.845723,5045.771976,-54.575,-75.334,59.671,0.8128359838504527
56.55,128.196226,37.845721,5041.997332800001,-54.224,-75.328,58.191,0.8128359838504527
56.5666,128.196231,37.84572,5038.22208,-53.847,-75.326,56.684,0.8128359838504527
56.5833,128.196236,37.845718,5034.4462176,-53.445,-75.327,55.148,0.8128359838504527
56.6,128.196241,37.845717,5030.6700504,-53.018,-75.332,53.584,0.8128359838504527
56.6166,128.196246,37.845716,5026.893273600001,-52.566,-75.339,51.99,0.8128359838504527
56.6333,128.19625,37.845715,5023.1158872000005,-52.089,-75.348,50.368,0.8128359838504527
56.65,128.196255,37.845714,5019.337891200001,-51.586,-75.36,48.716,0.8128359838504527
56.6666,128.19626,37.845714,5015.5595904,-51.059,-75.373,47.035,0.8128359838504527
56.6833,128.196265,37.845714,5011.7809848,-50.508,-75.388,45.324,0.8128359838504527
56.7,128.19627,37.845713,5008.0017696,-49.933,-75.404,43.584,0.8128359838504527
56.7166,128.196275,37.845713,5004.2225544,-49.335,-75.42,41.816,0.8128359838504527
56.7333,128.196279,37.845713,5000.442729599999,-48.714,-75.436,40.018,0.8128359838504527
56.75,128.196284,37.845713,4996.662600000001,-48.073,-75.452,38.193,0.8128359838504527
56.7666,128.196289,37.845714,4992.8824704,-47.413,-75.467,36.34,0.8128359838504527
56.7833,128.196294,37.845714,4989.1017312,-46.734,-75.481,34.461,0.8128359838504527
56.8,128.196298,37.845715,4985.320992000001,-46.039,-75.493,32.556,0.8128359838504527
56.8166,128.196303,37.845716,4981.539948000001,-45.33,-75.503,30.628,0.8128359838504527
56.8333,128.196308,37.845717,4977.758904,-44.609,-75.51,28.676,0.8128359838504527
56.85,128.196312,37.845718,4973.9775552,-43.878,-75.515,26.704,0.8128359838504527
56.8666,128.196317,37.845719,4970.1965112,-43.14,-75.515,24.713,0.8128359838504527
56.8833,128.196322,37.84572,4966.414857600001,-42.399,-75.512,22.705,0.8128359838504527
56.9,128.196326,37.845722,4962.6335088000005,-41.657,-75.504,20.683,0.8128359838504527
56.9166,128.19633,37.845724,4958.85216,-40.919,-75.492,18.65,0.8128359838504527
56.9333,128.196335,37.845725,4955.065629600001,-40.213,-75.483,16.635,0.8128359838504527
56.95,128.196339,37.845727,4951.2790992,-39.567,-75.485,14.665,0.8128359838504527
56.9666,128.196343,37.845729,4947.49074,-39.001,-75.506,12.761,0.8128359838504527
56.9833,128.196347,37.845732,4943.7008568,-38.525,-75.551,10.93,0.8128359838504527
57.0,128.196351,37.845734,4939.90884,-38.12,-75.615,9.153,0.8128359838504527
57.0166,128.196355,37.845737,4936.1152992,-37.771,-75.693,7.412,0.8128359838504527
57.0333,128.196359,37.845739,4932.3199296,-37.464,-75.781,5.694,0.8128359838504527
57.05,128.196363,37.845742,4928.5227312,-37.193,-75.877,3.987,0.8128359838504527
57.0666,128.196367,37.845745,4924.723704,-36.95,-75.977,2.286,0.8128359838504527
57.0833,128.19637,37.845748,4920.9225432,-36.733,-76.079,0.585,0.8128359838504527
57.1,128.196374,37.845751,4917.1198584,-36.539,-76.182,358.882,0.8128359838504527
57.1166,128.196377,37.845754,4913.31504,-36.369,-76.284,357.175,0.8128359838504527
57.1333,128.19638,37.845758,4909.5083928,-36.222,-76.384,355.463,0.8128359838504527
57.15,128.196383,37.845761,4905.699612,-36.1,-76.48,353.748,0.8128359838504527
57.1666,128.196386,37.845765,4901.8890024,-36.005,-76.573,352.031,0.8128359838504527
57.1833,128.196389,37.845768,4898.076564,-35.94,-76.661,350.314,0.8128359838504527
57.2,128.196392,37.845772,4894.261992000001,-35.907,-76.745,348.599,0.8128359838504527
57.2166,128.196395,37.845776,4890.4452864,-35.909,-76.824,346.89,0.8128359838504527
57.2333,128.196397,37.84578,4886.626752,-35.95,-76.898,345.189,0.8128359838504527
57.25,128.1964,37.845784,4882.806084,-36.032,-76.967,343.498,0.8128359838504527
57.2666,128.196402,37.845788,4878.9835872,-36.158,-77.031,341.822,0.8128359838504527
57.2833,128.196404,37.845792,4875.158652,-36.329,-77.09,340.161,0.8128359838504527
57.3,128.196406,37.845797,4871.331888,-36.549,-77.144,338.52,0.8128359838504527
57.3166,128.196407,37.845801,4867.5029904,-36.819,-77.194,336.9,0.8128359838504527
57.3333,128.196409,37.845806,4863.6719592,-37.141,-77.24,335.303,0.8128359838504527
57.35,128.196411,37.84581,4859.8390992,-37.515,-77.282,333.731,0.8128359838504527
57.3666,128.196412,37.845815,4856.0038008,-37.945,-77.32,332.186,0.8128359838504527
57.3833,128.196413,37.845819,4852.166368800001,-38.433,-77.354,330.672,0.8128359838504527
57.4,128.196414,37.845824,4848.3268032000005,-38.979,-77.384,329.191,0.8128359838504527
57.4166,128.196415,37.845829,4844.485104,-39.585,-77.411,327.742,0.8128359838504527
57.4333,128.196415,37.845833,4840.6409664,-40.251,-77.434,326.328,0.8128359838504527
57.45,128.196416,37.845838,4836.7946952,-40.976,-77.454,324.949,0.8128359838504527
57.4666,128.196416,37.845843,4832.9459856,-41.76,-77.472,323.605,0.8128359838504527
57.4833,128.196416,37.845848,4829.0951424,-42.6,-77.487,322.295,0.8128359838504527
57.5,128.196416,37.845853,4825.242165600001,-43.494,-77.5,321.018,0.8128359838504527
57.5166,128.196416,37.845858,4821.3864456,-44.439,-77.511,319.773,0.8128359838504527
57.5333,128.196416,37.845862,4817.5325544,-45.301,-77.502,318.568,0.8128359838504527
57.55,128.196415,37.845867,4813.6762248,-46.049,-77.467,317.371,0.8128359838504527
57.5666,128.196414,37.845872,4809.8189808,-46.648,-77.401,316.144,0.8128359838504527
57.5833,128.196414,37.845877,4805.9605176000005,-47.069,-77.297,314.856,0.8128359838504527
57.6,128.196413,37.845882,4802.1005304,-47.333,-77.16,313.528,0.8128359838504527
57.6166,128.196412,37.845887,4798.239324,-47.469,-76.997,312.187,0.8128359838504527
57.6333,128.19641,37.845892,4794.3762888,-47.501,-76.812,310.856,0.8128359838504527
57.65,128.196409,37.845896,4790.5117296,-47.444,-76.61,309.549,0.8128359838504527
57.6666,128.196408,37.845901,4786.6453416,-47.311,-76.393,308.276,0.8128359838504527
57.6833,128.196406,37.845906,4782.7771248,-47.11,-76.166,307.045,0.8128359838504527
57.7,128.196405,37.845911,4778.9070792,-46.845,-75.93,305.859,0.8128359838504527
57.7166,128.196403,37.845916,4775.034900000001,-46.522,-75.688,304.719,0.8128359838504527
57.7333,128.196401,37.845921,4771.1605872,-46.147,-75.441,303.624,0.8128359838504527
57.75,128.196399,37.845925,4767.2841408,-45.728,-75.192,302.572,0.8128359838504527
57.7666,128.196397,37.84593,4763.4055608,-45.269,-74.942,301.558,0.8128359838504527
57.7833,128.196395,37.845935,4759.525152,-44.776,-74.692,300.582,0.8128359838504527
57.8,128.196393,37.84594,4755.6432192,-44.253,-74.444,299.639,0.8128359838504527
57.8166,128.19639,37.845944,4751.759762400001,-43.703,-74.198,298.726,0.8128359838504527
57.8333,128.196388,37.845949,4747.8753912,-43.13,-73.954,297.842,0.8128359838504527
57.85,128.196385,37.845954,4743.989496,-42.535,-73.714,296.984,0.8128359838504527
57.8666,128.196383,37.845958,4740.1026864000005,-41.922,-73.477,296.148,0.8128359838504527
57.8833,128.19638,37.845963,4736.2152672,-41.292,-73.243,295.334,0.8128359838504527
57.9,128.196377,37.845968,4732.3272384,-40.649,-73.012,294.539,0.8128359838504527
57.9166,128.196374,37.845972,4728.4386,-39.993,-72.783,293.762,0.8128359838504527
57.9333,128.196371,37.845977,4724.549352,-39.329,-72.558,293.002,0.8128359838504527
57.95,128.196367,37.845981,4720.6601040000005,-38.659,-72.335,292.259,0.8128359838504527
57.9666,128.196364,37.845986,4716.7705512,-37.984,-72.115,291.531,0.8128359838504527
57.9833,128.19636,37.84599,4712.8806936,-37.307,-71.896,290.819,0.8128359838504527
58.0,128.196356,37.845995,4708.9911408,-36.632,-71.68,290.123,0.8128359838504527
58.0166,128.196352,37.845999,4705.101588,-35.959,-71.464,289.442,0.8128359838504527
58.0333,128.196348,37.846004,4701.21234,-35.292,-71.25,288.776,0.8128359838504527
58.05,128.196344,37.846008,4697.3233968,-34.632,-71.036,288.126,0.8128359838504527
58.0666,128.196339,37.846012,4693.4347584,-33.981,-70.823,287.492,0.8128359838504527
58.0833,128.196335,37.846017,4689.546729600001,-33.341,-70.61,286.874,0.8128359838504527
58.1,128.19633,37.846021,4685.6590056000005,-32.715,-70.397,286.273,0.8128359838504527
58.1166,128.196325,37.846025,4681.772196000001,-32.103,-70.184,285.689,0.8128359838504527
58.1333,128.19632,37.846029,4677.885996,-31.506,-69.97,285.122,0.8128359838504527
58.15,128.196315,37.846033,4674.0007104,-30.927,-69.756,284.573,0.8128359838504527
58.1666,128.196309,37.846037,4670.116339200001,-30.365,-69.54,284.041,0.8128359838504527
58.1833,128.196304,37.846042,4666.232882400001,-29.821,-69.324,283.526,0.8128359838504527
58.2,128.196298,37.846046,4662.3506448,-29.295,-69.107,283.03,0.8128359838504527
58.2166,128.196292,37.84605,4658.4693216,-28.788,-68.888,282.55,0.8128359838504527
58.2333,128.196286,37.846054,4654.5892176,-28.3,-68.669,282.088,0.8128359838504527
58.25,128.19628,37.846058,4650.7103328,-27.831,-68.448,281.643,0.8128359838504527
58.2666,128.196273,37.846061,4646.832972,-27.379,-68.227,281.214,0.8128359838504527
58.2833,128.196267,37.846065,4642.9568304,-26.944,-68.004,280.801,0.8128359838504527
58.3,128.19626,37.846069,4639.0825176,-26.527,-67.78,280.404,0.8128359838504527
58.3166,128.196253,37.846073,4635.209424,-26.125,-67.555,280.021,0.8128359838504527
58.3333,128.196246,37.846077,4631.3381592000005,-25.738,-67.33,279.652,0.8128359838504527
58.35,128.196239,37.84608,4627.468418400001,-25.365,-67.104,279.297,0.8128359838504527
58.3666,128.196232,37.846084,4623.6005064,-25.005,-66.877,278.955,0.8128359838504527
58.3833,128.196224,37.846088,4619.734728,-24.657,-66.649,278.624,0.8128359838504527
58.4,128.196216,37.846091,4615.870778400001,-24.321,-66.421,278.304,0.8128359838504527
58.4166,128.196209,37.846095,4612.0086576,-23.995,-66.193,277.995,0.8128359838504527
58.4333,128.196201,37.846098,4608.1486704,-23.677,-65.965,277.696,0.8128359838504527
58.45,128.196192,37.846102,4604.2908168,-23.367,-65.736,277.404,0.8128359838504527
58.4666,128.196184,37.846105,4600.4354016,-23.064,-65.507,277.121,0.8128359838504527
58.4833,128.196175,37.846109,4596.58212,-22.768,-65.279,276.845,0.8128359838504527
58.5,128.196167,37.846112,4592.7315816,-22.477,-65.05,276.576,0.8128359838504527
58.5166,128.196158,37.846115,4588.8831768,-22.193,-64.821,276.314,0.8128359838504527
58.5333,128.196149,37.846119,4585.0375152,-21.914,-64.593,276.058,0.8128359838504527
58.55,128.19614,37.846122,4581.194292,-21.64,-64.364,275.808,0.8128359838504527
58.5666,128.19613,37.846125,4577.353812,-21.372,-64.136,275.564,0.8128359838504527
58.5833,128.196121,37.846128,4573.5160752,-21.109,-63.907,275.326,0.8128359838504527
58.6,128.196111,37.846131,4569.6813864000005,-20.851,-63.679,275.093,0.8128359838504527
58.6166,128.196101,37.846135,4565.849440800001,-20.599,-63.451,274.865,0.8128359838504527
58.6333,128.196091,37.846138,4562.0205432,-20.352,-63.223,274.642,0.8128359838504527
58.65,128.196081,37.846141,4558.1946936,-20.109,-62.995,274.425,0.8128359838504527
58.6666,128.196071,37.846144,4554.371892,-19.872,-62.767,274.212,0.8128359838504527
58.6833,128.19606,37.846147,4550.5524432,-19.64,-62.539,274.004,0.8128359838504527
58.7,128.19605,37.846149,4546.7363472,-19.412,-62.311,273.8,0.8128359838504527
58.7166,128.196039,37.846152,4542.9236040000005,-19.189,-62.083,273.6,0.8128359838504527
58.7333,128.196028,37.846155,4539.1132992,-18.91,-61.853,273.42,0.8128359838504527
58.75,128.196017,37.846158,4535.3057376,-18.577,-61.621,273.258,0.8128359838504527
58.7666,128.196005,37.846161,4531.5003096,-18.186,-61.387,273.111,0.8128359838504527
58.7833,128.195994,37.846164,4527.6976248,-17.733,-61.151,272.975,0.8128359838504527
58.8,128.195982,37.846166,4523.896464,-17.22,-60.915,272.849,0.8128359838504527
58.8166,128.195971,37.846169,4520.097436800001,-16.645,-60.678,272.731,0.8128359838504527
58.8333,128.195959,37.846172,4516.2999336,-16.011,-60.44,272.621,0.8128359838504527
58.85,128.195947,37.846174,4512.5036496,-15.32,-60.202,272.52,0.8128359838504527
58.8666,128.195935,37.846177,4508.7088896000005,-14.576,-59.963,272.426,0.8128359838504527
58.8833,128.195923,37.846179,4504.9153488,-13.781,-59.725,272.341,0.8128359838504527
58.9,128.195911,37.846182,4501.123332,-12.939,-59.487,272.265,0.8128359838504527
58.9166,128.195898,37.846185,4497.3328392,-12.054,-59.249,272.198,0.8128359838504527
58.9333,128.195886,37.846187,4493.544175200001,-11.129,-59.011,272.142,0.8128359838504527
58.95,128.195873,37.84619,4489.7570352,-10.169,-58.774,272.096,0.8128359838504527
58.9666,128.19586,37.846192,4485.9720288,-9.178,-58.538,272.061,0.8128359838504527
58.9833,128.195848,37.846195,4482.1888512,-8.159,-58.304,272.037,0.8128359838504527
59.0,128.195835,37.846197,4478.4078072,-7.115,-58.07,272.026,0.8128359838504527
59.0166,128.195822,37.8462,4474.628592000001,-6.05,-57.838,272.025,0.8128359838504527
59.0333,128.195808,37.846202,4470.8518152,-4.968,-57.607,272.037,0.8128359838504527
59.05,128.195795,37.846205,4467.077172,-3.871,-57.378,272.061,0.8128359838504527
59.0666,128.195782,37.846207,4463.3049672,-2.764,-57.151,272.097,0.8128359838504527
59.0833,128.195768,37.846209,4459.5352008,-1.648,-56.925,272.145,0.8128359838504527
59.1,128.195754,37.846212,4455.767568,-0.527,-56.701,272.206,0.8128359838504527
59.1166,128.195741,37.846214,4452.0026784,0.596,-56.478,272.278,0.8128359838504527
59.1333,128.195727,37.846217,4448.2402272,1.719,-56.257,272.363,0.8128359838504527
59.15,128.195713,37.846219,4444.4802144000005,2.84,-56.037,272.461,0.8128359838504527
59.1666,128.195698,37.846222,4440.7229448,3.957,-55.819,272.57,0.8128359838504527
59.1833,128.195684,37.846224,4436.9681136,5.066,-55.603,272.692,0.8128359838504527
59.2,128.19567,37.846226,4433.216025600001,6.165,-55.389,272.825,0.8128359838504527
59.2166,128.195655,37.846229,4429.4666808,7.254,-55.176,272.971,0.8128359838504527
59.2333,128.195641,37.846231,4425.7197744000005,8.331,-54.965,273.128,0.8128359838504527
59.25,128.195626,37.846234,4421.9753064,9.392,-54.755,273.298,0.8128359838504527
59.2666,128.195611,37.846236,4418.2338864,10.439,-54.548,273.479,0.8128359838504527
59.2833,128.195596,37.846239,4414.4949048,11.468,-54.342,273.672,0.8128359838504527
59.3,128.195581,37.846241,4410.7586664,12.481,-54.138,273.876,0.8128359838504527
59.3166,128.195566,37.846244,4407.0248664,13.476,-53.936,274.093,0.8128359838504527
59.3333,128.19555,37.846246,4403.294114400001,14.454,-53.735,274.321,0.8128359838504527
59.35,128.195535,37.846249,4399.5658008,15.414,-53.537,274.561,0.8128359838504527
59.3666,128.195519,37.846251,4395.8399256,16.355,-53.341,274.811,0.8128359838504527
59.3833,128.195504,37.846254,4392.1170984,17.28,-53.147,275.073,0.8128359838504527
59.4,128.195488,37.846256,4388.396709600001,18.189,-52.956,275.345,0.8128359838504527
59.4166,128.195472,37.846259,4384.6787592,19.081,-52.767,275.628,0.8128359838504527
59.4333,128.195456,37.846262,4380.963552,19.954,-52.581,275.922,0.8128359838504527
59.45,128.19544,37.846264,4377.251088,20.808,-52.398,276.229,0.8128359838504527
59.4666,128.195423,37.846267,4373.5413672,21.642,-52.219,276.548,0.8128359838504527
59.4833,128.195407,37.84627,4369.834084800001,22.455,-52.044,276.881,0.8128359838504527
59.5,128.19539,37.846272,4366.1292408,23.247,-51.872,277.227,0.8128359838504527
59.5166,128.195374,37.846275,4362.4274448,24.017,-51.706,277.588,0.8128359838504527
59.5333,128.195357,37.846278,4358.7277824,24.765,-51.543,277.964,0.8128359838504527
59.55,128.19534,37.846281,4355.031168,25.492,-51.386,278.354,0.8128359838504527
59.5666,128.195324,37.846284,4351.336687200001,26.196,-51.235,278.76,0.8128359838504527
59.5833,128.195307,37.846287,4347.6452544,26.88,-51.088,279.181,0.8128359838504527
59.6,128.195289,37.84629,4343.9559552,27.542,-50.948,279.618,0.8128359838504527
59.6166,128.195272,37.846293,4340.2693992,28.183,-50.814,280.07,0.8128359838504527
59.6333,128.195255,37.846296,4336.5855864000005,28.805,-50.686,280.537,0.8128359838504527
59.65,128.195238,37.846299,4332.904212,29.408,-50.564,281.02,0.8128359838504527
59.6666,128.19522,37.846302,4329.225276,29.993,-50.449,281.518,0.8128359838504527
59.6833,128.195203,37.846305,4325.548778400001,30.56,-50.341,282.031,0.8128359838504527
59.7,128.195185,37.846309,4321.875024,31.111,-50.239,282.559,0.8128359838504527
59.7166,128.195167,37.846312,4318.203708,31.647,-50.145,283.101,0.8128359838504527
59.7333,128.195149,37.846315,4314.534830400001,32.169,-50.057,283.658,0.8128359838504527
59.75,128.195131,37.846319,4310.868391200001,32.678,-49.976,284.228,0.8128359838504527
59.7666,128.195113,37.846322,4307.2043904,33.176,-49.903,284.812,0.8128359838504527
59.7833,128.195095,37.846326,4303.5431328,33.663,-49.837,285.408,0.8128359838504527
59.8,128.195077,37.846329,4299.8840088,34.142,-49.777,286.017,0.8128359838504527
59.8166,128.195059,37.846333,4296.227323200001,34.613,-49.725,286.638,0.8128359838504527
59.8333,128.19504,37.846337,4292.573076000001,35.079,-49.679,287.271,0.8128359838504527
59.85,128.195022,37.84634,4288.9212672,35.539,-49.641,287.914,0.8128359838504527
59.8666,128.195003,37.846344,4285.2718968,35.996,-49.609,288.568,0.8128359838504527
59.8833,128.194985,37.846348,4281.62466,36.452,-49.583,289.231,0.8128359838504527
59.9,128.194966,37.846352,4277.9798616,36.907,-49.565,289.903,0.8128359838504527
59.9166,128.194947,37.846356,4274.3375016,37.363,-49.552,290.584,0.8128359838504527
59.9333,128.194929,37.84636,4270.6972752,37.821,-49.546,291.272,0.8128359838504527
59.95,128.19491,37.846364,4267.0591824,38.282,-49.546,291.968,0.8128359838504527
59.9666,128.194891,37.846369,4263.423528,38.749,-49.551,292.669,0.8128359838504527
59.9833,128.194872,37.846373,4259.7900072,39.222,-49.562,293.377,0.8128359838504527
60.0,128.194853,37.846377,4256.1583152,39.703,-49.579,294.09,0.8128359838504527
60.0166,128.194834,37.846382,4252.5290616,40.192,-49.601,294.807,0.8128359838504527
60.0333,128.194815,37.846386,4248.9019416,40.691,-49.629,295.527,0.8128359838504527
60.05,128.194795,37.846391,4245.2769552,41.201,-49.661,296.251,0.8128359838504527
60.0666,128.194776,37.846396,4241.6537976,41.723,-49.698,296.978,0.8128359838504527
60.0833,128.194757,37.8464,4238.0324688,42.257,-49.74,297.706,0.8128359838504527
60.1,128.194737,37.846405,4234.4132736,42.806,-49.786,298.435,0.8128359838504527
60.1166,128.194718,37.84641,4230.7959072,43.37,-49.836,299.165,0.8128359838504527
60.1333,128.194698,37.846415,4227.1803696,43.949,-49.891,299.895,0.8128359838504527
60.15,128.194679,37.84642,4223.5666608,44.544,-49.95,300.624,0.8128359838504527
60.1666,128.194659,37.846426,4219.9547808,45.155,-50.012,301.352,0.8128359838504527
60.1833,128.19464,37.846431,4216.3444248000005,45.785,-50.079,302.079,0.8128359838504527
60.2,128.19462,37.846436,4212.7358976000005,46.431,-50.149,302.803,0.8128359838504527
60.2166,128.194601,37.846442,4209.128589600001,47.096,-50.222,303.525,0.8128359838504527
60.2333,128.194581,37.846447,4205.5231104,47.78,-50.299,304.245,0.8128359838504527
60.25,128.194561,37.846453,4201.9188504,48.482,-50.379,304.96,0.8128359838504527
60.2666,128.194542,37.846459,4198.3161144000005,49.203,-50.463,305.673,0.8128359838504527
60.2833,128.194522,37.846465,4194.7145976,49.942,-50.55,306.381,0.8128359838504527
60.3,128.194502,37.846471,4191.1143,50.7,-50.64,307.086,0.8128359838504527
60.3166,128.194483,37.846477,4187.5152216,51.477,-50.733,307.786,0.8128359838504527
60.3333,128.194463,37.846483,4183.917057600001,52.272,-50.829,308.481,0.8128359838504527
60.35,128.194443,37.846489,4180.3201128,53.086,-50.929,309.172,0.8128359838504527
60.3666,128.194423,37.846495,4176.7237776,53.916,-51.031,309.859,0.8128359838504527
60.3833,128.194404,37.846502,4173.128661600001,54.765,-51.137,310.54,0.8128359838504527
60.4,128.194384,37.846508,4169.5338504,55.63,-51.246,311.217,0.8128359838504527
60.4166,128.194364,37.846515,4165.9399536,56.511,-51.358,311.889,0.8128359838504527
60.4333,128.194344,37.846522,4162.346666400001,57.408,-51.474,312.556,0.8128359838504527
60.45,128.194325,37.846529,4158.753684,58.32,-51.593,313.218,0.8128359838504527
60.4666,128.194305,37.846536,4155.1613112000005,59.246,-51.716,313.877,0.8128359838504527
60.4833,128.194285,37.846543,4151.5689384,60.186,-51.842,314.53,0.8128359838504527
60.5,128.194266,37.84655,4147.9768704,61.139,-51.972,315.179,0.8128359838504527
60.5166,128.194246,37.846557,4144.3848024,62.105,-52.107,315.825,0.8128359838504527
60.5333,128.194227,37.846564,4140.7881624,63.096,-52.251,316.447,0.8128359838504527
60.55,128.194207,37.846572,4137.1912176,64.127,-52.411,317.03,0.8128359838504527
60.5666,128.194187,37.846579,4133.592444000001,65.212,-52.592,317.554,0.8128359838504527
60.5833,128.194168,37.846587,4129.9915368,66.344,-52.791,318.029,0.8128359838504527
60.6,128.194148,37.846595,4126.388191200001,67.515,-53.004,318.465,0.8128359838504527
60.6166,128.194129,37.846603,4122.7824072,68.718,-53.229,318.873,0.8128359838504527
60.6333,128.19411,37.84661,4119.1741848,69.946,-53.465,319.261,0.8128359838504527
60.65,128.19409,37.846618,4115.5632192,71.197,-53.708,319.633,0.8128359838504527
60.6666,128.194071,37.846627,4111.9489008,72.469,-53.96,319.994,0.8128359838504527
60.6833,128.194051,37.846635,4108.3318392,73.761,-54.22,320.346,0.8128359838504527
60.7,128.194032,37.846643,4104.71112,75.072,-54.488,320.691,0.8128359838504527
60.7166,128.194013,37.846651,4101.0873528,76.402,-54.763,321.03,0.8128359838504527
60.7333,128.193994,37.84666,4097.4596232,77.754,-55.046,321.363,0.8128359838504527
60.75,128.193975,37.846668,4093.8282360000003,79.127,-55.338,321.692,0.8128359838504527
60.7666,128.193955,37.846677,4090.1928864,80.522,-55.637,322.015,0.8128359838504527
60.7833,128.193936,37.846686,4086.5535744,81.942,-55.944,322.333,0.8128359838504527
60.8,128.193917,37.846695,4082.9099952,83.388,-56.26,322.646,0.8128359838504527
60.8166,128.193898,37.846703,4079.2618440000006,84.861,-56.584,322.951,0.8128359838504527
60.8333,128.193879,37.846712,4075.6094256000006,86.364,-56.917,323.25,0.8128359838504527
60.85,128.193861,37.846721,4071.9521304000004,87.898,-57.259,323.541,0.8128359838504527
60.8666,128.193842,37.84673,4068.2902632,89.466,-57.609,323.823,0.8128359838504527
60.8833,128.193823,37.846739,4064.6232144000005,91.069,-57.968,324.095,0.8128359838504527
60.9,128.193804,37.846749,4060.950984,92.709,-58.335,324.355,0.8128359838504527
60.9166,128.193785,37.846758,4057.2738768,94.39,-58.711,324.603,0.8128359838504527
60.9333,128.193767,37.846767,4053.5909784000005,96.112,-59.095,324.838,0.8128359838504527
60.95,128.193748,37.846776,4049.9028984000006,97.878,-59.487,325.057,0.8128359838504527
60.9666,128.19373,37.846786,4046.2093320000004,99.689,-59.887,325.26,0.8128359838504527
60.9833,128.193711,37.846795,4042.5096696,101.546,-60.294,325.447,0.8128359838504527
61.0,128.193693,37.846805,4038.8045208000003,103.451,-60.707,325.615,0.8128359838504527
61.0166,128.193674,37.846814,4035.0932760000005,105.405,-61.127,325.763,0.8128359838504527
61.0333,128.193656,37.846824,4031.37624,107.412,-61.553,325.889,0.8128359838504527
61.05,128.193638,37.846833,4027.653108,109.472,-61.983,325.991,0.8128359838504527
61.0666,128.19362,37.846843,4023.9235752000004,111.588,-62.418,326.068,0.8128359838504527
61.0833,128.193601,37.846853,4020.1876416000005,113.762,-62.856,326.117,0.8128359838504527
61.1,128.193583,37.846862,4016.4456120000004,115.996,-63.297,326.135,0.8128359838504527
61.1166,128.193565,37.846872,4012.6968768,118.292,-63.739,326.122,0.8128359838504527
61.1333,128.193547,37.846882,4008.9417408000004,120.653,-64.183,326.074,0.8128359838504527
61.15,128.193529,37.846892,4005.1798992,123.081,-64.626,325.989,0.8128359838504527
61.1666,128.193511,37.846901,4001.411352,125.577,-65.069,325.865,0.8128359838504527
61.1833,128.193494,37.846911,3997.6357944,128.144,-65.509,325.7,0.8128359838504527
61.2,128.193476,37.846921,3993.8538360000002,130.784,-65.946,325.492,0.8128359838504527
61.2166,128.193458,37.846931,3990.0645624000003,133.499,-66.378,325.239,0.8128359838504527
61.2333,128.19344,37.846941,3986.2685832,136.29,-66.805,324.938,0.8128359838504527
61.25,128.193423,37.846951,3982.4652888,139.16,-67.226,324.588,0.8128359838504527
61.2666,128.193405,37.84696,3978.6549840000002,142.11,-67.638,324.186,0.8128359838504527
61.2833,128.193388,37.84697,3974.8376688000003,145.141,-68.041,323.732,0.8128359838504527
61.3,128.19337,37.84698,3971.0130384000004,148.256,-68.434,323.223,0.8128359838504527
61.3166,128.193353,37.84699,3967.1813976000003,151.454,-68.815,322.659,0.8128359838504527
61.3333,128.193335,37.847,3963.3424416000003,154.736,-69.184,322.039,0.8128359838504527
61.35,128.193318,37.84701,3959.4961704,158.103,-69.538,321.362,0.8128359838504527
61.3666,128.193301,37.84702,3955.642584,161.554,-69.877,320.629,0.8128359838504527
61.3833,128.193283,37.84703,3951.7816824,165.089,-70.2,319.839,0.8128359838504527
61.4,128.193266,37.847039,3947.9137704,168.707,-70.506,318.995,0.8128359838504527
61.4166,128.193249,37.847049,3944.0382384,172.405,-70.793,318.096,0.8128359838504527
61.4333,128.193232,37.847059,3940.1553912000004,176.182,-71.06,317.146,0.8128359838504527
61.45,128.193215,37.847069,3936.2652288,-179.965,-71.306,316.147,0.8128359838504527
61.4666,128.193198,37.847079,3932.3677512,-176.041,-71.532,315.103,0.8128359838504527
61.4833,128.19318,37.847088,3928.4629584,-172.048,-71.734,314.017,0.8128359838504527
61.5,128.193163,37.847098,3924.5508504000004,-167.993,-71.914,312.894,0.8128359838504527
61.5166,128.193146,37.847108,3920.6317320000003,-163.879,-72.071,311.739,0.8128359838504527
61.5333,128.193129,37.847118,3916.7052984,-159.714,-72.203,310.557,0.8128359838504527
61.55,128.193112,37.847127,3912.7715496,-155.505,-72.311,309.356,0.8128359838504527
61.5666,128.193095,37.847137,3908.8304856,-151.263,-72.394,308.144,0.8128359838504527
61.5833,128.193078,37.847147,3904.8821064,-147.0,-72.452,306.928,0.8128359838504527
61.6,128.193062,37.847156,3900.9267168000006,-142.725,-72.487,305.716,0.8128359838504527
61.6166,128.193045,37.847166,3896.9643168000002,-138.446,-72.498,304.515,0.8128359838504527
61.6333,128.193028,37.847175,3892.9946016,-134.173,-72.486,303.333,0.8128359838504527
61.65,128.193011,37.847185,3889.0181807999998,-129.913,-72.452,302.175,0.8128359838504527
61.6666,128.192994,37.847194,3885.0344448,-125.672,-72.397,301.047,0.8128359838504527
61.6833,128.192977,37.847204,3881.0440032000006,-121.455,-72.322,299.952,0.8128359838504527
61.7,128.19296,37.847213,3877.046856,-117.268,-72.229,298.896,0.8128359838504527
61.7166,128.192943,37.847223,3873.0426984000005,-113.114,-72.118,297.882,0.8128359838504527
61.7333,128.192926,37.847232,3869.0354928,-108.953,-71.996,296.866,0.8128359838504527
61.75,128.192909,37.847241,3865.0218864000003,-104.748,-71.866,295.809,0.8128359838504527
61.7666,128.192892,37.84725,3861.0037079999997,-100.457,-71.729,294.667,0.8128359838504527
61.7833,128.192876,37.84726,3856.980348,-96.045,-71.581,293.4,0.8128359838504527
61.8,128.192859,37.847269,3852.952416,-91.539,-71.417,292.038,0.8128359838504527
61.8166,128.192842,37.847278,3848.9199120000003,-86.992,-71.231,290.635,0.8128359838504527
61.8333,128.192825,37.847287,3844.8831408,-82.45,-71.02,289.239,0.8128359838504527
61.85,128.192808,37.847296,3840.8417976,-77.946,-70.785,287.883,0.8128359838504527
61.8666,128.192791,37.847305,3836.7964920000004,-73.501,-70.528,286.589,0.8128359838504527
61.8833,128.192773,37.847313,3832.7472239999997,-69.125,-70.249,285.368,0.8128359838504527
61.9,128.192756,37.847322,3828.6942984,-64.826,-69.952,284.227,0.8128359838504527
61.9166,128.192739,37.847331,3824.63802,-60.607,-69.638,283.169,0.8128359838504527
61.9333,128.192722,37.84734,3820.5783888,-56.468,-69.307,282.195,0.8128359838504527
61.95,128.192705,37.847348,3816.5157096000003,-52.409,-68.961,281.305,0.8128359838504527
61.9666,128.192687,37.847357,3812.4502872000003,-48.429,-68.6,280.498,0.8128359838504527
61.9833,128.19267,37.847366,3808.3824264,-44.526,-68.226,279.774,0.8128359838504527
62.0,128.192653,37.847374,3804.3118224,-40.7,-67.84,279.132,0.8128359838504527
62.0166,128.192635,37.847382,3800.2390848000005,-36.952,-67.44,278.572,0.8128359838504527
62.0333,128.192618,37.847391,3796.1645184000004,-33.283,-67.029,278.096,0.8128359838504527
62.05,128.1926,37.847399,3792.0875136,-29.692,-66.605,277.704,0.8128359838504527
62.0666,128.192582,37.847408,3788.0089848000002,-26.176,-66.172,277.394,0.8128359838504527
62.0833,128.192565,37.847416,3783.9286272000004,-22.729,-65.73,277.163,0.8128359838504527
62.1,128.192547,37.847424,3779.8467456000003,-19.349,-65.28,277.01,0.8128359838504527
62.1166,128.192529,37.847432,3775.76334,-16.034,-64.824,276.934,0.8128359838504527
62.1333,128.192511,37.84744,3771.6787152,-12.783,-64.363,276.935,0.8128359838504527
62.15,128.192493,37.847449,3767.5925664,-9.593,-63.899,277.011,0.8128359838504527
62.1666,128.192475,37.847457,3763.5055032000005,-6.462,-63.434,277.161,0.8128359838504527
62.1833,128.192457,37.847465,3759.4172208000005,-3.389,-62.969,277.383,0.8128359838504527
62.2,128.192439,37.847473,3755.3277192000005,-0.37,-62.506,277.675,0.8128359838504527
62.2166,128.19242,37.847481,3751.237608,2.595,-62.047,278.034,0.8128359838504527
62.2333,128.192402,37.847489,3747.1465824,5.513,-61.593,278.46,0.8128359838504527
62.25,128.192383,37.847497,3743.0546424,8.383,-61.147,278.948,0.8128359838504527
62.2666,128.192365,37.847505,3738.9620928,11.21,-60.71,279.496,0.8128359838504527
62.2833,128.192346,37.847513,3734.8692384,13.996,-60.285,280.101,0.8128359838504527
62.3,128.192328,37.847521,3730.7754696,16.744,-59.872,280.76,0.8128359838504527
62.3166,128.192309,37.847529,3726.6810912,19.458,-59.474,281.469,0.8128359838504527
62.3333,128.19229,37.847537,3722.5818360000003,22.007,-59.099,282.171,0.8128359838504527
62.35,128.192271,37.847545,3718.4831904000002,24.411,-58.76,282.853,0.8128359838504527
62.3666,128.192252,37.847554,3714.3830208000004,26.69,-58.473,283.498,0.8128359838504527
62.3833,128.192233,37.847562,3710.2822416000004,28.865,-58.248,284.091,0.8128359838504527
62.4,128.192214,37.84757,3706.1808528,30.937,-58.077,284.636,0.8128359838504527
62.4166,128.192195,37.847578,3702.0794640000004,32.902,-57.944,285.148,0.8128359838504527
62.4333,128.192175,37.847586,3697.9783800000005,34.754,-57.833,285.641,0.8128359838504527
62.45,128.192156,37.847595,3693.877296,36.489,-57.735,286.126,0.8128359838504527
62.4666,128.192136,37.847603,3689.7774312,38.109,-57.643,286.611,0.8128359838504527
62.4833,128.192116,37.847611,3685.6784807999998,39.617,-57.555,287.096,0.8128359838504527
62.5,128.192097,37.84762,3681.5807496,41.019,-57.47,287.583,0.8128359838504527
62.5166,128.192077,37.847628,3677.4848472,42.319,-57.386,288.071,0.8128359838504527
62.5333,128.192057,37.847637,3673.3910784000004,43.524,-57.303,288.56,0.8128359838504527
62.55,128.192037,37.847646,3669.2994432,44.639,-57.221,289.048,0.8128359838504527
62.5666,128.192017,37.847655,3665.2102464000004,45.667,-57.138,289.536,0.8128359838504527
62.5833,128.191997,37.847664,3661.1231832,46.615,-57.055,290.021,0.8128359838504527
62.6,128.191977,37.847672,3657.0379488000003,47.487,-56.971,290.503,0.8128359838504527
62.6166,128.191956,37.847682,3652.9548480000003,48.287,-56.885,290.981,0.8128359838504527
62.6333,128.191936,37.847691,3648.8735760000004,49.019,-56.798,291.454,0.8128359838504527
62.65,128.191916,37.8477,3644.7944376,49.686,-56.708,291.922,0.8128359838504527
62.6666,128.191895,37.847709,3640.7168232000004,50.292,-56.615,292.384,0.8128359838504527
62.6833,128.191875,37.847719,3636.6410376,50.84,-56.519,292.839,0.8128359838504527
62.7,128.191854,37.847728,3632.5667760000006,51.331,-56.42,293.287,0.8128359838504527
62.7166,128.191833,37.847738,3628.4943432,51.763,-56.32,293.731,0.8128359838504527
62.7333,128.191813,37.847748,3624.4237392000005,52.134,-56.219,294.171,0.8128359838504527
62.75,128.191792,37.847758,3620.354964,52.442,-56.119,294.61,0.8128359838504527
62.7666,128.191771,37.847768,3616.2877128,52.688,-56.019,295.047,0.8128359838504527
62.7833,128.19175,37.847778,3612.2222904,52.874,-55.921,295.483,0.8128359838504527
62.8,128.191729,37.847788,3608.1586968,53.002,-55.824,295.916,0.8128359838504527
62.8166,128.191709,37.847798,3604.0969320000004,53.075,-55.727,296.347,0.8128359838504527
62.8333,128.191688,37.847808,3600.0369960000003,53.094,-55.63,296.776,0.8128359838504527
62.85,128.191667,37.847819,3595.978584,53.062,-55.534,297.201,0.8128359838504527
62.8666,128.191646,37.847829,3591.9223056000005,52.98,-55.439,297.623,0.8128359838504527
62.8833,128.191625,37.84784,3587.867856,52.85,-55.343,298.04,0.8128359838504527
62.9,128.191603,37.847851,3583.8152352000006,52.673,-55.247,298.453,0.8128359838504527
62.9166,128.191582,37.847862,3579.764748,52.452,-55.15,298.862,0.8128359838504527
62.9333,128.191561,37.847873,3575.7197472000003,52.246,-55.052,299.301,0.8128359838504527
62.95,128.19154,37.847884,3571.6762704000002,52.049,-54.941,299.794,0.8128359838504527
62.9666,128.191519,37.847895,3567.6361464000006,51.845,-54.805,300.356,0.8128359838504527
62.9833,128.191498,37.847906,3563.5987656,51.622,-54.628,301.0,0.8128359838504527
63.0,128.191476,37.847918,3559.5641280000004,51.384,-54.414,301.712,0.8128359838504527
63.0166,128.191455,37.847929,3555.5313192000003,51.147,-54.172,302.462,0.8037096247095659
63.0333,128.191434,37.847941,3551.5018632,50.922,-53.912,303.225,0.7945764672353602
63.05,128.191413,37.847952,3547.4751504,50.718,-53.647,303.98,0.785437467233474
63.0666,128.191391,37.847964,3543.4517904,50.537,-53.383,304.714,0.7762921874876316
63.0833,128.19137,37.847976,3539.432088,50.374,-53.123,305.426,0.7671421848895518
63.1,128.191349,37.847988,3535.4160432000003,50.224,-52.869,306.116,0.7579864318337314
63.1166,128.191327,37.848,3531.403656,50.084,-52.621,306.785,0.7488249539348143
63.1333,128.191306,37.848012,3527.3952312,49.951,-52.379,307.437,0.739657776796983
63.15,128.191285,37.848025,3523.3913784000006,49.824,-52.142,308.071,0.739657776796983
63.1666,128.191263,37.848037,3519.391488,49.702,-51.911,308.689,0.739657776796983
63.1833,128.191242,37.84805,3515.3961696,49.585,-51.686,309.292,0.739657776796983
63.2,128.191221,37.848063,3511.405728,49.472,-51.465,309.88,0.739657776796983
63.2166,128.191199,37.848075,3507.4198584,49.363,-51.249,310.455,0.739657776796983
63.2333,128.191178,37.848088,3503.4388656,49.259,-51.038,311.017,0.739657776796983
63.25,128.191157,37.848102,3499.4630544,49.158,-50.831,311.567,0.739657776796983
63.2666,128.191135,37.848115,3495.4924248,49.061,-50.628,312.104,0.739657776796983
63.2833,128.191114,37.848128,3491.5269768000003,48.967,-50.428,312.631,0.739657776796983
63.3,128.191093,37.848142,3487.5667104,48.875,-50.233,313.148,0.739657776796983
63.3166,128.191071,37.848156,3483.6119304000003,48.787,-50.04,313.654,0.739657776796983
63.3333,128.19105,37.848169,3479.6626368,48.701,-49.851,314.151,0.739657776796983
63.35,128.191029,37.848183,3475.7191344000003,48.616,-49.665,314.639,0.739657776796983
63.3666,128.191007,37.848197,3471.7811184,48.534,-49.482,315.118,0.739657776796983
63.3833,128.190986,37.848212,3467.8488936000003,48.454,-49.301,315.59,0.739657776796983
63.4,128.190965,37.848226,3463.9224600000002,48.375,-49.123,316.054,0.739657776796983
63.4166,128.190944,37.848241,3460.0018176,48.298,-48.948,316.51,0.739657776796983
63.4333,128.190923,37.848255,3456.0872712000005,48.222,-48.775,316.96,0.739657776796983
63.45,128.190902,37.84827,3452.1788208000003,48.148,-48.603,317.403,0.739657776796983
63.4666,128.19088,37.848285,3448.2761616000003,48.075,-48.434,317.839,0.739657776796983
63.4833,128.190859,37.8483,3444.3799032000006,48.004,-48.267,318.27,0.739657776796983
63.5,128.190838,37.848316,3440.4897408,47.934,-48.102,318.695,0.739657776796983
63.5166,128.190817,37.848331,3436.6059792,47.864,-47.938,319.114,0.739657776796983
63.5333,128.190796,37.848347,3432.7237416000003,47.917,-47.788,319.544,0.739657776796983
63.55,128.190775,37.848362,3428.8469904,48.085,-47.653,319.982,0.739657776796983
63.5666,128.190754,37.848378,3424.9732872000004,48.377,-47.527,320.425,0.739657776796983
63.5833,128.190733,37.848394,3421.102632,48.792,-47.409,320.871,0.739657776796983
63.6,128.190712,37.84841,3417.23472,49.323,-47.298,321.319,0.739657776796983
63.6166,128.190692,37.848426,3413.3695512,49.966,-47.196,321.77,0.739657776796983
63.6333,128.190671,37.848443,3409.5059064,50.714,-47.101,322.224,0.739657776796983
63.65,128.19065,37.848459,3405.6440904,51.564,-47.015,322.681,0.739657776796983
63.6666,128.190629,37.848476,3401.7834936000004,52.509,-46.937,323.141,0.739657776796983
63.6833,128.190608,37.848492,3397.9235064,53.546,-46.869,323.605,0.739657776796983
63.7,128.190587,37.848509,3394.063824,54.671,-46.811,324.072,0.739657776796983
63.7166,128.190567,37.848526,3390.205056,55.878,-46.764,324.542,0.739657776796983
63.7333,128.190546,37.848543,3386.3465928,57.163,-46.729,325.016,0.739657776796983
63.75,128.190525,37.84856,3382.4887392000005,58.523,-46.706,325.493,0.739657776796983
63.7666,128.190505,37.848577,3378.6308856,59.955,-46.696,325.975,0.739657776796983
63.7833,128.190484,37.848595,3374.7733368000004,61.455,-46.7,326.46,0.739657776796983
63.8,128.190464,37.848612,3370.9154832,63.02,-46.72,326.95,0.739657776796983
63.8166,128.190443,37.848629,3367.0576296000004,64.648,-46.755,327.446,0.739657776796983
63.8333,128.190423,37.848647,3363.1994712000005,66.335,-46.808,327.946,0.739657776796983
63.85,128.190402,37.848665,3359.341008,68.079,-46.879,328.452,0.739657776796983
63.8666,128.190382,37.848682,3355.4813256,69.879,-46.969,328.963,0.739657776796983
63.8833,128.190362,37.8487,3351.6210336,71.732,-47.079,329.479,0.739657776796983
63.9,128.190341,37.848718,3347.7595224,73.638,-47.211,330.0,0.739657776796983
63.9166,128.190321,37.848736,3343.8964872000006,75.594,-47.365,330.525,0.739657776796983
63.9333,128.190301,37.848754,3340.0319280000003,77.601,-47.543,331.053,0.739657776796983
63.95,128.190281,37.848773,3336.1652352000006,79.657,-47.745,331.584,0.739657776796983
63.9666,128.190261,37.848791,3332.2967136,81.762,-47.972,332.116,0.739657776796983
63.9833,128.190242,37.848809,3328.4254488000006,83.917,-48.224,332.648,0.739657776796983
64.0,128.190222,37.848828,3324.5517456000002,86.121,-48.503,333.177,0.739657776796983
64.0166,128.190202,37.848846,3320.6746896000004,88.375,-48.809,333.703,0.739657776796983
64.0333,128.190183,37.848865,3316.7945856,90.68,-49.142,334.222,0.739657776796983
64.05,128.190163,37.848884,3312.910824,93.036,-49.502,334.732,0.739657776796983
64.0666,128.190144,37.848902,3309.0234048,95.445,-49.89,335.231,0.739657776796983
64.0833,128.190124,37.848921,3305.1314136,97.908,-50.304,335.716,0.739657776796983
64.1,128.190105,37.84894,3301.2354600000003,100.428,-50.744,336.184,0.739657776796983
64.1166,128.190086,37.848959,3297.3343248,103.005,-51.211,336.63,0.739657776796983
64.1333,128.190067,37.848978,3293.4313608,105.403,-51.675,337.066,0.739657776796983
64.15,128.190048,37.848997,3289.5229104,107.631,-52.138,337.49,0.739657776796983
64.1666,128.190029,37.849016,3285.609888,109.698,-52.597,337.902,0.739657776796983
64.1833,128.190011,37.849035,3281.6916840000004,111.612,-53.052,338.3,0.739657776796983
64.2,128.189992,37.849054,3277.7686032000006,113.38,-53.5,338.686,0.739657776796983
64.2166,128.189974,37.849073,3273.8394264,115.007,-53.943,339.06,0.739657776796983
64.2333,128.189956,37.849092,3269.9044584,116.498,-54.378,339.424,0.739657776796983
64.25,128.189938,37.849111,3265.9633943999997,117.858,-54.806,339.78,0.739657776796983
64.2666,128.18992,37.849131,3262.01532,119.091,-55.226,340.131,0.739657776796983
64.2833,128.189903,37.84915,3258.0608448,120.201,-55.637,340.479,0.739657776796983
64.3,128.189885,37.849169,3254.0987496000002,121.192,-56.039,340.825,0.739657776796983
64.3166,128.189868,37.849188,3250.1293392000002,122.066,-56.431,341.172,0.739657776796983
64.3333,128.189851,37.849207,3246.1523088,122.826,-56.814,341.522,0.739657776796983
64.35,128.189834,37.849226,3242.1673536,123.476,-57.187,341.877,0.739657776796983
64.3666,128.189818,37.849245,3238.1741688,124.018,-57.548,342.239,0.739657776796983
64.3833,128.189802,37.849264,3234.1724496,124.455,-57.899,342.61,0.739657776796983
64.4,128.189786,37.849283,3230.1625008000005,124.789,-58.238,342.992,0.739657776796983
64.4166,128.18977,37.849302,3226.143408,125.021,-58.566,343.388,0.739657776796983
64.4333,128.189754,37.849321,3222.1160856,125.154,-58.881,343.798,0.739657776796983
64.45,128.189739,37.84934,3218.0802288,125.191,-59.184,344.225,0.739657776796983
64.4666,128.189724,37.849359,3214.0355328000005,125.133,-59.474,344.669,0.739657776796983
64.4833,128.189709,37.849378,3209.9826072,124.982,-59.75,345.132,0.739657776796983
64.5,128.189695,37.849396,3205.9208424,124.741,-60.012,345.616,0.739657776796983
64.5166,128.18968,37.849415,3201.850848,124.411,-60.26,346.12,0.739657776796983
64.5333,128.189666,37.849434,3197.7726239999997,123.991,-60.499,346.638,0.739657776796983
64.55,128.189653,37.849453,3193.6864752,123.483,-60.731,347.165,0.739657776796983
64.5666,128.189639,37.849471,3189.5920968,122.886,-60.959,347.698,0.739657776796983
64.5833,128.189626,37.84949,3185.4897936,122.203,-61.184,348.237,0.739657776796983
64.6,128.189613,37.849508,3181.3795656,121.438,-61.404,348.781,0.739657776796983
64.6166,128.1896,37.849527,3177.2617176,120.593,-61.62,349.331,0.739657776796983
64.6333,128.189587,37.849545,3173.1362496,119.672,-61.83,349.888,0.739657776796983
64.65,128.189575,37.849563,3169.0034664000004,118.676,-62.033,350.453,0.739657776796983
64.6666,128.189563,37.849582,3164.8630632,117.608,-62.23,351.025,0.739657776796983
64.6833,128.189551,37.8496,3160.7156496000002,116.47,-62.419,351.605,0.739657776796983
64.7,128.18954,37.849618,3156.5612256000004,115.264,-62.6,352.193,0.739657776796983
64.7166,128.189529,37.849636,3152.4000960000003,113.993,-62.773,352.789,0.739657776796983
64.7333,128.189518,37.849654,3148.2322608,112.656,-62.937,353.394,0.739657776796983
64.75,128.189507,37.849672,3144.0583296,111.257,-63.091,354.006,0.739657776796983
64.7666,128.189497,37.84969,3139.8779976,109.796,-63.236,354.626,0.739657776796983
64.7833,128.189487,37.849709,3135.6915696,108.275,-63.371,355.254,0.739657776796983
64.8,128.189477,37.849726,3131.4996552000002,106.696,-63.495,355.889,0.739657776796983
64.8166,128.189467,37.849744,3127.3022544,105.06,-63.608,356.532,0.739657776796983
64.8333,128.189458,37.849762,3123.0999768,103.367,-63.71,357.18,0.739657776796983
64.85,128.189449,37.84978,3118.8925176,101.621,-63.8,357.834,0.739657776796983
64.8666,128.18944,37.849798,3114.6804864,99.821,-63.878,358.493,0.739657776796983
64.8833,128.189432,37.849816,3110.464188,97.97,-63.945,359.157,0.739657776796983
64.9,128.189423,37.849834,3106.2439272,96.069,-63.998,359.824,0.739657776796983
64.9166,128.189416,37.849851,3102.0203136,94.118,-64.039,0.493,0.739657776796983
64.9333,128.189408,37.849869,3097.7930424,92.121,-64.067,1.164,0.739657776796983
64.95,128.189401,37.849887,3093.5630280000005,90.077,-64.081,1.835,0.739657776796983
64.9666,128.189394,37.849905,3089.3305752,87.989,-64.082,2.505,0.739657776796983
64.9833,128.189387,37.849923,3085.0956840000003,85.858,-64.069,3.173,0.739657776796983
65.0,128.18938,37.84994,3080.8589640000005,83.686,-64.042,3.837,0.739657776796983
65.0166,128.189374,37.849958,3076.62072,81.473,-64.0,4.496,0.739657776796983
65.0333,128.189368,37.849976,3072.3815616,79.222,-63.945,5.149,0.739657776796983
65.05,128.189363,37.849994,3068.1417936000003,76.934,-63.875,5.793,0.739657776796983
65.0666,128.189357,37.850012,3063.9017208,74.611,-63.79,6.428,0.739657776796983
65.0833,128.189352,37.85003,3059.6616480000002,72.253,-63.691,7.052,0.739657776796983
65.1,128.189348,37.850047,3055.4221848,69.863,-63.577,7.664,0.739657776796983
65.1166,128.189343,37.850065,3051.1839408,67.443,-63.448,8.261,0.739657776796983
65.1333,128.189339,37.850083,3046.9469160000003,64.994,-63.304,8.842,0.739657776796983
65.15,128.189335,37.850101,3042.7120248,62.518,-63.146,9.405,0.739657776796983
65.1666,128.189332,37.85012,3038.4792672,60.016,-62.973,9.95,0.739657776796983
65.1833,128.189328,37.850138,3034.2492528000002,57.49,-62.785,10.474,0.739657776796983
65.2,128.189325,37.850156,3030.0222864,54.941,-62.583,10.976,0.739657776796983
65.2166,128.189322,37.850174,3025.7992824000003,52.371,-62.367,11.454,0.739657776796983
65.2333,128.18932,37.850193,3021.579936,49.779,-62.137,11.907,0.739657776796983
65.25,128.189317,37.850211,3017.3651616,47.169,-61.893,12.334,0.739657776796983
65.2666,128.189315,37.85023,3013.1552640000004,44.54,-61.636,12.733,0.739657776796983
65.2833,128.189313,37.850248,3008.9505480000003,41.894,-61.365,13.104,0.739657776796983
65.3,128.189312,37.850267,3004.7516232000003,39.23,-61.082,13.444,0.739657776796983
65.3166,128.18931,37.850286,3000.5584896000005,36.551,-60.786,13.754,0.739657776796983
65.3333,128.189309,37.850305,2996.3720616,33.856,-60.479,14.031,0.739657776796983
65.35,128.189308,37.850324,2992.1923392000003,31.145,-60.16,14.275,0.739657776796983
65.3666,128.189307,37.850343,2988.0196272000003,28.419,-59.831,14.486,0.739657776796983
65.3833,128.189306,37.850362,2983.8542304000002,25.678,-59.491,14.663,0.739657776796983
65.4,128.189306,37.850381,2979.6970632000002,22.922,-59.142,14.804,0.739657776796983
65.4166,128.189306,37.850401,2975.547516,20.151,-58.784,14.909,0.739657776796983
65.4333,128.189305,37.850421,2971.4065032000003,17.365,-58.419,14.979,0.739657776796983
65.45,128.189305,37.85044,2967.2740248,14.563,-58.045,15.011,0.739657776796983
65.4666,128.189306,37.85046,2963.1503856,11.746,-57.665,15.006,0.739657776796983
65.4833,128.189306,37.85048,2959.0355856,8.913,-57.28,14.962,0.739657776796983
65.5,128.189306,37.850501,2954.9302344000002,6.063,-56.89,14.88,0.739657776796983
65.5166,128.189307,37.850521,2950.8337224,3.196,-56.496,14.759,0.739657776796983
65.5333,128.189307,37.850541,2946.7469640000004,0.316,-56.099,14.595,0.739657776796983
65.55,128.189308,37.850562,2942.6693496000003,-2.577,-55.7,14.389,0.739657776796983
65.5666,128.189308,37.850583,2938.601184,-5.48,-55.302,14.139,0.739657776796983
65.5833,128.189309,37.850604,2934.5421624000005,-8.387,-54.904,13.846,0.739657776796983
65.6,128.18931,37.850625,2930.4916752000004,-11.293,-54.51,13.51,0.739657776796983
65.6166,128.189311,37.850646,2926.4497224,-14.193,-54.119,13.132,0.739657776796983
65.6333,128.189312,37.850667,2922.416304,-17.085,-53.735,12.712,0.739657776796983
65.65,128.189312,37.850689,2918.3911152,-19.966,-53.358,12.253,0.739657776796983
65.6666,128.189313,37.85071,2914.3738512,-22.837,-52.991,11.756,0.739657776796983
65.6833,128.189314,37.850732,2910.364512,-25.695,-52.634,11.221,0.739657776796983
65.7,128.189315,37.850754,2906.3627928,-28.541,-52.29,10.652,0.739657776796983
65.7166,128.189316,37.850775,2902.3686936000004,-31.375,-51.96,10.049,0.739657776796983
65.7333,128.189316,37.850798,2898.3813,-34.197,-51.645,9.415,0.739657776796983
65.75,128.189317,37.85082,2894.4012215999996,-37.007,-51.347,8.752,0.739657776796983
65.7666,128.189318,37.850842,2890.427544,-39.808,-51.067,8.061,0.739657776796983
65.7833,128.189318,37.850864,2886.4602672,-42.599,-50.806,7.346,0.739657776796983
65.8,128.189319,37.850887,2882.4990864,-45.382,-50.565,6.607,0.739657776796983
65.8166,128.189319,37.850909,2878.5436968,-48.156,-50.344,5.848,0.739657776796983
65.8333,128.189319,37.850932,2874.5937936,-50.925,-50.144,5.071,0.739657776796983
65.85,128.189319,37.850954,2870.649072,-53.687,-49.966,4.277,0.739657776796983
65.8666,128.18932,37.850977,2866.7089224,-56.445,-49.811,3.469,0.739657776796983
65.8833,128.18932,37.851,2862.7733448,-59.199,-49.678,2.649,0.739657776796983
65.9,128.189319,37.851023,2858.8420344,-61.95,-49.568,1.82,0.739657776796983
65.9166,128.189319,37.851046,2854.9140768,-64.699,-49.48,0.982,0.739657776796983
65.9333,128.189319,37.851069,2850.9882528000003,-67.241,-49.397,0.151,0.739657776796983
65.95,128.189318,37.851092,2847.0645624000003,-69.586,-49.316,359.327,0.739657776796983
65.9666,128.189318,37.851115,2843.1420912000003,-71.746,-49.238,358.511,0.739657776796983
65.9833,128.189317,37.851138,2839.2202296,-73.731,-49.163,357.704,0.739657776796983
66.0,128.189316,37.851161,2835.2989776000004,-75.549,-49.09,356.905,0.739657776796983
66.0166,128.189315,37.851185,2831.3780304,-77.203,-49.022,356.113,0.739657776796983
66.0333,128.189314,37.851208,2827.4567784000005,-78.691,-48.967,355.326,0.739657776796983
66.05,128.189313,37.851231,2823.5355264,-80.015,-48.926,354.544,0.739657776796983
66.0666,128.189312,37.851254,2819.6133600000003,-81.181,-48.902,353.766,0.739657776796983
66.0833,128.189311,37.851278,2815.6902792,-82.197,-48.894,352.993,0.739657776796983
66.1,128.189309,37.851301,2811.7659792,-83.075,-48.899,352.227,0.739657776796983
66.1166,128.189308,37.851324,2807.8401552000005,-83.825,-48.918,351.468,0.739657776796983
66.1333,128.189307,37.851348,2803.9125024,-84.457,-48.946,350.718,0.739657776796983
66.15,128.189305,37.851371,2799.9830208000003,-84.978,-48.983,349.979,0.739657776796983
66.1666,128.189304,37.851394,2796.0514056,-85.396,-49.028,349.252,0.739657776796983
66.1833,128.189302,37.851418,2792.1179616000004,-85.718,-49.079,348.536,0.739657776796983
66.2,128.1893,37.851441,2788.1826888,-85.948,-49.134,347.834,0.739657776796983
66.2166,128.189299,37.851465,2784.2452824,-86.093,-49.194,347.146,0.739657776796983
66.2333,128.189297,37.851488,2780.3057424,-86.158,-49.257,346.473,0.739657776796983
66.25,128.189295,37.851512,2776.3643736000004,-86.147,-49.322,345.814,0.739657776796983
66.2666,128.189293,37.851535,2772.4208712000004,-86.064,-49.389,345.171,0.739657776796983
66.2833,128.189291,37.851559,2768.47554,-85.912,-49.456,344.542,0.739657776796983
66.3,128.189288,37.851582,2764.52838,-85.693,-49.525,343.929,0.739657776796983
66.3166,128.189286,37.851606,2760.5790864,-85.41,-49.593,343.329,0.739657776796983
66.3333,128.189283,37.851629,2756.6279640000002,-85.064,-49.661,342.744,0.739657776796983
66.35,128.189281,37.851653,2752.6750128,-84.658,-49.728,342.173,0.739657776796983
66.3666,128.189278,37.851676,2748.7202328000003,-84.193,-49.794,341.615,0.739657776796983
66.3833,128.189275,37.8517,2744.7639288,-83.671,-49.858,341.07,0.739657776796983
66.4,128.189272,37.851723,2740.805796,-83.094,-49.919,340.537,0.739657776796983
66.4166,128.189269,37.851747,2736.8458344,-82.463,-49.977,340.018,0.739657776796983
66.4333,128.189266,37.85177,2732.8843488,-81.781,-50.031,339.511,0.739657776796983
66.45,128.189262,37.851794,2728.9216440000005,-81.049,-50.079,339.016,0.739657776796983
66.4666,128.189259,37.851817,2724.9571103999997,-80.268,-50.121,338.534,0.739657776796983
66.4833,128.189255,37.851841,2720.9913576000004,-79.441,-50.155,338.064,0.739657776796983
66.5,128.189251,37.851864,2717.0243855999997,-78.568,-50.182,337.606,0.739657776796983
66.5166,128.189247,37.851887,2713.0561944,-77.648,-50.202,337.161,0.739657776796983
66.5333,128.189243,37.851911,2709.0873936000003,-76.68,-50.215,336.727,0.739657776796983
66.55,128.189239,37.851934,2705.1173736000005,-75.663,-50.221,336.305,0.739657776796983
66.5666,128.189234,37.851958,2701.1470488000004,-74.598,-50.221,335.894,0.739657776796983
66.5833,128.189229,37.851981,2697.1758096000003,-73.484,-50.215,335.495,0.739657776796983
66.6,128.189225,37.852004,2693.2045704,-72.322,-50.202,335.106,0.739657776796983
66.6166,128.18922,37.852028,2689.2330263999997,-71.113,-50.183,334.728,0.739657776796983
66.6333,128.189214,37.852051,2685.2617872000005,-69.855,-50.156,334.359,0.739657776796983
66.65,128.189209,37.852075,2681.2905480000004,-68.55,-50.123,334.0,0.739657776796983
66.6666,128.189203,37.852098,2677.3199184,-67.199,-50.081,333.65,0.739657776796983
66.6833,128.189198,37.852121,2673.3498984000003,-65.801,-50.033,333.31,0.739657776796983
66.7,128.189192,37.852145,2669.3807928,-64.358,-49.976,332.979,0.739657776796983
66.7166,128.189186,37.852168,2665.4129064,-62.872,-49.912,332.659,0.739657776796983
66.7333,128.18918,37.852191,2661.4462392000005,-61.342,-49.84,332.349,0.739657776796983
66.75,128.189173,37.852215,2657.4810960000004,-59.77,-49.76,332.05,0.739657776796983
66.7666,128.189167,37.852238,2653.5180864000004,-58.157,-49.672,331.761,0.739657776796983
66.7833,128.18916,37.852262,2649.5569056000004,-56.505,-49.576,331.485,0.739657776796983
66.8,128.189153,37.852285,2645.598468,-54.813,-49.472,331.219,0.739657776796983
66.8166,128.189146,37.852308,2641.6421640000003,-53.083,-49.361,330.966,0.739657776796983
66.8333,128.189138,37.852332,2637.688908,-51.317,-49.241,330.725,0.739657776796983
66.85,128.189131,37.852355,2633.7390048,-49.514,-49.114,330.497,0.739657776796983
66.8666,128.189123,37.852379,2629.7921496,-47.677,-48.979,330.282,0.739657776796983
66.8833,128.189115,37.852402,2625.8489520000003,-45.805,-48.836,330.08,0.739657776796983
66.9,128.189107,37.852426,2621.9097168000003,-43.899,-48.686,329.892,0.739657776796983
66.9166,128.189099,37.852449,2617.9744440000004,-41.961,-48.529,329.718,0.739657776796983
66.9333,128.189091,37.852473,2614.0434384,-39.992,-48.364,329.558,0.739657776796983
66.95,128.189082,37.852496,2610.1170048000004,-37.993,-48.192,329.414,0.739657776796983
66.9666,128.189074,37.85252,2606.1954480000004,-35.965,-48.013,329.285,0.739657776796983
66.9833,128.189065,37.852543,2602.278768,-33.909,-47.827,329.171,0.739657776796983
67.0,128.189056,37.852567,2598.3672696,-31.824,-47.634,329.074,0.739657776796983
67.0166,128.189046,37.852591,2594.4609528,-29.713,-47.436,328.994,0.739657776796983
67.0333,128.189037,37.852615,2590.5601224,-27.574,-47.231,328.93,0.739657776796983
67.05,128.189028,37.852638,2586.6650832,-25.408,-47.02,328.884,0.739657776796983
67.0666,128.189018,37.852662,2582.7755304,-23.216,-46.803,328.856,0.739657776796983
67.0833,128.189008,37.852686,2578.8920736000005,-20.996,-46.582,328.847,0.739657776796983
67.1,128.188998,37.85271,2575.014408,-18.749,-46.356,328.856,0.739657776796983
67.1166,128.188988,37.852734,2571.1428384,-16.473,-46.125,328.884,0.739657776796983
67.1333,128.188978,37.852758,2567.2794984,-14.373,-45.898,328.894,0.739657776796983
67.15,128.188968,37.852782,2563.4237784000006,-12.436,-45.673,328.885,0.739657776796983
67.1666,128.188957,37.852807,2559.5765928,-10.681,-45.447,328.875,0.739657776796983
67.1833,128.188947,37.852831,2555.7382464,-9.118,-45.219,328.875,0.739657776796983
67.2,128.188936,37.852855,2551.9096535999997,-7.748,-44.986,328.894,0.739657776796983
67.2166,128.188925,37.85288,2548.0914239999997,-6.56,-44.748,328.93,0.739657776796983
67.2333,128.188914,37.852904,2544.284472,-5.538,-44.505,328.981,0.739657776796983
67.25,128.188903,37.852929,2540.4891024000003,-4.669,-44.257,329.044,0.739657776796983
67.2666,128.188892,37.852954,2536.7062296,-3.937,-44.004,329.117,0.739657776796983
67.2833,128.188881,37.852979,2532.9364632,-3.324,-43.748,329.197,0.739657776796983
67.3,128.188869,37.853004,2529.1804128,-2.806,-43.49,329.287,0.739657776796983
67.3166,128.188858,37.853029,2525.438688,-2.363,-43.228,329.386,0.739657776796983
67.3333,128.188846,37.853054,2521.7122032,-1.977,-42.964,329.493,0.739657776796983
67.35,128.188834,37.853079,2518.0006536,-1.633,-42.698,329.606,0.739657776796983
67.3666,128.188822,37.853105,2514.30282,-1.317,-42.431,329.723,0.739657776796983
67.3833,128.18881,37.85313,2510.6193120000003,-1.022,-42.162,329.842,0.739657776796983
67.4,128.188798,37.853156,2506.9504344,-0.742,-41.891,329.963,0.739657776796983
67.4166,128.188785,37.853182,2503.2955776000003,-0.472,-41.618,330.086,0.739657776796983
67.4333,128.188773,37.853208,2499.6547416000003,-0.21,-41.344,330.208,0.739657776796983
67.45,128.18876,37.853234,2496.0285360000003,0.044,-41.069,330.331,0.739657776796983
67.4666,128.188747,37.85326,2492.4163512,0.295,-40.793,330.453,0.739657776796983
67.4833,128.188735,37.853286,2488.8184920000003,0.542,-40.516,330.574,0.739657776796983
67.5,128.188722,37.853312,2485.2349584000003,0.787,-40.239,330.694,0.739657776796983
67.5166,128.188709,37.853339,2481.6660552,1.028,-39.961,330.813,0.739657776796983
67.5333,128.188696,37.853365,2478.1114776000004,1.265,-39.683,330.931,0.739657776796983
67.55,128.188683,37.853392,2474.5715304,1.498,-39.405,331.048,0.739657776796983
67.5666,128.188669,37.853419,2471.0462136,1.726,-39.127,331.165,0.739657776796983
67.5833,128.188656,37.853446,2467.5352224,1.95,-38.849,331.281,0.739657776796983
67.6,128.188643,37.853473,2464.0391664000003,2.17,-38.571,331.397,0.739657776796983
67.6166,128.188629,37.8535,2460.5577408,2.385,-38.294,331.513,0.739657776796983
67.6333,128.188615,37.853527,2457.0909456,2.596,-38.016,331.628,0.739657776796983
67.65,128.188602,37.853554,2453.6390856000003,2.803,-37.738,331.742,0.739657776796983
67.6666,128.188588,37.853582,2450.201856,3.006,-37.461,331.857,0.739657776796983
67.6833,128.188574,37.853609,2446.7798664,3.205,-37.184,331.97,0.739657776796983
67.7,128.18856,37.853637,2443.3725072,3.4,-36.907,332.084,0.739657776796983
67.7166,128.188546,37.853664,2439.9803880000004,3.591,-36.631,332.197,0.739657776796983
67.7333,128.188532,37.853692,2436.603204,3.779,-36.355,332.309,0.739657776796983
67.75,128.188518,37.85372,2433.2412600000002,3.964,-36.079,332.422,0.739657776796983
67.7666,128.188504,37.853748,2429.894556,4.145,-35.804,332.534,0.739657776796983
67.7833,128.188489,37.853776,2426.5630920000003,4.324,-35.529,332.646,0.739657776796983
67.8,128.188475,37.853805,2423.2465632,4.499,-35.255,332.758,0.739657776796983
67.8166,128.188461,37.853833,2419.9455792,4.673,-34.981,332.87,0.739657776796983
67.8333,128.188446,37.853862,2416.66014,4.843,-34.708,332.981,0.739657776796983
67.85,128.188431,37.85389,2413.3902456,5.012,-34.435,333.091,0.739657776796983
67.8666,128.188417,37.853919,2410.1355912000004,5.177,-34.163,333.202,0.739657776796983
67.8833,128.188402,37.853948,2406.8967864,5.341,-33.891,333.312,0.739657776796983
67.9,128.188387,37.853976,2403.6732216,5.502,-33.619,333.422,0.739657776796983
67.9166,128.188373,37.854005,2400.4658112,5.661,-33.348,333.532,0.739657776796983
67.9333,128.188358,37.854035,2397.2739456,5.818,-33.077,333.641,0.739657776796983
67.95,128.188343,37.854064,2394.0979296,5.972,-32.807,333.75,0.739657776796983
67.9666,128.188328,37.854093,2390.9377632,6.124,-32.538,333.858,0.739657776796983
67.9833,128.188313,37.854123,2387.7934464,6.274,-32.268,333.966,0.739657776796983
68.0,128.188298,37.854152,2384.6649792,6.423,-32.0,334.074,0.739657776796983
68.0166,128.188282,37.854182,2381.5529712000002,6.569,-31.732,334.182,0.739657776796983
68.0333,128.188267,37.854211,2378.4568128,6.713,-31.464,334.289,0.739657776796983
68.05,128.188252,37.854241,2375.3768088,6.855,-31.196,334.396,0.739657776796983
68.0666,128.188237,37.854271,2372.3129592,6.995,-30.929,334.503,0.739657776796983
68.0833,128.188221,37.854301,2369.265264,7.133,-30.663,334.61,0.739657776796983
68.1,128.188206,37.854331,2366.234028,7.269,-30.397,334.716,0.739657776796983
68.1166,128.188191,37.854361,2363.2189464000003,7.403,-30.131,334.822,0.739657776796983
68.1333,128.188175,37.854392,2360.2203240000003,7.536,-29.866,334.927,0.739657776796983
68.15,128.18816,37.854422,2357.2381608,7.667,-29.601,335.032,0.739657776796983
68.1666,128.188144,37.854453,2354.2727616,7.796,-29.336,335.137,0.739657776796983
68.1833,128.188129,37.854483,2351.3235168,7.923,-29.072,335.242,0.739657776796983
68.2,128.188113,37.854514,2348.391036,8.049,-28.808,335.347,0.739657776796983
68.2166,128.188097,37.854545,2345.4753192000003,8.173,-28.545,335.451,0.739657776796983
68.2333,128.188082,37.854576,2342.5760616000002,8.295,-28.282,335.555,0.739657776796983
68.25,128.188066,37.854607,2339.6938728,8.416,-28.019,335.658,0.739657776796983
68.2666,128.18805,37.854638,2336.8281432000003,8.535,-27.757,335.761,0.739657776796983
68.2833,128.188035,37.854669,2333.9794824,8.652,-27.495,335.865,0.739657776796983
68.3,128.188019,37.8547,2331.1472808000003,8.768,-27.233,335.967,0.739657776796983
68.3166,128.188003,37.854732,2328.3324528000003,8.883,-26.972,336.07,0.739657776796983
68.3333,128.187987,37.854763,2325.5343888,8.996,-26.711,336.172,0.739657776796983
68.35,128.187971,37.854795,2322.7533936000004,9.108,-26.45,336.274,0.739657776796983
68.3666,128.187955,37.854827,2319.9894672,9.218,-26.189,336.376,0.739657776796983
68.3833,128.18794,37.854858,2317.2426096000004,9.327,-25.929,336.478,0.739657776796983
68.4,128.187924,37.85489,2314.5128208,9.434,-25.669,336.579,0.739657776796983
68.4166,128.187908,37.854922,2311.8004056,9.54,-25.409,336.68,0.739657776796983
68.4333,128.187892,37.854954,2309.1050592,9.645,-25.15,336.781,0.739657776796983
68.45,128.187876,37.854986,2306.4270864,9.749,-24.891,336.882,0.739657776796983
68.4666,128.18786,37.855019,2303.7661824,9.851,-24.632,336.982,0.739657776796983
68.4833,128.187844,37.855051,2301.1229568000003,9.952,-24.373,337.082,0.739657776796983
68.5,128.187828,37.855083,2298.4971048,10.052,-24.114,337.182,0.739657776796983
68.5166,128.187812,37.855116,2295.8883216,10.15,-23.856,337.282,0.739657776796983
68.5333,128.187796,37.855149,2293.2972168,10.247,-23.598,337.382,0.739657776796983
68.55,128.18778,37.855181,2290.7237904,10.344,-23.34,337.481,0.739657776796983
68.5666,128.187764,37.855214,2288.1677376000002,10.439,-23.082,337.58,0.739657776796983
68.5833,128.187748,37.855247,2285.6293632,10.533,-22.825,337.679,0.739657776796983
68.6,128.187731,37.85528,2283.1083624000003,10.626,-22.568,337.778,0.739657776796983
68.6166,128.187715,37.855313,2280.6053448000002,10.717,-22.31,337.877,0.739657776796983
68.6333,128.187699,37.855346,2278.1197008,10.808,-22.053,337.975,0.739657776796983
68.65,128.187683,37.855379,2275.6520400000004,10.898,-21.796,338.073,0.739657776796983
68.6666,128.187667,37.855413,2273.2020576,10.986,-21.54,338.172,0.739657776796983
68.6833,128.187651,37.855446,2270.7697536,11.074,-21.283,338.27,0.739657776796983
68.7,128.187635,37.855479,2268.3554328,11.161,-21.027,338.367,0.739657776796983
68.7166,128.187619,37.855513,2265.9590952,11.247,-20.77,338.465,0.739657776796983
68.7333,128.187603,37.855547,2263.580436,11.331,-20.514,338.562,0.739657776796983
68.75,128.187587,37.85558,2261.21976,11.415,-20.258,338.66,0.739657776796983
68.7666,128.18757,37.855614,2258.8770672,11.498,-20.002,338.757,0.739657776796983
68.7833,128.187554,37.855648,2256.5523576,11.58,-19.746,338.854,0.739657776796983
68.8,128.187538,37.855682,2254.2456312000004,11.661,-19.491,338.951,0.739657776796983
68.8166,128.187522,37.855716,2251.9571928,11.742,-19.235,339.048,0.739657776796983
68.8333,128.187506,37.85575,2249.6864328,11.821,-18.979,339.144,0.739657776796983
68.85,128.18749,37.855784,2247.4342656,11.9,-18.724,339.241,0.739657776796983
68.8666,128.187474,37.855819,2245.2000816,11.978,-18.469,339.337,0.739657776796983
68.8833,128.187458,37.855853,2242.9838808,12.055,-18.213,339.433,0.739657776796983
68.9,128.187442,37.855888,2240.785968,12.131,-17.958,339.529,0.739657776796983
68.9166,128.187426,37.855922,2238.6066480000004,12.207,-17.702,339.625,0.739657776796983
68.9333,128.18741,37.855957,2236.442568,12.281,-17.448,339.721,0.739657776796983
68.95,128.187394,37.855991,2234.2973856000003,12.355,-17.196,339.816,0.739657776796983
68.9666,128.187378,37.856026,2232.169272,12.429,-16.945,339.911,0.739657776796983
68.9833,128.187362,37.856061,2230.0588368000003,12.501,-16.694,340.006,0.739657776796983
69.0,128.187346,37.856096,2227.96608,12.573,-16.444,340.1,0.739657776796983
69.0166,128.18733,37.856131,2225.8910016000004,12.644,-16.195,340.194,0.739657776796983
69.0333,128.187314,37.856167,2223.8336016000003,12.715,-15.946,340.288,0.739657776796983
69.05,128.187298,37.856202,2221.79388,12.785,-15.697,340.382,0.739657776796983
69.0666,128.187282,37.856237,2219.7721416,12.854,-15.449,340.476,0.739657776796983
69.0833,128.187266,37.856273,2217.7680816,12.923,-15.201,340.57,0.739657776796983
69.1,128.18725,37.856308,2215.7823096,12.992,-14.954,340.663,0.739657776796983
69.1166,128.187234,37.856344,2213.814216,13.06,-14.706,340.757,0.739657776796983
69.1333,128.187218,37.85638,2211.8641056,13.128,-14.459,340.85,0.739657776796983
69.15,128.187202,37.856416,2209.9319784,13.195,-14.213,340.943,0.739657776796983
69.1666,128.187186,37.856452,2208.0178344,13.262,-13.967,341.036,0.739657776796983
69.1833,128.18717,37.856488,2206.1219784,13.328,-13.72,341.129,0.739657776796983
69.2,128.187154,37.856524,2204.2441056000002,13.394,-13.475,341.222,0.739657776796983
69.2166,128.187138,37.85656,2202.3845208000002,13.459,-13.229,341.314,0.739657776796983
69.2333,128.187122,37.856596,2200.543224,13.525,-12.984,341.407,0.739657776796983
69.25,128.187106,37.856633,2198.7202152000004,13.59,-12.739,341.499,0.739657776796983
69.2666,128.187091,37.856669,2196.9154944,13.654,-12.494,341.592,0.739657776796983
69.2833,128.187075,37.856706,2195.1290616,13.718,-12.25,341.684,0.739657776796983
69.3,128.187059,37.856742,2193.3609168000003,13.782,-12.006,341.776,0.739657776796983
69.3166,128.187043,37.856779,2191.61106,13.846,-11.762,341.868,0.739657776796983
69.3333,128.187028,37.856816,2189.879796,13.909,-11.518,341.96,0.739657776796983
69.35,128.187012,37.856853,2188.1671248000002,13.972,-11.275,342.052,0.739657776796983
69.3666,128.186996,37.85689,2186.4727416,14.035,-11.031,342.144,0.739657776796983
69.3833,128.18698,37.856927,2184.7969512,14.098,-10.788,342.236,0.739657776796983
69.4,128.186965,37.856964,2183.1397536,14.16,-10.545,342.328,0.739657776796983
69.4166,128.186949,37.857001,2181.5011488,14.222,-10.303,342.419,0.739657776796983
69.4333,128.186934,37.857038,2179.8811368,14.284,-10.06,342.511,0.739657776796983
69.45,128.186918,37.857076,2178.2797176000004,14.345,-9.818,342.603,0.739657776796983
69.4666,128.186903,37.857113,2176.697196,14.407,-9.575,342.694,0.739657776796983
69.4833,128.186887,37.857151,2175.1332672000003,14.468,-9.333,342.786,0.739657776796983
69.5,128.186872,37.857188,2173.5879312,14.529,-9.092,342.877,0.739657776796983
69.5166,128.186856,37.857226,2172.0614928,14.589,-8.85,342.969,0.739657776796983
69.5333,128.186841,37.857264,2170.555476,14.542,-8.62,343.043,0.739657776796983
69.55,128.186825,37.857302,2169.0704904,14.39,-8.402,343.1,0.739657776796983
69.5666,128.18681,37.85734,2167.6074504000003,14.129,-8.191,343.148,0.739657776796983
69.5833,128.186795,37.857378,2166.1672704000002,13.755,-7.983,343.192,0.739657776796983
69.6,128.18678,37.857416,2164.75056,13.27,-7.775,343.235,0.739657776796983
69.6166,128.186764,37.857454,2163.3582336,12.678,-7.564,343.278,0.739657776796983
69.6333,128.186749,37.857492,2161.9912056000003,11.985,-7.352,343.32,0.739657776796983
69.65,128.186734,37.85753,2160.6497808,11.197,-7.136,343.359,0.739657776796983
69.6666,128.186719,37.857569,2159.3336544,10.319,-6.917,343.395,0.739657776796983
69.6833,128.186704,37.857607,2158.0425216000003,9.355,-6.694,343.426,0.739657776796983
69.7,128.186689,37.857646,2156.7766872,8.309,-6.469,343.452,0.739657776796983
69.7166,128.186674,37.857684,2155.5361512,7.184,-6.239,343.472,0.739657776796983
69.7333,128.186659,37.857723,2154.3206088,5.984,-6.007,343.486,0.739657776796983
69.75,128.186644,37.857761,2153.1303648000003,4.71,-5.77,343.494,0.739657776796983
69.7666,128.186629,37.8578,2151.9648096,3.365,-5.531,343.493,0.739657776796983
69.7833,128.186614,37.857839,2150.8245528,1.951,-5.289,343.485,0.739657776796983
69.8,128.186599,37.857878,2149.7089848,0.47,-5.044,343.469,0.739657776796983
69.8166,128.186584,37.857916,2148.6184104000004,-1.075,-4.797,343.444,0.739657776796983
69.8333,128.186569,37.857955,2147.5525248,-2.684,-4.548,343.409,0.739657776796983
69.85,128.186554,37.857994,2146.511328,-4.354,-4.298,343.364,0.739657776796983
69.8666,128.186539,37.858033,2145.4945152,-6.085,-4.047,343.308,0.739657776796983
69.8833,128.186523,37.858072,2144.5020864000003,-7.875,-3.795,343.242,0.739657776796983
69.9,128.186508,37.858111,2143.5337368,-9.723,-3.543,343.164,0.739657776796983
69.9166,128.186493,37.85815,2142.5891616000004,-11.627,-3.29,343.074,0.739657776796983
69.9333,128.186478,37.858189,2141.6683608,-13.588,-3.039,342.972,0.739657776796983
69.95,128.186462,37.858229,2140.7707248,-15.604,-2.789,342.858,0.739657776796983
69.9666,128.186447,37.858268,2139.8959488,-17.675,-2.541,342.731,0.739657776796983
69.9833,128.186431,37.858307,2139.0440328,-19.801,-2.295,342.591,0.739657776796983
70.0,128.186416,37.858346,2138.2140624,-21.98,-2.052,342.437,0.739657776796983
70.0166,128.1864,37.858385,2137.4060376,-24.213,-1.812,342.269,0.739657776796983
70.0333,128.186384,37.858424,2136.619044,-26.5,-1.578,342.088,0.739657776796983
70.05,128.186368,37.858463,2135.8527768,-28.841,-1.348,341.893,0.739657776796983
70.0666,128.186352,37.858502,2135.1066264,-31.235,-1.124,341.683,0.739657776796983
70.0833,128.186335,37.858542,2134.3799832,-33.682,-0.907,341.459,0.739657776796983
70.1,128.186319,37.858581,2133.6722376000002,-36.184,-0.697,341.22,0.739657776796983
70.1166,128.186302,37.85862,2132.9827800000003,-38.739,-0.496,340.967,0.739657776796983
70.1333,128.186286,37.858659,2132.307648,-41.083,-0.286,340.721,0.739657776796983
70.15,128.186269,37.858698,2131.6471464,-43.229,-0.066,340.482,0.739657776796983
70.1666,128.186252,37.858737,2131.0006656,-45.169,0.153,340.24,0.739657776796983
70.1833,128.186235,37.858776,2130.3669864000003,-46.903,0.367,339.987,0.739657776796983
70.2,128.186217,37.858815,2129.7448896,-48.436,0.57,339.721,0.739657776796983
70.2166,128.1862,37.858854,2129.1340704,-49.78,0.763,339.442,0.739657776796983
70.2333,128.186182,37.858893,2128.5327,-50.952,0.947,339.152,0.739657776796983
70.25,128.186165,37.858932,2127.9407784,-51.964,1.122,338.853,0.739657776796983
70.2666,128.186147,37.858971,2127.3573912,-52.83,1.289,338.547,0.739657776796983
70.2833,128.186129,37.85901,2126.7819288,-53.56,1.45,338.238,0.739657776796983
70.3,128.186111,37.859049,2126.2137816,-54.164,1.605,337.926,0.739657776796983
70.3166,128.186093,37.859088,2125.65234,-54.649,1.754,337.613,0.739657776796983
70.3333,128.186075,37.859127,2125.0972992,-55.024,1.898,337.3,0.739657776796983
70.35,128.186056,37.859166,2124.5480496,-55.293,2.036,336.988,0.739657776796983
70.3666,128.186038,37.859205,2124.0042864,-55.464,2.17,336.679,0.739657776796983
70.3833,128.186019,37.859243,2123.4657048000004,-55.54,2.3,336.373,0.739657776796983
70.4,128.186001,37.859282,2122.9320000000002,-55.527,2.426,336.072,0.739657776796983
70.4166,128.185982,37.859321,2122.4025624,-55.429,2.549,335.775,0.739657776796983
70.4333,128.185963,37.85936,2121.878916,-55.249,2.669,335.484,0.739657776796983
70.45,128.185944,37.859399,2121.360756,-54.99,2.787,335.198,0.739657776796983
70.4666,128.185925,37.859438,2120.8477776,-54.656,2.903,334.92,0.739657776796983
70.4833,128.185906,37.859477,2120.3408952,-54.247,3.018,334.649,0.739657776796983
70.5,128.185887,37.859516,2119.839804,-53.767,3.131,334.386,0.739657776796983
70.5166,128.185867,37.859555,2119.3451136,-53.217,3.244,334.13,0.739657776796983
70.5333,128.185848,37.859594,2118.856824,-52.6,3.357,333.882,0.739657776796983
70.55,128.185828,37.859633,2118.3752400000003,-51.915,3.47,333.643,0.739657776796983
70.5666,128.185809,37.859672,2117.9006664000003,-51.166,3.583,333.412,0.739657776796983
70.5833,128.185789,37.859711,2117.4334080000003,-50.354,3.698,333.188,0.739657776796983
70.6,128.185769,37.85975,2116.9737696,-49.479,3.814,332.973,0.739657776796983
70.6166,128.185749,37.859788,2116.5217512,-48.545,3.931,332.766,0.739657776796983
70.6333,128.185729,37.859827,2116.0776576,-47.551,4.05,332.567,0.739657776796983
70.65,128.185708,37.859866,2115.6420984,-46.5,4.171,332.376,0.739657776796983
70.6666,128.185688,37.859905,2115.2153784,-45.392,4.295,332.193,0.739657776796983
70.6833,128.185668,37.859944,2114.7971928,-44.228,4.422,332.018,0.739657776796983
70.7,128.185647,37.859983,2114.388456,-43.009,4.553,331.851,0.739657776796983
70.7166,128.185626,37.860021,2113.989168,-41.736,4.688,331.692,0.739657776796983
70.7333,128.185605,37.86006,2113.6002432,-40.41,4.839,331.53,0.739657776796983
70.75,128.185584,37.860099,2113.2213768,-39.033,5.006,331.366,0.739657776796983
70.7666,128.185563,37.860138,2112.8528736,-37.604,5.184,331.206,0.739657776796983
70.7833,128.185542,37.860176,2112.495648,-36.124,5.369,331.053,0.739657776796983
70.8,128.185521,37.860215,2112.1493952,-34.595,5.558,330.91,0.739657776796983
70.8166,128.185499,37.860254,2111.8147248,-33.016,5.75,330.778,0.739657776796983
70.8333,128.185478,37.860292,2111.4919416,-31.39,5.944,330.657,0.739657776796983
70.85,128.185456,37.860331,2111.1813504,-29.717,6.142,330.548,0.739657776796983
70.8666,128.185435,37.86037,2110.883256,-27.998,6.343,330.45,0.739657776796983
70.8833,128.185413,37.860408,2110.5976584,-26.234,6.548,330.363,0.739657776796983
70.9,128.185391,37.860447,2110.3248624000003,-24.424,6.756,330.288,0.739657776796983
70.9166,128.185369,37.860485,2110.0654776,-22.572,6.967,330.225,0.739657776796983
70.9333,128.185347,37.860524,2109.8191992,-20.677,7.182,330.174,0.739657776796983
70.95,128.185325,37.860562,2109.5866368,-18.74,7.399,330.135,0.739657776796983
70.9666,128.185303,37.860601,2109.3674856000002,-16.762,7.619,330.109,0.739657776796983
70.9833,128.185281,37.860639,2109.1620504,-14.745,7.842,330.096,0.739657776796983
71.0,128.185258,37.860678,2108.970636,-12.687,8.066,330.097,0.739657776796983
71.0166,128.185236,37.860716,2108.7932424,-10.591,8.293,330.111,0.739657776796983
71.0333,128.185214,37.860755,2108.6295648,-8.455,8.521,330.139,0.739657776796983
71.05,128.185191,37.860793,2108.4799080000003,-6.28,8.749,330.181,0.739657776796983
71.0666,128.185169,37.860832,2108.3442720000003,-4.065,8.979,330.238,0.739657776796983
71.0833,128.185146,37.86087,2108.2226568,-1.811,9.209,330.309,0.739657776796983
71.1,128.185124,37.860909,2108.1144528000004,0.484,9.438,330.395,0.739657776796983
71.1166,128.185101,37.860947,2108.0202696,2.82,9.666,330.497,0.739657776796983
71.1333,128.185078,37.860986,2107.9391928,5.2,9.892,330.614,0.739657776796983
71.15,128.185056,37.861024,2107.8715272,7.622,10.116,330.748,0.739657776796983
71.1666,128.185033,37.861063,2107.816968,10.088,10.336,330.903,0.739657776796983
71.1833,128.185011,37.861101,2107.7752104,12.598,10.552,331.08,0.739657776796983
71.2,128.184988,37.86114,2107.7459496,15.152,10.76,331.282,0.739657776796983
71.2166,128.184966,37.861178,2107.7288808000003,17.752,10.959,331.512,0.739657776796983
71.2333,128.184943,37.861217,2107.724004,20.399,11.148,331.771,0.739657776796983
71.25,128.18492,37.861255,2107.7304048,23.092,11.325,332.061,0.739657776796983
71.2666,128.184898,37.861294,2107.7480832,25.834,11.486,332.383,0.739657776796983
71.2833,128.184875,37.861333,2107.7767344000004,28.624,11.63,332.739,0.739657776796983
71.3,128.184853,37.861371,2107.8157488,31.464,11.754,333.127,0.739657776796983
71.3166,128.18483,37.86141,2107.8645168,34.353,11.854,333.549,0.739657776796983
71.3333,128.184808,37.861449,2107.9248672000003,37.043,11.945,333.975,0.739657776796983
71.35,128.184786,37.861487,2107.9961904,39.546,12.027,334.408,0.739657776796983
71.3666,128.184764,37.861526,2108.0784864,41.869,12.099,334.845,0.739657776796983
71.3833,128.184741,37.861565,2108.1723648,44.023,12.159,335.286,0.739657776796983
71.4,128.184719,37.861604,2108.2778256,46.016,12.208,335.729,0.739657776796983
71.4166,128.184697,37.861643,2108.3948688,47.857,12.246,336.176,0.739657776796983
71.4333,128.184675,37.861682,2108.5237992,49.552,12.273,336.624,0.739657776796983
71.45,128.184654,37.861721,2108.6646168,51.11,12.291,337.074,0.739657776796983
71.4666,128.184632,37.86176,2108.8179312,52.537,12.299,337.524,0.739657776796983
71.4833,128.184611,37.861799,2108.9831328,53.84,12.298,337.975,0.739657776796983
71.5,128.184589,37.861838,2109.1605264,55.024,12.291,338.424,0.739657776796983
71.5166,128.184568,37.861877,2109.3504168,56.095,12.277,338.872,0.739657776796983
71.5333,128.184547,37.861916,2109.5524992,57.057,12.259,339.318,0.739657776796983
71.55,128.184527,37.861956,2109.7673832,57.92,12.236,339.762,0.739657776796983
71.5666,128.184506,37.861995,2109.9950688,58.701,12.21,340.203,0.739657776796983
71.5833,128.184486,37.862034,2110.2352512,59.417,12.18,340.642,0.739657776796983
71.6,128.184466,37.862074,2110.4861016000004,60.082,12.146,341.079,0.739657776796983
71.6166,128.184446,37.862113,2110.7482296000003,60.705,12.109,341.514,0.739657776796983
71.6333,128.184426,37.862153,2111.0207208,61.296,12.069,341.946,0.739657776796983
71.65,128.184407,37.862192,2111.3035752,61.859,12.028,342.375,0.739657776796983
71.6666,128.184387,37.862232,2111.5961832000003,62.401,11.987,342.802,0.739657776796983
71.6833,128.184368,37.862272,2111.89824,62.925,11.945,343.224,0.739657776796983
71.7,128.184349,37.862312,2112.2097456,63.432,11.905,343.643,0.739657776796983
71.7166,128.184331,37.862351,2112.5303952,63.927,11.867,344.056,0.739657776796983
71.7333,128.184312,37.862391,2112.8595792,64.409,11.832,344.464,0.739657776796983
71.75,128.184294,37.862431,2113.1972976,64.881,11.801,344.866,0.739657776796983
71.7666,128.184276,37.862471,2113.5435504,65.343,11.775,345.262,0.739657776796983
71.7833,128.184258,37.862511,2113.8980328000002,65.797,11.754,345.651,0.739657776796983
71.8,128.18424,37.862551,2114.26044,66.242,11.74,346.034,0.739657776796983
71.8166,128.184223,37.862591,2114.6304672,66.681,11.733,346.409,0.739657776796983
71.8333,128.184206,37.862631,2115.0081144,67.112,11.734,346.778,0.739657776796983
71.85,128.184189,37.862672,2115.3933816,67.538,11.743,347.141,0.739657776796983
71.8666,128.184172,37.862712,2115.7856592000003,67.959,11.761,347.496,0.739657776796983
71.8833,128.184155,37.862752,2116.185252,68.375,11.788,347.846,0.739657776796983
71.9,128.184139,37.862793,2116.5918552,68.786,11.824,348.188,0.739657776796983
71.9166,128.184123,37.862833,2117.005164,69.193,11.869,348.525,0.739657776796983
71.9333,128.184107,37.862873,2117.425788,69.508,11.932,348.853,0.739657776796983
71.95,128.184091,37.862914,2117.8543368,69.728,12.008,349.174,0.739657776796983
71.9666,128.184076,37.862954,2118.2911152,69.845,12.089,349.492,0.739657776796983
71.9833,128.184061,37.862995,2118.7367328,69.854,12.17,349.809,0.739657776796983
72.0,128.184046,37.863035,2119.1911896,69.757,12.247,350.126,0.739657776796983
72.0166,128.184032,37.863076,2119.6547904,69.56,12.323,350.443,0.739657776796983
72.0333,128.184017,37.863117,2120.1269256,69.269,12.398,350.76,0.739657776796983
72.05,128.184003,37.863157,2120.6079,68.892,12.475,351.075,0.739657776796983
72.0666,128.18399,37.863198,2121.0980184,68.433,12.553,351.39,0.739657776796983
72.0833,128.183976,37.863239,2121.5975856,67.897,12.636,351.703,0.739657776796983
72.1,128.183963,37.86328,2122.1062968,67.287,12.722,352.014,0.739657776796983
72.1166,128.18395,37.86332,2122.6244568,66.606,12.812,352.324,0.739657776796983
72.1333,128.183938,37.863361,2123.1526752,65.858,12.907,352.631,0.739657776796983
72.15,128.183925,37.863402,2123.6912568000002,65.045,13.007,352.935,0.739657776796983
72.1666,128.183913,37.863443,2124.2398968,64.168,13.113,353.237,0.739657776796983
72.1833,128.183902,37.863484,2124.7998144,63.231,13.225,353.535,0.739657776796983
72.2,128.18389,37.863525,2125.3704000000002,62.234,13.342,353.829,0.739657776796983
72.2166,128.183879,37.863566,2125.952568,61.181,13.466,354.12,0.739657776796983
72.2333,128.183868,37.863607,2126.546928,60.072,13.597,354.406,0.739657776796983
72.25,128.183858,37.863648,2127.1531752,58.908,13.735,354.688,0.739657776796983
72.2666,128.183847,37.863689,2127.7722240000003,57.691,13.881,354.964,0.739657776796983
72.2833,128.183837,37.863729,2128.404684,56.423,14.034,355.236,0.739657776796983
72.3,128.183827,37.86377,2129.0502504,55.103,14.194,355.502,0.739657776796983
72.3166,128.183818,37.863811,2129.7101424,53.733,14.363,355.762,0.739657776796983
72.3333,128.183808,37.863852,2130.38436,52.313,14.539,356.016,0.739657776796983
72.35,128.183799,37.863893,2131.0735128,50.844,14.724,356.263,0.739657776796983
72.3666,128.18379,37.863934,2131.7779056,49.327,14.917,356.503,0.739657776796983
72.3833,128.183782,37.863975,2132.4984528000005,47.761,15.118,356.736,0.739657776796983
72.4,128.183773,37.864016,2133.2348496,46.148,15.328,356.962,0.739657776796983
72.4166,128.183765,37.864057,2133.9883152,44.488,15.547,357.179,0.739657776796983
72.4333,128.183757,37.864098,2134.7588496,42.78,15.774,357.388,0.739657776796983
72.45,128.18375,37.864139,2135.5470624,41.025,16.009,357.588,0.739657776796983
72.4666,128.183742,37.864179,2136.3532584000004,39.222,16.253,357.778,0.739657776796983
72.4833,128.183735,37.86422,2137.1780472,37.373,16.506,357.959,0.739657776796983
72.5,128.183728,37.864261,2138.0214288,35.477,16.767,358.129,0.739657776796983
72.5166,128.183721,37.864302,2138.8843176,33.535,17.037,358.288,0.739657776796983
72.5333,128.183714,37.864342,2139.766104,31.81,17.299,358.461,0.739657776796983
72.55,128.183708,37.864383,2140.6655688,30.29,17.553,358.648,0.739657776796983
72.5666,128.183701,37.864424,2141.5824072,28.981,17.808,358.838,0.739657776796983
72.5833,128.183695,37.864464,2142.5160096000004,27.883,18.069,359.021,0.739657776796983
72.6,128.183689,37.864505,2143.4654616000003,26.99,18.336,359.193,0.739657776796983
72.6166,128.183683,37.864546,2144.431068,26.289,18.611,359.355,0.739657776796983
72.6333,128.183677,37.864586,2145.4116096000002,25.76,18.892,359.508,0.739657776796983
72.65,128.183671,37.864627,2146.4067816,25.365,19.178,359.651,0.739657776796983
72.6666,128.183665,37.864667,2147.4159744000003,25.069,19.469,359.784,0.739657776796983
72.6833,128.183659,37.864708,2148.4388832,24.846,19.763,359.908,0.739657776796983
72.7,128.183654,37.864748,2149.4745936000004,24.672,20.058,0.025,0.739657776796983
72.7166,128.183649,37.864789,2150.52402,24.533,20.353,0.136,0.739657776796983
72.7333,128.183643,37.864829,2151.5886864,24.417,20.647,0.244,0.739657776796983
72.75,128.183638,37.864869,2152.6676784,24.315,20.94,0.348,0.739657776796983
72.7666,128.183633,37.86491,2153.7616056,24.224,21.23,0.449,0.739657776796983
72.7833,128.183628,37.86495,2154.8707728,24.14,21.517,0.549,0.739657776796983
72.8,128.183623,37.864991,2155.9951800000003,24.061,21.801,0.648,0.739657776796983
72.8166,128.183618,37.865031,2157.1348272,23.986,22.082,0.745,0.739657776796983
72.8333,128.183613,37.865071,2158.2900192,23.915,22.361,0.841,0.739657776796983
72.85,128.183609,37.865111,2159.4610608,23.847,22.637,0.936,0.739657776796983
72.8666,128.183604,37.865151,2160.6473424,23.782,22.912,1.031,0.739657776796983
72.8833,128.1836,37.865192,2161.8497784,23.72,23.184,1.125,0.739657776796983
72.9,128.183596,37.865232,2163.068064,23.661,23.455,1.218,0.739657776796983
72.9166,128.183591,37.865272,2164.3018944,23.604,23.723,1.311,0.739657776796983
72.9333,128.183587,37.865312,2165.552184,23.549,23.991,1.404,0.739657776796983
72.95,128.183583,37.865352,2166.8180184000003,23.497,24.256,1.496,0.739657776796983
72.9666,128.183579,37.865392,2168.100312,23.447,24.52,1.588,0.739657776796983
72.9833,128.183576,37.865432,2169.39876,23.399,24.783,1.68,0.739657776796983
73.0,128.183572,37.865472,2170.7130576,23.353,25.045,1.772,0.739657776796983
73.0166,128.183568,37.865511,2172.0438144,23.31,25.305,1.863,0.739657776796983
73.0333,128.183565,37.865551,2173.3910304,23.269,25.565,1.955,0.739657776796983
73.05,128.183561,37.865591,2174.7544008,23.23,25.824,2.047,0.739657776796983
73.0666,128.183558,37.865631,2176.1339256,23.193,26.082,2.139,0.739657776796983
73.0833,128.183555,37.86567,2177.5299096000003,23.159,26.339,2.232,0.739657776796983
73.1,128.183552,37.86571,2178.9423528,23.127,26.596,2.324,0.739657776796983
73.1166,128.183549,37.865749,2180.3712552,23.097,26.852,2.417,0.739657776796983
73.1333,128.183546,37.865789,2181.8166168000002,23.069,27.107,2.511,0.739657776796983
73.15,128.183543,37.865828,2183.2781328,23.044,27.362,2.604,0.739657776796983
73.1666,128.18354,37.865868,2184.7564128000004,23.021,27.617,2.698,0.739657776796983
73.1833,128.183538,37.865907,2186.251152,23.0,27.871,2.793,0.739657776796983
73.2,128.183535,37.865946,2187.7620456,22.981,28.125,2.887,0.739657776796983
73.2166,128.183533,37.865985,2189.2897032,22.964,28.378,2.983,0.739657776796983
73.2333,128.183531,37.866024,2190.83382,22.949,28.631,3.078,0.739657776796983
73.25,128.183528,37.866064,2192.3947008,22.936,28.883,3.174,0.739657776796983
73.2666,128.183526,37.866103,2193.971736,22.925,29.135,3.271,0.739657776796983
73.2833,128.183524,37.866142,2195.5652304,22.917,29.387,3.368,0.739657776796983
73.3,128.183522,37.86618,2197.1754888,22.91,29.638,3.466,0.739657776796983
73.3166,128.18352,37.866219,2198.8022064,22.905,29.89,3.564,0.739657776796983
73.3333,128.183519,37.866258,2200.4453832000004,22.902,30.14,3.663,0.739657776796983
73.35,128.183517,37.866297,2202.1047144,22.901,30.391,3.762,0.739657776796983
73.3666,128.183516,37.866335,2203.7808096000003,22.902,30.641,3.862,0.739657776796983
73.3833,128.183514,37.866374,2205.4733640000004,22.905,30.892,3.963,0.739657776796983
73.4,128.183513,37.866412,2207.1823776,22.909,31.142,4.064,0.739657776796983
73.4166,128.183512,37.866451,2208.9078504000004,22.916,31.391,4.166,0.739657776796983
73.4333,128.18351,37.866489,2210.6497824,22.924,31.641,4.269,0.739657776796983
73.45,128.183509,37.866527,2212.4081736,22.934,31.89,4.372,0.739657776796983
73.4666,128.183508,37.866566,2214.1827192,22.946,32.14,4.476,0.739657776796983
73.4833,128.183508,37.866604,2215.973724,22.96,32.389,4.581,0.739657776796983
73.5,128.183507,37.866642,2217.7811880000004,22.976,32.638,4.686,0.739657776796983
73.5166,128.183506,37.86668,2219.6048064,22.993,32.886,4.792,0.739657776796983
73.5333,128.183506,37.866718,2221.444884,23.013,33.135,4.9,0.739657776796983
73.55,128.183505,37.866756,2223.301116,23.034,33.384,5.007,0.739657776796983
73.5666,128.183505,37.866793,2225.1735024,23.056,33.632,5.116,0.739657776796983
73.5833,128.183504,37.866831,2227.0623480000004,23.081,33.881,5.226,0.739657776796983
73.6,128.183504,37.866869,2228.967348,23.107,34.129,5.336,0.739657776796983
73.6166,128.183504,37.866906,2230.8885024,23.136,34.377,5.447,0.739657776796983
73.6333,128.183504,37.866944,2232.8255064,23.166,34.625,5.559,0.739657776796983
73.65,128.183504,37.866981,2234.7789696,23.197,34.873,5.672,0.739657776796983
73.6666,128.183504,37.867018,2236.7485872,23.231,35.121,5.786,0.739657776796983
73.6833,128.183505,37.867055,2238.7340544,23.266,35.369,5.901,0.739657776796983
73.7,128.183505,37.867093,2240.7353712,23.303,35.617,6.017,0.739657776796983
73.7166,128.183505,37.86713,2242.7528424,23.342,35.865,6.133,0.739657776796983
73.7333,128.183506,37.867167,2244.7864680000002,23.382,36.113,6.251,0.739657776796983
73.75,128.183507,37.867203,2246.8356384,23.425,36.36,6.37,0.739657776796983
73.7666,128.183507,37.86724,2248.9009632,23.469,36.608,6.489,0.739657776796983
73.7833,128.183508,37.867277,2250.9818328,23.514,36.856,6.61,0.739657776796983
73.8,128.183509,37.867313,2253.0788568000003,23.562,37.103,6.732,0.739657776796983
73.8166,128.18351,37.86735,2255.1914256,23.611,37.351,6.855,0.739657776796983
73.8333,128.183511,37.867386,2257.3195392000002,23.663,37.599,6.978,0.739657776796983
73.85,128.183512,37.867423,2259.4635024,23.716,37.846,7.103,0.739657776796983
73.8666,128.183514,37.867459,2261.6230104,23.77,38.094,7.229,0.739657776796983
73.8833,128.183515,37.867495,2263.798368,23.827,38.341,7.357,0.739657776796983
73.9,128.183516,37.867531,2265.9889656,23.885,38.589,7.485,0.739657776796983
73.9166,128.183518,37.867567,2268.1954128,23.945,38.836,7.615,0.739657776796983
73.9333,128.18352,37.867603,2270.4171,24.007,39.084,7.745,0.739657776796983
73.95,128.183521,37.867638,2272.6540272,24.071,39.331,7.877,0.739657776796983
73.9666,128.183523,37.867674,2274.9064992000003,24.137,39.578,8.01,0.739657776796983
73.9833,128.183525,37.867709,2277.174516,24.204,39.826,8.145,0.739657776796983
74.0,128.183527,37.867745,2279.457468,24.273,40.073,8.28,0.739657776796983
74.0166,128.183529,37.86778,2281.7556600000003,24.345,40.321,8.417,0.739657776796983
74.0333,128.183531,37.867815,2284.069092,24.418,40.568,8.555,0.739657776796983
74.05,128.183533,37.867851,2286.3977640000003,24.493,40.815,8.695,0.739657776796983
74.0666,128.183536,37.867886,2288.7413712000002,24.569,41.062,8.836,0.739657776796983
74.0833,128.183538,37.86792,2291.1002184000004,24.648,41.31,8.978,0.739657776796983
74.1,128.183541,37.867955,2293.4740008,24.729,41.557,9.122,0.739657776796983
74.1166,128.183543,37.86799,2295.8624136000003,24.811,41.804,9.267,0.739657776796983
74.1333,128.183546,37.868025,2298.2660664000005,24.896,42.051,9.414,0.739657776796983
74.15,128.183549,37.868059,2300.6843496,24.982,42.299,9.561,0.739657776796983
74.1666,128.183552,37.868093,2303.1172632,25.07,42.546,9.711,0.739657776796983
74.1833,128.183555,37.868128,2305.5651119999998,25.161,42.793,9.862,0.739657776796983
74.2,128.183558,37.868162,2308.0275912,25.253,43.04,10.014,0.739657776796983
74.2166,128.183561,37.868196,2310.5047008,25.348,43.287,10.169,0.739657776796983
74.2333,128.183564,37.86823,2312.996136,25.444,43.534,10.324,0.739657776796983
74.25,128.183567,37.868264,2315.5022016000003,25.543,43.781,10.482,0.739657776796983
74.2666,128.183571,37.868297,2318.0228976000003,25.643,44.028,10.64,0.739657776796983
74.2833,128.183574,37.868331,2320.5576144,25.746,44.275,10.801,0.739657776796983
74.3,128.183578,37.868364,2323.1069616,25.85,44.522,10.963,0.739657776796983
74.3166,128.183581,37.868398,2325.6703296,25.957,44.769,11.127,0.739657776796983
74.3333,128.183585,37.868431,2328.2480232000003,26.066,45.015,11.293,0.739657776796983
74.35,128.183589,37.868464,2330.8397376000003,26.177,45.262,11.461,0.739657776796983
74.3666,128.183593,37.868497,2333.4457776000004,26.291,45.509,11.63,0.739657776796983
74.3833,128.183596,37.86853,2336.0655336,26.406,45.755,11.801,0.739657776796983
74.4,128.183601,37.868563,2338.6993104000003,26.524,46.002,11.974,0.739657776796983
74.4166,128.183605,37.868596,2341.347108,26.644,46.248,12.149,0.739657776796983
74.4333,128.183609,37.868628,2344.0089264000003,26.767,46.495,12.326,0.739657776796983
74.45,128.183613,37.868661,2346.6841560000003,26.891,46.741,12.505,0.739657776796983
74.4666,128.183618,37.868693,2349.3731016,27.018,46.987,12.686,0.739657776796983
74.4833,128.183622,37.868725,2352.076068,27.148,47.234,12.869,0.739657776796983
74.5,128.183627,37.868757,2354.7921408,27.28,47.48,13.054,0.739657776796983
74.5166,128.183631,37.868789,2357.5222344000003,27.414,47.726,13.242,0.739657776796983
74.5333,128.183636,37.868821,2360.2654344000002,27.55,47.971,13.431,0.739657776796983
74.55,128.183641,37.868852,2363.0220456,27.69,48.217,13.622,0.739657776796983
74.5666,128.183646,37.868884,2365.792068,27.831,48.463,13.816,0.739657776796983
74.5833,128.183651,37.868915,2368.5751968,27.976,48.708,14.012,0.739657776796983
74.6,128.183656,37.868947,2371.3717368000002,28.122,48.954,14.211,0.739657776796983
74.6166,128.183661,37.868978,2374.1810784,28.272,49.199,14.411,0.739657776796983
74.6333,128.183666,37.869009,2377.0038312,28.424,49.444,14.615,0.739657776796983
74.65,128.183671,37.86904,2379.8393856000002,28.579,49.689,14.82,0.739657776796983
74.6666,128.183677,37.869071,2382.6877416,28.736,49.934,15.028,0.739657776796983
74.6833,128.183682,37.869101,2385.549204,28.897,50.178,15.239,0.739657776796983
74.7,128.183688,37.869132,2388.4231632,29.06,50.423,15.452,0.739657776796983
74.7166,128.183693,37.869162,2391.3102288,29.226,50.667,15.668,0.739657776796983
74.7333,128.183699,37.869192,2394.2094864,29.395,50.911,15.887,0.739657776796983
74.75,128.183705,37.869222,2397.1215456,29.566,51.155,16.108,0.739657776796983
74.7666,128.18371,37.869252,2400.0461016000004,29.741,51.399,16.332,0.739657776796983
74.7833,128.183716,37.869282,2402.9828496,29.919,51.643,16.559,0.739657776796983
74.8,128.183722,37.869312,2405.9320944,30.1,51.886,16.789,0.739657776796983
74.8166,128.183728,37.869341,2408.893836,30.284,52.129,17.021,0.739657776796983
74.8333,128.183735,37.869371,2411.8674648,30.471,52.372,17.257,0.739657776796983
74.85,128.183741,37.8694,2414.8532856,30.662,52.614,17.496,0.739657776796983
74.8666,128.183747,37.869429,2417.8509936,30.855,52.857,17.738,0.739657776796983
74.8833,128.183754,37.869458,2420.8608936,31.052,53.099,17.983,0.739657776796983
74.9,128.18376,37.869487,2423.8826808000003,31.253,53.341,18.231,0.739657776796983
74.9166,128.183767,37.869516,2426.9163552,31.457,53.582,18.483,0.739657776796983
74.9333,128.183773,37.869544,2429.9610024000003,31.652,53.809,18.722,0.739657776796983
74.95,128.18378,37.869573,2433.0163176,31.825,54.006,18.934,0.739657776796983
74.9666,128.183787,37.869601,2436.0829104,31.978,54.176,19.12,0.739657776796983
74.9833,128.183794,37.869629,2439.1607808000003,32.118,54.329,19.29,0.739657776796983
75.0,128.1838,37.869657,2442.2493192,32.253,54.475,19.453,0.739657776796983
75.0166,128.183807,37.869685,2445.3485256,32.388,54.618,19.615,0.739657776796983
75.0333,128.183815,37.869713,2448.4587048000003,32.524,54.761,19.779,0.739657776796983
75.05,128.183822,37.869741,2451.5792472,32.664,54.906,19.946,0.739657776796983
75.0666,128.183829,37.869768,2454.7101528000003,32.807,55.052,20.116,0.739657776796983
75.0833,128.183836,37.869795,2457.8514216000003,32.954,55.199,20.29,0.739657776796983
75.1,128.183844,37.869823,2461.0027488,33.103,55.348,20.467,0.739657776796983
75.1166,128.183851,37.86985,2464.1644392000003,33.257,55.499,20.648,0.739657776796983
75.1333,128.183858,37.869877,2467.3358832000004,33.413,55.65,20.831,0.739657776796983
75.15,128.183866,37.869904,2470.5170808000003,33.572,55.802,21.018,0.739657776796983
75.1666,128.183874,37.86993,2473.708032,33.735,55.955,21.207,0.739657776796983
75.1833,128.183881,37.869957,2476.9087368,33.9,56.108,21.399,0.739657776796983
75.2,128.183889,37.869983,2480.1188904,34.067,56.261,21.594,0.739657776796983
75.2166,128.183897,37.870009,2483.3384928,34.238,56.415,21.791,0.739657776796983
75.2333,128.183905,37.870036,2486.5672392,34.411,56.57,21.991,0.739657776796983
75.25,128.183913,37.870062,2489.8054344,34.587,56.724,22.193,0.739657776796983
75.2666,128.183921,37.870088,2493.0524688,34.766,56.879,22.398,0.739657776796983
75.2833,128.183929,37.870113,2496.308952,34.948,57.033,22.605,0.739657776796983
75.3,128.183937,37.870139,2499.5739696,35.132,57.188,22.816,0.739657776796983
75.3166,128.183945,37.870164,2502.8481312,35.319,57.343,23.028,0.739657776796983
75.3333,128.183954,37.87019,2506.1308272,35.509,57.499,23.244,0.739657776796983
75.35,128.183962,37.870215,2509.4223624000006,35.702,57.654,23.462,0.739657776796983
75.3666,128.18397,37.87024,2512.722432,35.897,57.809,23.683,0.739657776796983
75.3833,128.183979,37.870265,2516.0307312,36.096,57.964,23.906,0.739657776796983
75.4,128.183988,37.87029,2519.3478695999997,36.297,58.12,24.133,0.739657776796983
75.4166,128.183996,37.870315,2522.6729328000006,36.502,58.275,24.362,0.739657776796983
75.4333,128.184005,37.870339,2526.0065304000004,36.709,58.43,24.593,0.739657776796983
75.45,128.184014,37.870364,2529.3483576000003,36.919,58.585,24.828,0.739657776796983
75.4666,128.184022,37.870388,2532.6981096000004,37.132,58.74,25.065,0.739657776796983
75.4833,128.184031,37.870412,2536.0557864,37.348,58.895,25.305,0.739657776796983
75.5,128.18404,37.870436,2539.4213879999998,37.567,59.049,25.548,0.739657776796983
75.5166,128.184049,37.87046,2542.7949144000004,37.79,59.204,25.794,0.739657776796983
75.5333,128.184058,37.870484,2546.1736224,37.91,59.38,26.043,0.739657776796983
75.55,128.184067,37.870508,2549.5611696,37.952,59.59,26.315,0.739657776796983
75.5666,128.184076,37.870531,2552.956032,37.918,59.832,26.619,0.739657776796983
75.5833,128.184086,37.870554,2556.359124,37.803,60.093,26.949,0.739657776796983
75.6,128.184095,37.870577,2559.7704456,37.598,60.365,27.296,0.739657776796983
75.6166,128.184104,37.8706,2563.1899968,37.301,60.642,27.651,0.739657776796983
75.6333,128.184114,37.870623,2566.6180824000003,36.912,60.919,28.011,0.739657776796983
75.65,128.184123,37.870645,2570.0547024,36.434,61.198,28.37,0.739657776796983
75.6666,128.184133,37.870668,2573.5004664000003,35.869,61.476,28.727,0.739657776796983
75.6833,128.184143,37.87069,2576.9541552000005,35.219,61.756,29.08,0.739657776796983
75.7,128.184152,37.870712,2580.4163784,34.489,62.036,29.427,0.739657776796983
75.7166,128.184162,37.870733,2583.8868312,33.681,62.319,29.767,0.739657776796983
75.7333,128.184172,37.870755,2587.3655136,32.798,62.604,30.099,0.739657776796983
75.75,128.184181,37.870776,2590.8521208,31.842,62.891,30.422,0.739657776796983
75.7666,128.184191,37.870797,2594.3466528000004,30.816,63.182,30.735,0.739657776796983
75.7833,128.184201,37.870818,2597.8491096000002,29.722,63.476,31.036,0.739657776796983
75.8,128.184211,37.870838,2601.3591864,28.561,63.774,31.325,0.739657776796983
75.8166,128.184221,37.870859,2604.8768832,27.335,64.075,31.599,0.739657776796983
75.8333,128.18423,37.870879,2608.4025048000003,26.044,64.38,31.859,0.739657776796983
75.85,128.18424,37.870899,2611.9357464000004,24.691,64.689,32.101,0.739657776796983
75.8666,128.18425,37.870919,2615.476608,23.276,65.002,32.325,0.739657776796983
75.8833,128.18426,37.870938,2619.0247848000004,21.8,65.318,32.529,0.739657776796983
75.9,128.18427,37.870957,2622.5802768,20.264,65.639,32.711,0.739657776796983
75.9166,128.184279,37.870977,2626.1430840000003,18.667,65.963,32.87,0.739657776796983
75.9333,128.184289,37.870995,2629.7132064,17.011,66.292,33.005,0.739657776796983
75.95,128.184299,37.871014,2633.2903392000003,15.295,66.623,33.113,0.739657776796983
75.9666,128.184308,37.871033,2636.8741776,13.518,66.959,33.192,0.739657776796983
75.9833,128.184318,37.871051,2640.4653312,11.682,67.297,33.24,0.739657776796983
76.0,128.184327,37.871069,2644.0628856,9.784,67.639,33.255,0.739657776796983
76.0166,128.184336,37.871087,2647.6668408,7.824,67.983,33.235,0.739657776796983
76.0333,128.184346,37.871105,2651.2775016,5.802,68.329,33.178,0.739657776796983
76.05,128.184355,37.871123,2654.8939536,3.715,68.678,33.08,0.739657776796983
76.0666,128.184364,37.87114,2658.5168064,1.563,69.028,32.939,0.739657776796983
76.0833,128.184373,37.871157,2662.1451456,-0.656,69.378,32.752,0.739657776796983
76.1,128.184382,37.871175,2665.779276,-2.945,69.729,32.516,0.739657776796983
76.1166,128.18439,37.871191,2669.418588,-5.307,70.08,32.227,0.739657776796983
76.1333,128.184399,37.871208,2673.0688728,-7.485,70.431,31.945,0.739657776796983
76.15,128.184407,37.871225,2676.7234248,-9.486,70.782,31.668,0.739657776796983
76.1666,128.184416,37.871241,2680.3843776000003,-11.329,71.134,31.375,0.739657776796983
76.1833,128.184424,37.871258,2684.0514264,-13.032,71.485,31.048,0.739657776796983
76.2,128.184432,37.871274,2687.7239616,-14.607,71.834,30.676,0.739657776796983
76.2166,128.18444,37.87129,2691.4019832,-16.067,72.182,30.254,0.739657776796983
76.2333,128.184448,37.871307,2695.0845768,-17.42,72.527,29.781,0.739657776796983
76.25,128.184456,37.871323,2698.772352,-18.675,72.869,29.257,0.739657776796983
76.2666,128.184464,37.871339,2702.4646992,-19.849,73.206,28.681,0.739657776796983
76.2833,128.184471,37.871354,2706.1613136,-20.967,73.538,28.052,0.739657776796983
76.3,128.184479,37.87137,2709.8618904,-22.049,73.864,27.368,0.739657776796983
76.3166,128.184486,37.871386,2713.5667344000003,-23.11,74.182,26.631,0.739657776796983
76.3333,128.184494,37.871402,2717.2755408000003,-24.163,74.492,25.844,0.739657776796983
76.35,128.184501,37.871417,2720.9889192000005,-25.215,74.793,25.01,0.739657776796983
76.3666,128.184508,37.871433,2724.7062600000004,-26.272,75.087,24.132,0.739657776796983
76.3833,128.184515,37.871448,2728.427868,-27.337,75.371,23.216,0.739657776796983
76.4,128.184522,37.871463,2732.1540480000003,-28.414,75.647,22.263,0.739657776796983
76.4166,128.184529,37.871479,2735.8841904,-29.504,75.913,21.277,0.739657776796983
76.4333,128.184536,37.871494,2739.6186000000002,-30.609,76.171,20.26,0.739657776796983
76.45,128.184543,37.871509,2743.3572768,-31.729,76.42,19.213,0.739657776796983
76.4666,128.184549,37.871524,2747.1002208000004,-32.866,76.66,18.136,0.739657776796983
76.4833,128.184556,37.871539,2750.847432,-34.02,76.893,17.032,0.739657776796983
76.5,128.184562,37.871553,2754.5983008000003,-35.193,77.117,15.9,0.739657776796983
76.5166,128.184568,37.871568,2758.3537416000004,-36.383,77.335,14.74,0.739657776796983
76.5333,128.184574,37.871583,2762.11284,-37.593,77.545,13.553,0.739657776796983
76.55,128.18458,37.871597,2765.8759008,-38.822,77.748,12.336,0.739657776796983
76.5666,128.184586,37.871611,2769.6429239999998,-40.071,77.945,11.092,0.739657776796983
76.5833,128.184591,37.871626,2773.4136048,-41.341,78.135,9.819,0.739657776796983
76.6,128.184597,37.87164,2777.1879432,-42.63,78.318,8.517,0.739657776796983
76.6166,128.184602,37.871654,2780.966244,-43.941,78.494,7.187,0.739657776796983
76.6333,128.184608,37.871668,2784.7478976,-45.272,78.664,5.829,0.739657776796983
76.65,128.184613,37.871682,2788.5332088,-46.623,78.827,4.442,0.739657776796983
76.6666,128.184618,37.871696,2792.3221776,-47.996,78.983,3.028,0.739657776796983
76.6833,128.184622,37.871709,2796.1141944,-49.389,79.132,1.585,0.739657776796983
76.7,128.184627,37.871723,2799.9098688000004,-50.803,79.275,0.116,0.739657776796983
76.7166,128.184631,37.871736,2803.7085912000002,-52.237,79.41,358.62,0.739657776796983
76.7333,128.184636,37.87175,2807.5054848000004,-53.694,79.539,357.095,0.739657776796983
76.75,128.18464,37.871763,2811.3057312,-55.175,79.662,355.54,0.739657776796983
76.7666,128.184644,37.871776,2815.1065872000004,-56.678,79.777,353.957,0.739657776796983
76.7833,128.184648,37.871789,2818.9086624000006,-58.202,79.885,352.349,0.739657776796983
76.8,128.184652,37.871802,2822.7113472,-59.745,79.986,350.717,0.739657776796983
76.8166,128.184655,37.871815,2826.5149464000006,-61.304,80.079,349.064,0.739657776796983
76.8333,128.184659,37.871828,2830.3191552000003,-62.879,80.165,347.391,0.739657776796983
76.85,128.184662,37.87184,2834.1236688000004,-64.469,80.243,345.7,0.739657776796983
76.8666,128.184665,37.871853,2837.9284872000003,-66.07,80.314,343.993,0.739657776796983
76.8833,128.184668,37.871865,2841.7336104,-67.682,80.377,342.272,0.739657776796983
76.9,128.184671,37.871877,2845.5387336,-69.302,80.432,340.54,0.739657776796983
76.9166,128.184673,37.87189,2849.3438568,-70.929,80.48,338.799,0.739657776796983
76.9333,128.184676,37.871902,2853.1486752,-72.56,80.52,337.05,0.739657776796983
76.95,128.184678,37.871914,2856.9531888,-74.194,80.553,335.297,0.739657776796983
76.9666,128.18468,37.871925,2860.7573976000003,-75.827,80.578,333.541,0.739657776796983
76.9833,128.184682,37.871937,2864.5609968,-77.459,80.595,331.785,0.739657776796983
77.0,128.184684,37.871949,2868.3636816000003,-79.087,80.605,330.031,0.739657776796983
77.0166,128.184686,37.87196,2872.1657568,-80.708,80.608,328.282,0.739657776796983
77.0333,128.184688,37.871972,2875.9669176,-82.32,80.604,326.54,0.739657776796983
77.05,128.184689,37.871983,2879.7668592,-83.923,80.593,324.806,0.739657776796983
77.0666,128.18469,37.871994,2883.5658864,-85.512,80.574,323.084,0.739657776796983
77.0833,128.184692,37.872005,2887.3636944,-87.087,80.549,321.376,0.739657776796983
77.1,128.184692,37.872016,2891.1599784000005,-88.646,80.517,319.682,0.739657776796983
77.1166,128.184693,37.872027,2894.9550432,-90.187,80.478,318.006,0.739657776796983
77.1333,128.184694,37.872037,2898.748584,-91.708,80.433,316.348,0.739657776796983
77.15,128.184695,37.872048,2902.5406008000004,-93.208,80.382,314.711,0.739657776796983
77.1666,128.184695,37.872058,2906.3310936000003,-94.686,80.325,313.096,0.739657776796983
77.1833,128.184695,37.872069,2910.1194528,-96.141,80.261,311.503,0.739657776796983
77.2,128.184695,37.872079,2913.906288,-97.571,80.192,309.935,0.739657776796983
77.2166,128.184695,37.872089,2917.6912944,-98.975,80.117,308.393,0.739657776796983
77.2333,128.184695,37.872099,2921.4741672,-100.354,80.037,306.876,0.739657776796983
77.25,128.184694,37.872109,2925.2552112000003,-101.705,79.952,305.385,0.739657776796983
77.2666,128.184694,37.872119,2929.0338168000003,-103.03,79.861,303.922,0.739657776796983
77.2833,128.184693,37.872128,2932.8102888000003,-104.328,79.766,302.486,0.739657776796983
77.3,128.184692,37.872138,2936.5846272000003,-105.597,79.665,301.079,0.739657776796983
77.3166,128.184691,37.872147,2940.3565272,-106.839,79.561,299.699,0.739657776796983
77.3333,128.18469,37.872156,2944.1259888000004,-107.975,79.46,298.333,0.739657776796983
77.35,128.184689,37.872166,2947.8930120000005,-109.009,79.363,296.978,0.739657776796983
77.3666,128.184688,37.872175,2951.6579016,-109.941,79.267,295.636,0.739657776796983
77.3833,128.184686,37.872184,2955.4203528000003,-110.768,79.171,294.308,0.739657776796983
77.4,128.184685,37.872193,2959.1806704,-111.492,79.073,292.998,0.739657776796983
77.4166,128.184683,37.872201,2962.9385496,-112.113,78.974,291.706,0.739657776796983
77.4333,128.184681,37.87221,2966.6942952,-112.637,78.874,290.432,0.739657776796983
77.45,128.18468,37.872219,2970.4479072000004,-113.065,78.772,289.178,0.739657776796983
77.4666,128.184678,37.872228,2974.1993856,-113.403,78.67,287.942,0.739657776796983
77.4833,128.184676,37.872236,2977.9487304000004,-113.656,78.568,286.725,0.739657776796983
77.5,128.184674,37.872245,2981.6956368,-113.829,78.466,285.526,0.739657776796983
77.5166,128.184671,37.872253,2985.4404096000003,-113.927,78.365,284.344,0.739657776796983
77.5333,128.184669,37.872261,2989.1830488000005,-113.955,78.267,283.179,0.739657776796983
77.55,128.184667,37.872269,2992.9235544000003,-113.918,78.17,282.032,0.739657776796983
77.5666,128.184664,37.872278,2996.6616215999998,-113.822,78.076,280.901,0.739657776796983
77.5833,128.184662,37.872286,3000.3975552,-113.672,77.984,279.784,0.739657776796983
77.6,128.184659,37.872294,3004.1313552,-113.476,77.897,278.681,0.739657776796983
77.6166,128.184657,37.872302,3007.8627168000003,-113.239,77.812,277.59,0.739657776796983
77.6333,128.184654,37.872309,3011.5919448,-112.967,77.732,276.51,0.739657776796983
77.65,128.184651,37.872317,3015.3187344000003,-112.667,77.656,275.439,0.739657776796983
77.6666,128.184649,37.872325,3019.0433904,-112.345,77.584,274.375,0.739657776796983
77.6833,128.184646,37.872332,3022.7659128,-112.006,77.516,273.318,0.739657776796983
77.7,128.184643,37.87234,3026.4859968,-111.656,77.452,272.265,0.739657776796983
77.7166,128.18464,37.872347,3030.2039472,-111.301,77.393,271.216,0.739657776796983
77.7333,128.184637,37.872355,3033.919764,-110.944,77.339,270.169,0.739657776796983
77.75,128.184634,37.872362,3037.6334472,-110.592,77.289,269.124,0.739657776796983
77.7666,128.18463,37.872369,3041.3449968,-110.248,77.243,268.079,0.739657776796983
77.7833,128.184627,37.872376,3045.0544128,-109.917,77.201,267.033,0.739657776796983
77.8,128.184624,37.872383,3048.7616952000003,-109.602,77.164,265.985,0.739657776796983
77.8166,128.184621,37.87239,3052.4668440000005,-109.307,77.131,264.935,0.739657776796983
77.8333,128.184617,37.872396,3056.1698592000002,-109.035,77.103,263.881,0.739657776796983
77.85,128.184614,37.872403,3059.8707408,-108.788,77.078,262.824,0.739657776796983
77.8666,128.18461,37.87241,3063.5694888000003,-108.57,77.056,261.762,0.739657776796983
77.8833,128.184607,37.872416,3067.266408,-108.382,77.039,260.695,0.739657776796983
77.9,128.184603,37.872423,3070.9608888000002,-108.226,77.025,259.621,0.739657776796983
77.9166,128.1846,37.872429,3074.6535408,-108.102,77.015,258.541,0.739657776796983
77.9333,128.184596,37.872435,3078.3483264,-108.009,77.009,257.458,0.739657776796983
77.95,128.184592,37.872441,3082.0409784000003,-107.947,77.006,256.37,0.739657776796983
77.9666,128.184589,37.872447,3085.7336304000005,-107.917,77.006,255.276,0.739657776796983
77.9833,128.184585,37.872453,3089.425368,-107.921,77.009,254.175,0.739657776796983
78.0,128.184581,37.872459,3093.1168008000004,-107.961,77.016,253.066,0.739657776796983
78.0166,128.184577,37.872465,3096.8079288,-108.038,77.026,251.946,0.739657776796983
78.0333,128.184573,37.87247,3100.4981424,-108.154,77.04,250.816,0.739657776796983
78.05,128.18457,37.872476,3104.1880512,-108.308,77.056,249.674,0.739657776796983
78.0666,128.184566,37.872481,3107.8773504,-108.502,77.077,248.519,0.739657776796983
78.0833,128.184562,37.872487,3111.56604,-108.736,77.1,247.352,0.739657776796983
78.1,128.184558,37.872492,3115.25412,-109.009,77.127,246.17,0.739657776796983
78.1166,128.184554,37.872497,3118.9418952,-109.323,77.156,244.975,0.739657776796983
78.1333,128.18455,37.872502,3122.6290608,-109.676,77.189,243.765,0.739657776796983
78.15,128.184546,37.872507,3126.3156168000005,-110.068,77.224,242.539,0.739657776796983
78.1666,128.184542,37.872512,3130.0015632,-110.501,77.262,241.298,0.739657776796983
78.1833,128.184538,37.872517,3133.6872048,-110.973,77.302,240.041,0.739657776796983
78.2,128.184534,37.872522,3137.371932,-111.485,77.345,238.767,0.739657776796983
78.2166,128.18453,37.872527,3141.0563544,-112.036,77.391,237.475,0.739657776796983
78.2333,128.184526,37.872531,3144.7401672,-112.627,77.438,236.166,0.739657776796983
78.25,128.184522,37.872536,3148.4233704000003,-113.258,77.488,234.838,0.739657776796983
78.2666,128.184518,37.87254,3152.1056592,-113.928,77.539,233.49,0.739657776796983
78.2833,128.184514,37.872544,3155.7876432000003,-114.639,77.592,232.121,0.739657776796983
78.3,128.18451,37.872549,3159.4690176,-115.389,77.648,230.732,0.739657776796983
78.3166,128.184506,37.872553,3163.1497824000003,-116.18,77.704,229.32,0.739657776796983
78.3333,128.184502,37.872557,3166.8299376,-117.013,77.763,227.885,0.739657776796983
78.35,128.184498,37.872561,3170.5091784000006,-117.887,77.822,226.425,0.739657776796983
78.3666,128.184494,37.872564,3174.1881144000004,-118.803,77.883,224.939,0.739657776796983
78.3833,128.18449,37.872568,3177.866136,-119.762,77.945,223.425,0.739657776796983
78.4,128.184486,37.872572,3181.543548,-120.766,78.009,221.882,0.739657776796983
78.4166,128.184482,37.872575,3185.2200456,-121.815,78.073,220.308,0.739657776796983
78.4333,128.184478,37.872579,3188.8959336000003,-122.911,78.138,218.701,0.739657776796983
78.45,128.184474,37.872582,3192.5712120000003,-124.054,78.204,217.059,0.739657776796983
78.4666,128.18447,37.872586,3196.2455760000003,-125.248,78.27,215.379,0.739657776796983
78.4833,128.184466,37.872589,3199.9190256,-126.493,78.336,213.659,0.739657776796983
78.5,128.184462,37.872592,3203.5918656,-127.793,78.403,211.896,0.739657776796983
78.5166,128.184458,37.872595,3207.2637912,-129.147,78.47,210.088,0.739657776796983
78.5333,128.184454,37.872598,3210.9357168000006,-130.579,78.536,208.303,0.739657776796983
78.55,128.18445,37.872601,3214.6064232000003,-132.051,78.609,206.58,0.739657776796983
78.5666,128.184446,37.872603,3218.2759103999997,-133.52,78.697,204.953,0.739657776796983
78.5833,128.184443,37.872606,3221.9441784000005,-134.947,78.81,203.448,0.739657776796983
78.6,128.184439,37.872609,3225.6109224,-136.308,78.954,202.079,0.739657776796983
78.6166,128.184435,37.872611,3229.2761424,-137.61,79.131,200.827,0.739657776796983
78.6333,128.184431,37.872613,3232.9401432,-138.884,79.335,199.651,0.739657776796983
78.65,128.184428,37.872615,3236.60262,-140.161,79.561,198.509,0.739657776796983
78.6666,128.184424,37.872617,3240.2638776000003,-141.469,79.802,197.365,0.739657776796983
78.6833,128.184421,37.872619,3243.923916,-142.826,80.056,196.191,0.739657776796983
78.7,128.184417,37.872621,3247.5827352000006,-144.245,80.318,194.966,0.739657776796983
78.7166,128.184414,37.872623,3251.2403352000006,-145.734,80.584,193.675,0.739657776796983
78.7333,128.18441,37.872624,3254.8970208,-147.299,80.852,192.305,0.739657776796983
78.75,128.184407,37.872626,3258.5527920000004,-148.945,81.118,190.845,0.739657776796983
78.7666,128.184403,37.872627,3262.2073440000004,-150.674,81.381,189.289,0.739657776796983
78.7833,128.1844,37.872628,3265.8612864,-152.489,81.639,187.63,0.739657776796983
78.8,128.184397,37.87263,3269.5140096000005,-154.389,81.889,185.865,0.739657776796983
78.8166,128.184393,37.872631,3273.1658184000003,-156.375,82.131,183.994,0.739657776796983
78.8333,128.18439,37.872632,3276.8167128,-158.442,82.362,182.016,0.739657776796983
78.85,128.184387,37.872633,3280.4666928,-160.589,82.582,179.935,0.739657776796983
78.8666,128.184384,37.872634,3284.1157584,-162.807,82.79,177.756,0.739657776796983
78.8833,128.184381,37.872634,3287.7639096000003,-165.091,82.984,175.487,0.739657776796983
78.9,128.184378,37.872635,3291.4111464000002,-167.43,83.164,173.136,0.739657776796983
78.9166,128.184375,37.872636,3295.0574688,-169.813,83.33,170.716,0.739657776796983
78.9333,128.184372,37.872636,3298.702572,-172.226,83.479,168.241,0.739657776796983
78.95,128.184369,37.872637,3302.3467608,-174.652,83.614,165.73,0.739657776796983
78.9666,128.184366,37.872637,3305.9900352000004,-177.073,83.733,163.2,0.739657776796983
78.9833,128.184363,37.872637,3309.6320904,-179.472,83.837,160.67,0.739657776796983
79.0,128.184361,37.872637,3313.2732312,178.169,83.928,158.162,0.739657776796983
79.0166,128.184358,37.872637,3316.9131528000003,175.871,84.006,155.693,0.739657776796983
79.0333,128.184355,37.872638,3320.55216,173.65,84.072,153.283,0.739657776796983
79.05,128.184353,37.872637,3324.189948,171.52,84.127,150.948,0.739657776796983
79.0666,128.18435,37.872637,3327.8265168000003,169.496,84.174,148.704,0.739657776796983
79.0833,128.184348,37.872637,3331.4621712000003,167.59,84.214,146.563,0.739657776796983
79.1,128.184345,37.872637,3335.0966064,165.809,84.247,144.536,0.739657776796983
79.1166,128.184343,37.872637,3338.7298224,164.163,84.276,142.631,0.739657776796983
79.1333,128.184341,37.872636,3342.3618192000004,162.656,84.303,140.855,0.739657776796983
79.15,128.184338,37.872636,3345.9929016,161.291,84.327,139.214,0.739657776796983
79.1666,128.184336,37.872635,3349.6227648,160.071,84.352,137.71,0.739657776796983
79.1833,128.184334,37.872635,3353.2514088000003,158.999,84.377,136.347,0.739657776796983
79.2,128.184332,37.872634,3356.8791384,158.073,84.404,135.126,0.739657776796983
79.2166,128.18433,37.872633,3360.5056488000005,157.296,84.433,134.05,0.739657776796983
79.2333,128.184328,37.872633,3364.13094,156.666,84.467,133.118,0.739657776796983
79.25,128.184326,37.872632,3367.7550120000005,156.184,84.504,132.333,0.739657776796983
79.2666,128.184324,37.872631,3371.3781696,155.849,84.547,131.695,0.739657776796983
79.2833,128.184322,37.87263,3375.0001079999997,155.661,84.594,131.205,0.739657776796983
79.3,128.18432,37.872629,3378.6208272000003,155.621,84.646,130.863,0.739657776796983
79.3166,128.184319,37.872628,3382.2403272,155.73,84.704,130.672,0.739657776796983
79.3333,128.184317,37.872627,3385.858608,155.988,84.767,130.634,0.739657776796983
79.35,128.184315,37.872626,3389.4759744,156.398,84.836,130.751,0.739657776796983
79.3666,128.184314,37.872624,3393.0921215999997,156.963,84.909,131.027,0.739657776796983
79.3833,128.184312,37.872623,3396.7070496,157.685,84.986,131.465,0.739657776796983
79.4,128.184311,37.872622,3400.3207584,158.569,85.067,132.072,0.739657776796983
79.4166,128.184309,37.87262,3403.9332480000003,159.621,85.151,132.851,0.739657776796983
79.4333,128.184308,37.872619,3407.5448232000003,160.845,85.237,133.811,0.739657776796983
79.45,128.184307,37.872618,3411.1551792,162.247,85.325,134.956,0.739657776796983
79.4666,128.184305,37.872616,3414.7643160000002,163.833,85.412,136.292,0.739657776796983
79.4833,128.184304,37.872615,3418.3725384,165.607,85.499,137.826,0.739657776796983
79.5,128.184303,37.872613,3421.9795416,167.574,85.583,139.561,0.739657776796983
79.5166,128.184302,37.872611,3425.5853256000005,169.736,85.664,141.5,0.739657776796983
79.5333,128.1843,37.87261,3429.1901952000003,172.093,85.739,143.642,0.739657776796983
79.55,128.184299,37.872608,3432.7941504000005,174.64,85.807,145.985,0.739657776796983
79.5666,128.184298,37.872606,3436.3968864000003,177.371,85.868,148.522,0.739657776796983
79.5833,128.184297,37.872605,3439.9984032,-179.726,85.918,151.239,0.739657776796983
79.6,128.184296,37.872603,3443.5993104,-176.671,85.957,154.12,0.739657776796983
79.6166,128.184295,37.872601,3447.1989984,-173.486,85.984,157.141,0.739657776796983
79.6333,128.184294,37.872599,3450.797772,-170.2,85.997,160.275,0.739657776796983
79.65,128.184294,37.872597,3454.3956312,-166.844,85.995,163.488,0.739657776796983
79.6666,128.184293,37.872595,3457.9925760000006,-163.455,85.978,166.745,0.739657776796983
79.6833,128.184292,37.872594,3461.5886064,-160.068,85.945,170.01,0.739657776796983
79.7,128.184291,37.872592,3465.1837224,-156.72,85.897,173.247,0.739657776796983
79.7166,128.18429,37.87259,3468.777924,-153.443,85.834,176.423,0.739657776796983
79.7333,128.184289,37.872588,3472.3712112000003,-150.267,85.757,179.509,0.739657776796983
79.75,128.184289,37.872586,3475.9638888000004,-147.215,85.666,182.481,0.739657776796983
79.7666,128.184288,37.872584,3479.555652,-144.306,85.562,185.32,0.739657776796983
79.7833,128.184287,37.872581,3483.1465008000005,-141.552,85.448,188.013,0.739657776796983
79.8,128.184286,37.872579,3486.73674,-138.961,85.323,190.554,0.739657776796983
79.8166,128.184286,37.872577,3490.3260648,-136.537,85.191,192.937,0.739657776796983
79.8333,128.184285,37.872575,3493.91478,-134.278,85.051,195.165,0.739657776796983
79.85,128.184284,37.872573,3497.5025808,-132.181,84.905,197.239,0.739657776796983
79.8666,128.184284,37.872571,3501.0900768,-130.24,84.755,199.166,0.739657776796983
79.8833,128.184283,37.872569,3504.6766584,-128.449,84.602,200.952,0.739657776796983
79.9,128.184282,37.872566,3508.2626304000005,-126.799,84.447,202.605,0.739657776796983
79.9166,128.184282,37.872564,3511.847688,-125.283,84.292,204.133,0.739657776796983
79.9333,128.184281,37.872562,3515.4324408,-123.891,84.137,205.545,0.739657776796983
79.95,128.18428,37.87256,3519.016584,-122.615,83.983,206.847,0.739657776796983
79.9666,128.18428,37.872557,3522.5998128,-121.447,83.832,208.049,0.739657776796983
79.9833,128.184279,37.872555,3526.1827368000004,-120.38,83.684,209.158,0.739657776796983
80.0,128.184278,37.872553,3529.7650512,-119.405,83.539,210.18,0.739657776796983
80.0166,128.184278,37.87255,3533.346756,-118.517,83.4,211.123,0.739657776796983
80.0333,128.184277,37.872548,3536.9278512,-117.708,83.266,211.992,0.739657776796983
80.05,128.184276,37.872546,3540.5083368000005,-116.974,83.138,212.792,0.739657776796983
80.0666,128.184276,37.872543,3544.0885176,-116.308,83.017,213.529,0.739657776796983
80.0833,128.184275,37.872541,3547.6680888,-115.707,82.903,214.207,0.739657776796983
80.1,128.184274,37.872539,3551.2470504000003,-115.164,82.797,214.831,0.739657776796983
80.1166,128.184274,37.872536,3554.8257072,-114.677,82.698,215.404,0.739657776796983
80.1333,128.184273,37.872534,3558.4037544000003,-114.241,82.609,215.93,0.739657776796983
80.15,128.184272,37.872531,3561.9811920000006,-113.854,82.527,216.411,0.739657776796983
80.1666,128.184272,37.872529,3565.5583248000003,-113.512,82.455,216.851,0.739657776796983
80.1833,128.184271,37.872526,3569.134848,-113.213,82.393,217.251,0.739657776796983
80.2,128.18427,37.872524,3572.7107616000003,-112.954,82.339,217.613,0.739657776796983
80.2166,128.184269,37.872521,3576.2863704,-112.733,82.296,217.94,0.739657776796983
80.2333,128.184269,37.872519,3579.8616744,-112.549,82.262,218.233,0.739657776796983
80.25,128.184268,37.872516,3583.4360640000004,-112.4,82.238,218.493,0.739657776796983
80.2666,128.184267,37.872514,3587.0101488000005,-112.284,82.224,218.721,0.739657776796983
80.2833,128.184266,37.872511,3590.5839288,-112.201,82.22,218.919,0.739657776796983
80.3,128.184265,37.872509,3594.1570992,-112.148,82.225,219.086,0.739657776796983
80.3166,128.184265,37.872506,3597.7299648,-112.126,82.241,219.224,0.739657776796983
80.3333,128.184264,37.872504,3601.3022208,-112.133,82.266,219.333,0.739657776796983
80.35,128.184263,37.872501,3604.8738672,-112.169,82.301,219.413,0.739657776796983
80.3666,128.184262,37.872499,3608.4452088000003,-112.234,82.346,219.465,0.739657776796983
80.3833,128.184261,37.872496,3612.0162456000003,-112.327,82.4,219.487,0.739657776796983
80.4,128.18426,37.872493,3615.5866728,-112.448,82.463,219.481,0.739657776796983
80.4166,128.184259,37.872491,3619.1564904,-112.597,82.534,219.446,0.739657776796983
80.4333,128.184258,37.872488,3622.7260032000004,-112.775,82.615,219.38,0.739657776796983
80.45,128.184257,37.872486,3626.2949064,-112.982,82.704,219.285,0.739657776796983
80.4666,128.184257,37.872483,3629.8635048,-113.218,82.8,219.158,0.739657776796983
80.4833,128.184256,37.87248,3633.4317984000004,-113.483,82.904,218.999,0.739657776796983
80.5,128.184255,37.872478,3636.9991776,-113.78,83.016,218.808,0.739657776796983
80.5166,128.184254,37.872475,3640.5665568000004,-114.108,83.134,218.582,0.739657776796983
80.5333,128.184253,37.872473,3644.1330216,-114.469,83.259,218.32,0.739657776796983
80.55,128.184252,37.87247,3647.6994864000003,-114.864,83.39,218.022,0.739657776796983
80.5666,128.184251,37.872467,3651.2650368000004,-115.295,83.527,217.684,0.739657776796983
80.5833,128.18425,37.872465,3654.8302824,-115.764,83.669,217.306,0.739657776796983
80.6,128.184249,37.872462,3658.3952232,-116.271,83.815,216.884,0.739657776796983
80.6166,128.184248,37.872459,3661.9595544000003,-116.82,83.966,216.418,0.739657776796983
80.6333,128.184247,37.872457,3665.5232760000004,-117.413,84.12,215.903,0.739657776796983
80.65,128.184246,37.872454,3669.0866928,-118.053,84.277,215.338,0.739657776796983
80.6666,128.184245,37.872451,3672.6495,-118.742,84.437,214.72,0.739657776796983
80.6833,128.184244,37.872449,3676.2120024,-119.483,84.599,214.044,0.739657776796983
80.7,128.184243,37.872446,3679.7735904,-120.28,84.763,213.309,0.739657776796983
80.7166,128.184241,37.872443,3683.3351784000006,-121.136,84.927,212.509,0.739657776796983
80.7333,128.18424,37.872441,3686.895852,-122.056,85.092,211.642,0.739657776796983
80.75,128.184239,37.872438,3690.4562208,-123.043,85.257,210.702,0.739657776796983
80.7666,128.184238,37.872435,3694.01598,-124.102,85.42,209.687,0.739657776796983
80.7833,128.184237,37.872433,3697.5751296000003,-125.237,85.583,208.59,0.739657776796983
80.8,128.184236,37.87243,3701.1339744,-126.452,85.743,207.408,0.739657776796983
80.8166,128.184235,37.872427,3704.6922096000003,-127.753,85.901,206.136,0.739657776796983
80.8333,128.184234,37.872424,3708.2498352000002,-129.142,86.055,204.771,0.739657776796983
80.85,128.184233,37.872422,3711.807156,-130.625,86.206,203.307,0.739657776796983
80.8666,128.184232,37.872419,3715.3635624000003,-132.205,86.353,201.742,0.739657776796983
80.8833,128.184231,37.872416,3718.9196640000005,-133.884,86.495,200.072,0.739657776796983
80.9,128.18423,37.872414,3722.475156,-135.664,86.631,198.296,0.739657776796983
80.9166,128.184229,37.872411,3726.0300384,-137.547,86.761,196.414,0.739657776796983
80.9333,128.184228,37.872408,3729.5843112000002,-139.529,86.885,194.428,0.739657776796983
80.95,128.184227,37.872406,3733.1379744,-141.609,87.003,192.339,0.739657776796983
80.9666,128.184226,37.872403,3736.691028,-143.78,87.113,190.155,0.739657776796983
80.9833,128.184225,37.8724,3740.2437768,-146.033,87.216,187.884,0.739657776796983
81.0,128.184224,37.872397,3743.7956112,-148.358,87.311,185.538,0.739657776796983
81.0166,128.184223,37.872395,3747.3471408,-150.739,87.399,183.132,0.739657776796983
81.0333,128.184222,37.872392,3750.897756,-153.159,87.479,180.682,0.739657776796983
81.05,128.184221,37.872389,3754.4480664000002,-155.598,87.552,178.21,0.739657776796983
81.0666,128.18422,37.872387,3757.9974624000006,-158.034,87.617,175.737,0.739657776796983
81.0833,128.184219,37.872384,3761.5462488000003,-160.441,87.675,173.29,0.739657776796983
81.1,128.184218,37.872381,3765.0947304000006,-162.796,87.727,170.891,0.739657776796983
81.1166,128.184217,37.872379,3768.6422976000003,-165.073,87.772,168.567,0.739657776796983
81.1333,128.184216,37.872376,3772.1892552000004,-167.248,87.813,166.342,0.739657776796983
81.15,128.184215,37.872373,3775.7356032000002,-169.298,87.848,164.239,0.739657776796983
81.1666,128.184214,37.87237,3779.2813416000004,-171.203,87.879,162.279,0.739657776796983
81.1833,128.184213,37.872368,3782.8264704000003,-172.943,87.907,160.48,0.739657776796983
81.2,128.184212,37.872365,3786.3706848,-174.503,87.932,158.86,0.739657776796983
81.2166,128.184211,37.872362,3789.9145943999997,-175.868,87.954,157.432,0.739657776796983
81.2333,128.18421,37.87236,3793.4575896000006,-177.027,87.975,156.208,0.739657776796983
81.25,128.184209,37.872357,3796.9999752000003,-177.97,87.995,155.199,0.739657776796983
81.2666,128.184209,37.872354,3800.5417512,-178.688,88.014,154.413,0.739657776796983
81.2833,128.184208,37.872352,3804.0829176,-179.174,88.032,153.857,0.739657776796983
81.3,128.184207,37.872349,3807.6231696,-179.421,88.05,153.539,0.739657776796983
81.3166,128.184206,37.872346,3811.1631168000004,-179.425,88.068,153.463,0.739657776796983
81.3333,128.184205,37.872344,3814.7021496,-179.179,88.086,153.636,0.739657776796983
81.35,128.184204,37.872341,3818.240268,-178.679,88.104,154.063,0.739657776796983
81.3666,128.184203,37.872338,3821.7780816,-177.921,88.121,154.746,0.739657776796983
81.3833,128.184203,37.872336,3825.3149808,-176.903,88.137,155.691,0.739657776796983
81.4,128.184202,37.872333,3828.8512704,-175.621,88.153,156.898,0.739657776796983
81.4166,128.184201,37.87233,3832.3869504000004,-174.078,88.167,158.367,0.739657776796983
81.4333,128.1842,37.872328,3835.9217160000003,-172.276,88.178,160.094,0.739657776796983
81.45,128.1842,37.872325,3839.455872,-170.223,88.186,162.074,0.739657776796983
81.4666,128.184199,37.872322,3842.9894184000004,-167.93,88.191,164.293,0.739657776796983
81.4833,128.184198,37.87232,3846.5220504000004,-165.415,88.191,166.735,0.739657776796983
81.5,128.184197,37.872317,3850.0540728,-162.701,88.186,169.377,0.739657776796983
81.5166,128.184197,37.872314,3853.5854856,-159.818,88.174,172.19,0.739657776796983
81.5333,128.184196,37.872312,3857.1132408000003,-156.997,88.15,174.865,0.739657776796983
81.55,128.184195,37.872309,3860.6403864000004,-154.403,88.104,177.24,0.739657776796983
81.5666,128.184194,37.872306,3864.1657032000003,-152.201,88.032,179.154,0.739657776796983
81.5833,128.184194,37.872304,3867.6894960000004,-150.535,87.927,180.463,0.739657776796983
81.6,128.184193,37.872301,3871.2117648,-149.472,87.786,181.104,0.739657776796983
81.6166,128.184192,37.872299,3874.7322048,-149.016,87.604,181.077,0.739657776796983
81.6333,128.184191,37.872296,3878.2514256000004,-149.11,87.376,180.437,0.739657776796983
81.65,128.18419,37.872294,3881.7688176,-149.659,87.096,179.284,0.739657776796983
81.6666,128.18419,37.872291,3885.2852952000003,-150.436,86.771,177.848,0.739657776796983
81.6833,128.184189,37.872289,3888.8005536,-151.273,86.404,176.298,0.739657776796983
81.7,128.184188,37.872286,3892.3148976,-152.071,86.0,174.735,0.739657776796983
81.7166,128.184187,37.872284,3895.8280224,-152.778,85.564,173.215,0.739657776796983
81.7333,128.184186,37.872282,3899.3399280000003,-153.363,85.098,171.769,0.739657776796983
81.75,128.184185,37.872279,3902.8503096000004,-153.798,84.61,170.427,0.739657776796983
81.7666,128.184184,37.872277,3906.359472,-154.073,84.108,169.201,0.739657776796983
81.7833,128.184183,37.872274,3909.8674152,-154.194,83.598,168.088,0.739657776796983
81.8,128.184183,37.872272,3913.3735296,-154.171,83.083,167.077,0.739657776796983
81.8166,128.184182,37.87227,3916.8784248,-154.02,82.569,166.155,0.739657776796983
81.8333,128.184181,37.872267,3920.3814912000003,-153.754,82.057,165.312,0.739657776796983
81.85,128.18418,37.872265,3923.8827288,-153.388,81.551,164.533,0.739657776796983
81.8666,128.184179,37.872262,3927.3827472000003,-152.936,81.052,163.809,0.739657776796983
81.8833,128.184178,37.87226,3930.8806320000003,-152.408,80.562,163.13,0.739657776796983
81.9,128.184177,37.872258,3934.376688,-151.815,80.082,162.488,0.739657776796983
81.9166,128.184176,37.872255,3937.8706104,-151.168,79.613,161.877,0.739657776796983
81.9333,128.184176,37.872253,3941.362704,-150.476,79.156,161.29,0.739657776796983
81.95,128.184175,37.87225,3944.8526640000005,-149.746,78.712,160.723,0.739657776796983
81.9666,128.184174,37.872248,3948.3401856,-148.989,78.28,160.17,0.739657776796983
81.9833,128.184173,37.872245,3951.8258784000004,-148.211,77.86,159.627,0.739657776796983
82.0,128.184173,37.872243,3955.308828,-147.421,77.454,159.089,0.739657776796983
82.0166,128.184172,37.87224,3958.7896440000004,-146.626,77.061,158.553,0.739657776796983
82.0333,128.184171,37.872237,3962.2680216,-145.831,76.681,158.016,0.739657776796983
82.05,128.184171,37.872235,3965.7439608,-145.045,76.315,157.473,0.739657776796983
82.0666,128.18417,37.872232,3969.2171568000003,-144.272,75.962,156.924,0.739657776796983
82.0833,128.18417,37.872229,3972.6879144000004,-143.519,75.621,156.364,0.739657776796983
82.1,128.184169,37.872227,3976.1562336,-142.79,75.294,155.793,0.739657776796983
82.1166,128.184169,37.872224,3979.6218096000002,-142.092,74.981,155.207,0.739657776796983
82.1333,128.184168,37.872221,3983.0901288,-141.495,74.683,154.658,0.739657776796983
82.15,128.184168,37.872218,3986.5547904,-140.982,74.408,154.164,0.739657776796983
82.1666,128.184168,37.872215,3990.0185376,-140.537,74.164,153.739,0.739657776796983
82.1833,128.184168,37.872212,3993.4807608,-140.157,73.952,153.386,0.739657776796983
82.2,128.184167,37.872209,3996.9411552,-139.86,73.768,153.084,0.739657776796983
82.2166,128.184167,37.872206,4000.399416,-139.658,73.607,152.817,0.739657776796983
82.2333,128.184168,37.872203,4003.855848,-139.563,73.464,152.571,0.739657776796983
82.25,128.184168,37.8722,4007.3098416000003,-139.581,73.337,152.335,0.739657776796983
82.2666,128.184168,37.872197,4010.7613968,-139.716,73.225,152.102,0.739657776796983
82.2833,128.184168,37.872194,4014.2105136,-139.97,73.124,151.865,0.739657776796983
82.3,128.184169,37.872191,4017.6565824000004,-140.344,73.033,151.62,0.739657776796983
82.3166,128.18417,37.872187,4021.099908,-140.837,72.951,151.364,0.739657776796983
82.3333,128.18417,37.872184,4024.5398808,-141.447,72.877,151.095,0.739657776796983
82.35,128.184171,37.87218,4027.9765008000004,-142.171,72.81,150.81,0.739657776796983
82.3666,128.184172,37.872177,4031.4094632,-143.006,72.749,150.51,0.739657776796983
82.3833,128.184174,37.872173,4034.8384632,-143.947,72.693,150.194,0.739657776796983
82.4,128.184175,37.87217,4038.2635008,-144.992,72.64,149.862,0.739657776796983
82.4166,128.184176,37.872166,4041.6839664000004,-146.135,72.591,149.513,0.739657776796983
82.4333,128.184178,37.872162,4045.1001648,-147.37,72.545,149.15,0.739657776796983
82.45,128.18418,37.872158,4048.5124008000003,-148.692,72.499,148.773,0.739657776796983
82.4666,128.184182,37.872155,4051.91976,-150.093,72.455,148.384,0.739657776796983
82.4833,128.184184,37.872151,4055.3231568,-151.568,72.41,147.984,0.739657776796983
82.5,128.184186,37.872146,4058.7216768000003,-153.108,72.363,147.577,0.739657776796983
82.5166,128.184188,37.872142,4062.1159296,-154.706,72.315,147.164,0.739657776796983
82.5333,128.184191,37.872138,4065.5056104,-156.354,72.264,146.75,0.739657776796983
82.55,128.184194,37.872134,4068.8904144000003,-158.045,72.21,146.336,0.739657776796983
82.5666,128.184196,37.87213,4072.2706464000003,-159.77,72.152,145.928,0.739657776796983
82.5833,128.184199,37.872125,4075.6463064,-161.519,72.089,145.529,0.739657776796983
82.6,128.184202,37.872121,4079.0167848000006,-163.283,72.02,145.144,0.739657776796983
82.6166,128.184205,37.872116,4082.3826912000004,-165.052,71.947,144.778,0.739657776796983
82.6333,128.184209,37.872111,4085.7437208,-166.819,71.867,144.435,0.739657776796983
82.65,128.184212,37.872107,4089.0998736000006,-168.576,71.781,144.12,0.739657776796983
82.6666,128.184216,37.872102,4092.4511496,-170.316,71.69,143.835,0.739657776796983
82.6833,128.184219,37.872097,4095.7975488000006,-172.034,71.593,143.582,0.739657776796983
82.7,128.184223,37.872092,4099.1387664,-173.724,71.49,143.365,0.739657776796983
82.7166,128.184227,37.872087,4102.4748024,-175.385,71.381,143.185,0.739657776796983
82.7333,128.184231,37.872082,4105.806571200001,-176.916,71.26,143.014,0.739657776796983
82.75,128.184235,37.872076,4109.1334632,-178.319,71.12,142.855,0.739657776796983
82.7666,128.184239,37.872071,4112.4563928,-179.591,70.962,142.712,0.739657776796983
82.7833,128.184243,37.872066,4115.775360000001,179.269,70.789,142.588,0.739657776796983
82.8,128.184247,37.87206,4119.0906696,178.263,70.603,142.486,0.739657776796983
82.8166,128.184251,37.872055,4122.4026264,177.388,70.407,142.406,0.739657776796983
82.8333,128.184256,37.872049,4125.7112304,176.636,70.203,142.348,0.739657776796983
82.85,128.18426,37.872043,4129.0170912,175.998,69.991,142.312,0.739657776796983
82.8666,128.184264,37.872038,4132.3202088,175.466,69.775,142.3,0.739657776796983
82.8833,128.184269,37.872032,4135.6205832,175.028,69.554,142.308,0.739657776796983
82.9,128.184273,37.872026,4138.918824,174.676,69.33,142.335,0.739657776796983
82.9166,128.184278,37.87202,4142.215236,174.399,69.104,142.38,0.739657776796983
82.9333,128.184283,37.872014,4145.509209600001,174.19,68.876,142.44,0.739657776796983
82.95,128.184287,37.872009,4148.8007448,174.041,68.648,142.513,0.739657776796983
82.9666,128.184292,37.872003,4152.0895368,173.942,68.42,142.596,0.739657776796983
82.9833,128.184297,37.871997,4155.3752808,173.888,68.192,142.689,0.739657776796983
83.0,128.184302,37.87199,4158.6582816,173.873,67.965,142.788,0.739657776796983
83.0166,128.184306,37.871984,4161.937929600001,173.89,67.739,142.892,0.739657776796983
83.0333,128.184311,37.871978,4165.2145296,173.936,67.514,143.001,0.739657776796983
83.05,128.184316,37.871972,4168.4880816,174.005,67.29,143.112,0.739657776796983
83.0666,128.184321,37.871965,4171.757976000001,174.095,67.068,143.225,0.739657776796983
83.0833,128.184327,37.871959,4175.0242128,174.202,66.848,143.339,0.739657776796983
83.1,128.184332,37.871953,4178.2870968,174.322,66.629,143.454,0.739657776796983
83.1166,128.184337,37.871946,4181.5463232,174.455,66.412,143.567,0.739657776796983
83.1333,128.184342,37.871939,4184.8015872000005,174.596,66.196,143.68,0.739657776796983
83.15,128.184347,37.871933,4188.053193600001,174.746,65.982,143.792,0.739657776796983
83.1666,128.184353,37.871926,4191.3011424,174.901,65.77,143.902,0.739657776796983
83.1833,128.184358,37.871919,4194.544824,175.06,65.559,144.009,0.739657776796983
83.2,128.184364,37.871912,4197.784848,175.222,65.349,144.115,0.739657776796983
83.2166,128.184369,37.871905,4201.0206048,175.387,65.141,144.218,0.739657776796983
83.2333,128.184375,37.871898,4204.2523992,175.552,64.934,144.318,0.739657776796983
83.25,128.18438,37.871891,4207.4799264,175.718,64.728,144.415,0.739657776796983
83.2666,128.184386,37.871884,4210.7034912,175.883,64.523,144.51,0.739657776796983
83.2833,128.184392,37.871877,4213.9227888000005,176.047,64.32,144.602,0.739657776796983
83.3,128.184398,37.87187,4217.1378192,176.21,64.117,144.691,0.739657776796983
83.3166,128.184404,37.871862,4220.3482776,176.37,63.916,144.776,0.739657776796983
83.3333,128.18441,37.871855,4223.554773600001,176.527,63.724,144.858,0.739657776796983
83.35,128.184416,37.871847,4226.757002400001,176.68,63.55,144.935,0.739657776796983
83.3666,128.184422,37.87184,4229.9549640000005,176.827,63.402,145.006,0.739657776796983
83.3833,128.184428,37.871832,4233.1483536,176.967,63.288,145.07,0.739657776796983
83.4,128.184434,37.871824,4236.3377808,177.101,63.216,145.127,0.739657776796983
83.4166,128.18444,37.871817,4239.5229408000005,177.229,63.179,145.179,0.739657776796983
83.4333,128.184446,37.871809,4242.7038336000005,177.352,63.17,145.227,0.739657776796983
83.45,128.184453,37.871801,4245.880764,177.47,63.183,145.27,0.739657776796983
83.4666,128.184459,37.871793,4249.0540368,177.584,63.214,145.311,0.739657776796983
83.4833,128.184465,37.871785,4252.2230424,177.694,63.258,145.349,0.739657776796983
83.5,128.184472,37.871777,4255.3883904,177.8,63.313,145.385,0.739657776796983
83.5166,128.184478,37.871769,4258.5500808,177.903,63.376,145.42,0.739657776796983
83.5333,128.184485,37.871761,4261.708113600001,178.003,63.445,145.453,0.739657776796983
83.55,128.184491,37.871753,4264.8624888,178.1,63.518,145.485,0.739657776796983
83.5666,128.184498,37.871744,4268.0132064,178.193,63.595,145.516,0.739657776796983
83.5833,128.184505,37.871736,4271.1605712,178.284,63.674,145.546,0.739657776796983
83.6,128.184511,37.871728,4274.3045832,178.372,63.754,145.575,0.739657776796983
83.6166,128.184518,37.871719,4277.4452424,178.457,63.834,145.603,0.739657776796983
83.6333,128.184525,37.871711,4280.5828536,178.539,63.915,145.631,0.739657776796983
83.65,128.184532,37.871702,4283.717112,178.619,63.996,145.658,0.739657776796983
83.6666,128.184539,37.871694,4286.8480176,178.696,64.076,145.684,0.739657776796983
83.6833,128.184546,37.871685,4289.976180000001,178.77,64.155,145.71,0.739657776796983
83.7,128.184553,37.871676,4293.1012944,178.842,64.234,145.736,0.739657776796983
83.7166,128.18456,37.871668,4296.2233608,178.912,64.311,145.761,0.739657776796983
83.7333,128.184567,37.871659,4299.342684,178.979,64.387,145.785,0.739657776796983
83.75,128.184574,37.87165,4302.459264,179.044,64.461,145.809,0.739657776796983
83.7666,128.184581,37.871641,4305.572796,179.106,64.534,145.833,0.739657776796983
83.7833,128.184588,37.871632,4308.683889600001,179.167,64.606,145.856,0.739657776796983
83.8,128.184595,37.871624,4311.7925448,179.225,64.676,145.879,0.739657776796983
83.8166,128.184602,37.871615,4314.8984568000005,179.282,64.744,145.902,0.739657776796983
83.8333,128.18461,37.871606,4318.001625600001,179.337,64.812,145.924,0.739657776796983
83.85,128.184617,37.871597,4321.1026608,179.389,64.877,145.945,0.739657776796983
83.8666,128.184624,37.871588,4324.201257600001,179.44,64.941,145.967,0.739657776796983
83.8833,128.184632,37.871579,4327.2971112000005,179.489,65.004,145.988,0.739657776796983
83.9,128.184639,37.871569,4330.3908312,179.537,65.066,146.008,0.739657776796983
83.9166,128.184646,37.87156,4333.4824176,179.583,65.126,146.029,0.739657776796983
83.9333,128.184654,37.871551,4336.5715656,179.628,65.184,146.049,0.739657776796983
83.95,128.184661,37.871542,4339.6582752,179.67,65.242,146.068,0.739657776796983
83.9666,128.184669,37.871533,4342.743156,179.712,65.298,146.088,0.739657776796983
83.9833,128.184676,37.871523,4345.825598400001,179.752,65.353,146.107,0.739657776796983
84.0,128.184684,37.871514,4348.906212000001,179.791,65.407,146.125,0.739657776796983
84.0166,128.184691,37.871505,4351.9843872,179.829,65.46,146.144,0.739657776796983
84.0333,128.184699,37.871495,4355.0607336,179.865,65.511,146.162,0.739657776796983
84.05,128.184706,37.871486,4358.1352512,179.901,65.561,146.179,0.739657776796983
84.0666,128.184714,37.871477,4361.2076352,179.935,65.611,146.197,0.739657776796983
84.0833,128.184721,37.871467,4364.2781904,179.968,65.659,146.214,0.739657776796983
84.1,128.184729,37.871458,4367.346612,-179.999,65.706,146.231,0.739657776796983
84.1166,128.184737,37.871448,4370.4135096,-179.968,65.752,146.248,0.739657776796983
84.1333,128.184744,37.871439,4373.478273600001,-179.938,65.797,146.264,0.739657776796983
84.15,128.184752,37.871429,4376.5415136,-179.908,65.842,146.28,0.739657776796983
84.1666,128.18476,37.87142,4379.6029248,-179.88,65.885,146.296,0.739657776796983
84.1833,128.184768,37.87141,4382.662507200001,-179.853,65.927,146.312,0.739657776796983
84.2,128.184775,37.871401,4385.7202608,-179.826,65.969,146.327,0.739657776796983
84.2166,128.184783,37.871391,4388.7764904000005,-179.8,66.009,146.342,0.739657776796983
84.2333,128.184791,37.871381,4391.831196,-179.775,66.049,146.357,0.739657776796983
84.25,128.184799,37.871372,4394.8840728000005,-179.75,66.088,146.372,0.739657776796983
84.2666,128.184807,37.871362,4397.9357304000005,-179.726,66.126,146.386,0.739657776796983
84.2833,128.184815,37.871352,4400.9855592,-179.703,66.163,146.4,0.739657776796983
84.3,128.184822,37.871343,4404.033864,-179.68,66.2,146.414,0.739657776796983
84.3166,128.18483,37.871333,4407.0806448,-179.659,66.236,146.428,0.739657776796983
84.3333,128.184838,37.871323,4410.1259016,-179.637,66.271,146.442,0.739657776796983
84.35,128.184846,37.871314,4413.1699392,-179.616,66.305,146.455,0.739657776796983
84.3666,128.184854,37.871304,4416.2121480000005,-179.596,66.339,146.468,0.739657776796983
84.3833,128.184862,37.871294,4419.2534424,-179.577,66.371,146.481,0.739657776796983
84.4,128.18487,37.871284,4422.292908,-179.557,66.404,146.494,0.739657776796983
84.4166,128.184878,37.871274,4425.331459200001,-179.539,66.435,146.506,0.739657776796983
84.4333,128.184886,37.871264,4428.368486400001,-179.52,66.466,146.519,0.739657776796983
84.45,128.184894,37.871255,4431.4039896,-179.503,66.497,146.531,0.739657776796983
84.4666,128.184902,37.871245,4434.438578400001,-179.485,66.526,146.543,0.739657776796983
84.4833,128.18491,37.871235,4437.4716432000005,-179.469,66.555,146.555,0.739657776796983
84.5,128.184918,37.871225,4440.5034888,-179.452,66.584,146.566,0.739657776796983
84.5166,128.184926,37.871215,4443.5341152,-179.436,66.612,146.578,0.739657776796983
84.5333,128.184934,37.871205,4446.5635224,-179.421,66.632,146.589,0.739657776796983
84.55,128.184942,37.871195,4449.5914056,-179.406,66.635,146.599,0.739657776796983
84.5666,128.18495,37.871185,4452.61746,-179.392,66.615,146.609,0.739657776796983
84.5833,128.184959,37.871175,4455.6419904,-179.379,66.564,146.618,0.739657776796983
84.6,128.184967,37.871165,4458.664692,-179.368,66.476,146.625,0.739657776796983
84.6166,128.184975,37.871155,4461.6855648,-179.358,66.348,146.631,0.739657776796983
84.6333,128.184983,37.871145,4464.7036944,-179.349,66.174,146.636,0.739657776796983
84.65,128.184991,37.871135,4467.7196904,-179.343,65.95,146.639,0.739657776796983
84.6666,128.184999,37.871125,4470.732943200001,-179.337,65.675,146.64,0.739657776796983
84.6833,128.185008,37.871115,4473.7440624,-179.333,65.355,146.64,0.739657776796983
84.7,128.185016,37.871105,4476.752743200001,-179.331,64.996,146.639,0.739657776796983
84.7166,128.185024,37.871095,4479.7592904,-179.329,64.605,146.636,0.739657776796983
84.7333,128.185032,37.871084,4482.7627896,-179.328,64.184,146.633,0.739657776796983
84.75,128.185041,37.871074,4485.7641552000005,-179.327,63.74,146.629,0.739657776796983
84.7666,128.185049,37.871064,4488.7624728,-179.327,63.278,146.625,0.739657776796983
84.7833,128.185058,37.871054,4491.758352,-179.327,62.802,146.62,0.739657776796983
84.8,128.185066,37.871043,4494.7508784,-179.327,62.317,146.615,0.739657776796983
84.8166,128.185074,37.871033,4497.7403568,-179.327,61.826,146.61,0.739657776796983
84.8333,128.185083,37.871022,4500.7267872,-179.327,61.332,146.605,0.739657776796983
84.85,128.185092,37.871012,4503.7098648,-179.326,60.837,146.599,0.739657776796983
84.8666,128.1851,37.871002,4506.6895896000005,-179.326,60.343,146.594,0.739657776796983
84.8833,128.185109,37.870991,4509.665352,-179.325,59.852,146.589,0.739657776796983
84.9,128.185117,37.87098,4512.6377616,-179.323,59.365,146.584,0.739657776796983
84.9166,128.185126,37.87097,4515.605904,-179.322,58.883,146.579,0.739657776796983
84.9333,128.185135,37.870959,4518.5703888,-179.32,58.407,146.574,0.739657776796983
84.95,128.185144,37.870948,4521.5303016,-179.317,57.938,146.569,0.739657776796983
84.9666,128.185152,37.870937,4524.486252000001,-179.315,57.476,146.565,0.739657776796983
84.9833,128.185161,37.870927,4527.437630400001,-179.312,57.022,146.56,0.739657776796983
85.0,128.18517,37.870916,4530.384132,-179.309,56.577,146.556,0.739657776796983
85.0166,128.185179,37.870905,4533.326061600001,-179.305,56.14,146.552,0.739657776796983
85.0333,128.185188,37.870894,4536.263114400001,-179.301,55.711,146.548,0.739657776796983
85.05,128.185197,37.870883,4539.1952904,-179.297,55.291,146.544,0.739657776796983
85.0666,128.185206,37.870871,4542.122284800001,-179.293,54.88,146.54,0.739657776796983
85.0833,128.185216,37.87086,4545.0440976,-179.288,54.477,146.536,0.739657776796983
85.1,128.185225,37.870849,4547.960424,-179.283,54.082,146.532,0.739657776796983
85.1166,128.185234,37.870838,4550.8715688,-179.278,53.696,146.528,0.739657776796983
85.1333,128.185243,37.870826,4553.7769224,-179.273,53.325,146.525,0.739657776796983
85.15,128.185253,37.870815,4556.6767896,-179.267,52.978,146.522,0.739657776796983
85.1666,128.185262,37.870803,4559.5711704000005,-179.26,52.663,146.52,0.739657776796983
85.1833,128.185272,37.870792,4562.459760000001,-179.254,52.386,146.518,0.739657776796983
85.2,128.185281,37.87078,4565.3428632000005,-179.246,52.154,146.517,0.739657776796983
85.2166,128.185291,37.870768,4568.2201752,-179.237,51.971,146.517,0.739657776796983
85.2333,128.1853,37.870757,4571.0920008,-179.228,51.835,146.518,0.739657776796983
85.25,128.18531,37.870745,4573.9586448,-179.219,51.742,146.519,0.739657776796983
85.2666,128.18532,37.870733,4576.8194976,-179.209,51.684,146.522,0.739657776796983
85.2833,128.18533,37.870721,4579.6751688,-179.198,51.657,146.524,0.739657776796983
85.3,128.185339,37.870709,4582.5256584,-179.187,51.655,146.528,0.739657776796983
85.3166,128.185349,37.870697,4585.370966400001,-179.176,51.672,146.531,0.739657776796983
85.3333,128.185359,37.870685,4588.2113976,-179.165,51.705,146.535,0.739657776796983
85.35,128.185369,37.870673,4591.0466472,-179.154,51.75,146.54,0.739657776796983
85.3666,128.185379,37.870661,4593.87702,-179.143,51.806,146.544,0.739657776796983
85.3833,128.185389,37.870649,4596.702516,-179.131,51.87,146.548,0.739657776796983
85.4,128.185399,37.870636,4599.52344,-179.12,51.939,146.553,0.739657776796983
85.4166,128.185409,37.870624,4602.339792000001,-179.109,52.014,146.558,0.739657776796983
85.4333,128.18542,37.870612,4605.1512672,-179.099,52.092,146.562,0.739657776796983
85.45,128.18543,37.870599,4607.9584752,-179.088,52.172,146.567,0.739657776796983
85.4666,128.18544,37.870587,4610.761416,-179.077,52.254,146.572,0.739657776796983
85.4833,128.18545,37.870575,4613.559784800001,-179.067,52.337,146.576,0.739657776796983
85.5,128.185461,37.870562,4616.3541912,-179.057,52.42,146.581,0.739657776796983
85.5166,128.185471,37.870549,4619.1443304,-179.047,52.503,146.586,0.739657776796983
85.5333,128.185481,37.870537,4621.930507200001,-179.037,52.586,146.59,0.739657776796983
85.55,128.185492,37.870524,4624.7127216,-179.028,52.669,146.595,0.739657776796983
85.5666,128.185502,37.870511,4627.490973600001,-179.018,52.751,146.6,0.739657776796983
85.5833,128.185513,37.870499,4630.2652632,-179.009,52.831,146.604,0.739657776796983
85.6,128.185523,37.870486,4633.035895200001,-179.0,52.911,146.609,0.739657776796983
85.6166,128.185534,37.870473,4635.8028696,-178.992,52.989,146.613,0.739657776796983
85.6333,128.185544,37.87046,4638.5664912,-178.983,53.066,146.617,0.739657776796983
85.65,128.185555,37.870447,4641.3264552,-178.975,53.142,146.622,0.739657776796983
85.6666,128.185566,37.870435,4644.082761600001,-178.967,53.216,146.626,0.739657776796983
85.6833,128.185576,37.870422,4646.83602,-178.959,53.288,146.63,0.739657776796983
85.7,128.185587,37.870409,4649.5856208000005,-178.951,53.359,146.634,0.739657776796983
85.7166,128.185598,37.870396,4652.332173600001,-178.944,53.428,146.638,0.739657776796983
85.7333,128.185608,37.870383,4655.0756784000005,-178.936,53.496,146.642,0.739657776796983
85.75,128.185619,37.87037,4657.815830400001,-178.929,53.563,146.646,0.739657776796983
85.7666,128.18563,37.870356,4660.552934400001,-178.922,53.628,146.65,0.739657776796983
85.7833,128.185641,37.870343,4663.2869904,-178.916,53.691,146.654,0.739657776796983
85.8,128.185652,37.87033,4666.0183032,-178.909,53.753,146.658,0.739657776796983
85.8166,128.185663,37.870317,4668.7465680000005,-178.902,53.814,146.661,0.739657776796983
85.8333,128.185674,37.870304,4671.4717848,-178.896,53.874,146.665,0.739657776796983
85.85,128.185685,37.87029,4674.1945632,-178.89,53.932,146.669,0.739657776796983
85.8666,128.185696,37.870277,4676.914293600001,-178.884,53.988,146.672,0.739657776796983
85.8833,128.185707,37.870264,4679.6315856,-178.878,54.044,146.676,0.739657776796983
85.9,128.185718,37.87025,4682.3458296,-178.872,54.098,146.679,0.739657776796983
85.9166,128.185729,37.870237,4685.05794,-178.867,54.151,146.683,0.739657776796983
85.9333,128.18574,37.870224,4687.7670024,-178.861,54.203,146.686,0.739657776796983
85.95,128.185751,37.87021,4690.4739312,-178.856,54.254,146.689,0.739657776796983
85.9666,128.185762,37.870197,4693.178116800001,-178.85,54.303,146.693,0.739657776796983
85.9833,128.185773,37.870183,4695.8801688,-178.845,54.352,146.696,0.739657776796983
86.0,128.185784,37.87017,4698.5794776,-178.84,54.399,146.699,0.739657776796983
86.0166,128.185795,37.870156,4701.2766528,-178.835,54.445,146.702,0.739657776796983
86.0333,128.185806,37.870143,4703.9716944,-178.83,54.491,146.706,0.739657776796983
86.05,128.185818,37.870129,4706.6642976,-178.825,54.535,146.709,0.739657776796983
86.0666,128.185829,37.870116,4709.3547672,-178.821,54.578,146.712,0.739657776796983
86.0833,128.18584,37.870102,4712.042798400001,-178.816,54.62,146.715,0.739657776796983
86.1,128.185851,37.870089,4714.7290008,-178.812,54.662,146.718,0.739657776796983
86.1166,128.185863,37.870075,4717.4130696,-178.807,54.702,146.721,0.739657776796983
86.1333,128.185874,37.870061,4720.0950048,-178.803,54.741,146.724,0.739657776796983
86.15,128.185885,37.870048,4722.7748064,-178.799,54.78,146.727,0.739657776796983
86.1666,128.185897,37.870034,4725.4527792,-178.795,54.818,146.729,0.739657776796983
86.1833,128.185908,37.87002,4728.1286184,-178.791,54.855,146.732,0.739657776796983
86.2,128.185919,37.870006,4730.8029336,-178.787,54.891,146.735,0.739657776796983
86.2166,128.185931,37.869993,4733.4751152,-178.783,54.926,146.738,0.739657776796983
86.2333,128.185942,37.869979,4736.145468000001,-178.779,54.96,146.74,0.739657776796983
86.25,128.185953,37.869965,4738.813992,-178.775,54.994,146.743,0.739657776796983
86.2666,128.185965,37.869951,4741.480687200001,-178.771,55.027,146.746,0.739657776796983
86.2833,128.185976,37.869937,4744.1455536,-178.767,55.059,146.748,0.739657776796983
86.3,128.185988,37.869924,4746.8088960000005,-178.764,55.091,146.751,0.739657776796983
86.3166,128.185999,37.86991,4749.4707144,-178.76,55.121,146.754,0.739657776796983
86.3333,128.186011,37.869896,4752.130704,-178.757,55.152,146.756,0.739657776796983
86.35,128.186022,37.869882,4754.7888648,-178.753,55.181,146.759,0.739657776796983
86.3666,128.186034,37.869868,4757.4455016,-178.75,55.21,146.761,0.739657776796983
86.3833,128.186045,37.869854,4760.1009192,-178.747,55.238,146.764,0.739657776796983
86.4,128.186057,37.86984,4762.754508,-178.743,55.265,146.766,0.739657776796983
86.4166,128.186068,37.869826,4765.4065728000005,-178.74,55.292,146.769,0.739657776796983
86.4333,128.18608,37.869812,4768.0571136,-178.737,55.319,146.771,0.739657776796983
86.45,128.186091,37.869798,4770.706435200001,-178.734,55.344,146.773,0.739657776796983
86.4666,128.186103,37.869784,4773.3542328,-178.731,55.37,146.776,0.739657776796983
86.4833,128.186114,37.86977,4776.0005064,-178.727,55.395,146.778,0.739657776796983
86.5,128.186126,37.869756,4778.645256,-178.724,55.419,146.78,0.739657776796983
86.5166,128.186138,37.869742,4781.2887864,-178.721,55.443,146.783,0.739657776796983
86.5333,128.186149,37.869728,4783.931097600001,-178.718,55.467,146.785,0.739657776796983
86.55,128.186161,37.869714,4786.571884800001,-178.715,55.491,146.787,0.739657776796983
86.5666,128.186172,37.8697,4789.2114528,-178.713,55.514,146.79,0.739657776796983
86.5833,128.186184,37.869686,4791.8494968,-178.71,55.536,146.792,0.739657776796983
86.6,128.186196,37.869672,4794.4866264,-178.707,55.559,146.794,0.739657776796983
86.6166,128.186207,37.869658,4797.122232000001,-178.704,55.581,146.796,0.739657776796983
86.6333,128.186219,37.869644,4799.7569232000005,-178.701,55.602,146.799,0.739657776796983
86.65,128.186231,37.86963,4802.3900904,-178.698,55.624,146.801,0.739657776796983
86.6666,128.186242,37.869616,4805.0223432,-178.696,55.645,146.803,0.739657776796983
86.6833,128.186254,37.869601,4807.6533768,-178.693,55.666,146.805,0.739657776796983
86.7,128.186266,37.869587,4810.2828864,-178.69,55.687,146.807,0.739657776796983
86.7166,128.186278,37.869573,4812.9117864,-178.688,55.707,146.81,0.739657776796983
86.7333,128.186289,37.869559,4815.5391624,-178.685,55.728,146.812,0.739657776796983
86.75,128.186301,37.869545,4818.165624,-178.682,55.748,146.814,0.739657776796983
86.7666,128.186313,37.869531,4820.7911712000005,-178.68,55.767,146.816,0.739657776796983
86.7833,128.186325,37.869516,4823.4154992,-178.677,55.787,146.818,0.739657776796983
86.8,128.186336,37.869502,4826.038608,-178.675,55.806,146.82,0.739657776796983
86.8166,128.186348,37.869488,4828.660802400001,-178.672,55.825,146.823,0.739657776796983
86.8333,128.18636,37.869474,4831.2820824,-178.67,55.844,146.825,0.739657776796983
86.85,128.186372,37.86946,4833.902448000001,-178.667,55.863,146.827,0.739657776796983
86.8666,128.186383,37.869445,4836.5215944,-178.665,55.881,146.829,0.739657776796983
86.8833,128.186395,37.869431,4839.1398264,-178.662,55.9,146.831,0.739657776796983
86.9,128.186407,37.869417,4841.757144,-178.66,55.918,146.833,0.739657776796983
86.9166,128.186419,37.869403,4844.3735472,-178.657,55.936,146.835,0.739657776796983
86.9333,128.186431,37.869388,4846.989036,-178.655,55.953,146.837,0.739657776796983
86.95,128.186442,37.869374,4849.6036104,-178.653,55.971,146.839,0.739657776796983
86.9666,128.186454,37.86936,4852.2175752,-178.65,55.989,146.842,0.739657776796983
86.9833,128.186466,37.869345,4854.830320800001,-178.648,56.006,146.844,0.739657776796983
87.0,128.186478,37.869331,4857.4421520000005,-178.646,56.023,146.846,0.739657776796983
87.0166,128.18649,37.869317,4860.053373600001,-178.643,56.04,146.848,0.739657776796983
87.0333,128.186501,37.869302,4862.6636808,-178.641,56.057,146.85,0.739657776796983
87.05,128.186513,37.869288,4865.2730736,-178.639,56.073,146.852,0.739657776796983
87.0666,128.186525,37.869274,4867.881856800001,-178.636,56.09,146.854,0.739657776796983
87.0833,128.186537,37.86926,4870.4897256,-178.634,56.106,146.856,0.739657776796983
87.1,128.186549,37.869245,4873.096680000001,-178.632,56.122,146.858,0.739657776796983
87.1166,128.186561,37.869231,4875.7030248,-178.63,56.139,146.86,0.739657776796983
87.1333,128.186573,37.869217,4878.308760000001,-178.628,56.155,146.862,0.739657776796983
87.15,128.186584,37.869202,4880.9135808,-178.625,56.17,146.864,0.739657776796983
87.1666,128.186596,37.869188,4883.517487200001,-178.623,56.186,146.866,0.739657776796983
87.1833,128.186608,37.869173,4886.1210888000005,-178.621,56.202,146.868,0.739657776796983
87.2,128.18662,37.869159,4888.723776000001,-178.619,56.217,146.87,0.739657776796983
87.2166,128.186632,37.869145,4891.3255488,-178.617,56.233,146.872,0.739657776796983
87.2333,128.186644,37.86913,4893.9270168,-178.615,56.248,146.874,0.739657776796983
87.25,128.186656,37.869116,4896.5275704000005,-178.613,56.263,146.876,0.739657776796983
87.2666,128.186668,37.869102,4899.1275144,-178.61,56.278,146.878,0.739657776796983
87.2833,128.186679,37.869087,4901.726848800001,-178.608,56.293,146.88,0.739657776796983
87.3,128.186691,37.869073,4904.3255736,-178.606,56.308,146.882,0.739657776796983
87.3166,128.186703,37.869058,4906.923384000001,-178.604,56.322,146.884,0.739657776796983
87.3333,128.186715,37.869044,4909.5208896,-178.602,56.337,146.886,0.739657776796983
87.35,128.186727,37.86903,4912.1177856,-178.6,56.351,146.888,0.739657776796983
87.3666,128.186739,37.869015,4914.7137672,-178.598,56.366,146.89,0.739657776796983
87.3833,128.186751,37.869001,4917.309444,-178.596,56.38,146.892,0.739657776796983
87.4,128.186763,37.868986,4919.9045112,-178.594,56.394,146.894,0.739657776796983
87.4166,128.186775,37.868972,4922.4989688000005,-178.592,56.409,146.896,0.739657776796983
87.4333,128.186787,37.868958,4925.0928168,-178.59,56.423,146.898,0.739657776796983
87.45,128.186799,37.868943,4927.686055200001,-178.588,56.437,146.9,0.739657776796983
87.4666,128.18681,37.868929,4930.278988800001,-178.586,56.451,146.902,0.739657776796983
87.4833,128.186822,37.868914,4932.8713128,-178.584,56.464,146.904,0.739657776796983
87.5,128.186834,37.8689,4935.4630272,-178.582,56.478,146.906,0.739657776796983
87.5166,128.186846,37.868885,4938.054132,-178.58,56.492,146.908,0.739657776796983
87.5333,128.186858,37.868871,4940.644932,-178.578,56.505,146.91,0.739657776796983
87.55,128.18687,37.868857,4943.2351224,-178.576,56.519,146.912,0.739657776796983
87.5666,128.186882,37.868842,4945.824703200001,-178.574,56.532,146.914,0.739657776796983
87.5833,128.186894,37.868828,4948.4139792000005,-178.573,56.546,146.916,0.739657776796983
87.6,128.186906,37.868813,4951.0026456000005,-178.571,56.559,146.918,0.739657776796983
87.6166,128.186918,37.868799,4953.591007200001,-178.569,56.572,146.92,0.739657776796983
87.6333,128.18693,37.868784,4956.1787592,-178.567,56.585,146.922,0.739657776796983
87.65,128.186942,37.86877,4958.766206400001,-178.565,56.598,146.924,0.739657776796983
87.6666,128.186954,37.868756,4961.353044,-178.563,56.611,146.926,0.739657776796983
87.6833,128.186966,37.868741,4963.9395768,-178.561,56.624,146.928,0.739657776796983
87.7,128.186978,37.868727,4966.525500000001,-178.559,56.637,146.93,0.739657776796983
87.7166,128.186989,37.868712,4969.1111184,-178.558,56.65,146.932,0.739657776796983
87.7333,128.187001,37.868698,4971.6961272,-178.556,56.663,146.934,0.739657776796983
87.75,128.187013,37.868683,4974.2811360000005,-178.554,56.675,146.936,0.739657776796983
87.7666,128.187025,37.868669,4976.865230400001,-178.552,56.688,146.938,0.739657776796983
87.7833,128.187037,37.868654,4979.4493248,-178.55,56.701,146.94,0.739657776796983
87.8,128.187049,37.86864,4982.0328096,-178.548,56.713,146.942,0.739657776796983
87.8166,128.187061,37.868625,4984.615989600001,-178.547,56.726,146.944,0.739657776796983
87.8333,128.187073,37.868611,4987.1988648,-178.545,56.738,146.946,0.739657776796983
87.85,128.187085,37.868596,4989.7814352000005,-178.543,56.75,146.948,0.739657776796983
87.8666,128.187097,37.868582,4992.363396000001,-178.541,56.763,146.95,0.739657776796983
87.8833,128.187109,37.868568,4994.945052000001,-178.539,56.775,146.952,0.739657776796983
87.9,128.187121,37.868553,4997.5264032,-178.538,56.787,146.954,0.739657776796983
87.9166,128.187133,37.868539,5000.1074496,-178.536,56.8,146.956,0.739657776796983
87.9333,128.187145,37.868524,5002.6881912,-178.534,56.812,146.958,0.739657776796983
87.95,128.187157,37.86851,5005.2683232,-178.532,56.824,146.96,0.739657776796983
87.9666,128.187169,37.868495,5007.8484552,-178.53,56.836,146.962,0.739657776796983
87.9833,128.187181,37.868481,5010.4279776,-178.529,56.848,146.964,0.739657776796983
88.0,128.187192,37.868466,5013.007500000001,-178.527,56.86,146.966,0.739657776796983
88.0166,128.187204,37.868452,5015.5864128,-178.525,56.872,146.968,0.739657776796983
88.0333,128.187216,37.868437,5018.1650208,-178.523,56.884,146.97,0.739657776796983
88.05,128.187228,37.868423,5020.743628800001,-178.522,56.895,146.972,0.739657776796983
88.0666,128.18724,37.868408,5023.3216272,-178.52,56.907,146.973,0.739657776796983
88.0833,128.187252,37.868394,5025.8993208,-178.518,56.919,146.975,0.739657776796983
88.1,128.187264,37.86838,5028.4770144,-178.517,56.931,146.977,0.739657776796983
88.1166,128.187276,37.868365,5031.0540984,-178.515,56.942,146.979,0.739657776796983
88.1333,128.187288,37.868351,5033.6311824,-178.513,56.954,146.981,0.739657776796983
88.15,128.1873,37.868336,5036.207656800001,-178.511,56.966,146.983,0.739657776796983
88.1666,128.187312,37.868322,5038.7841312,-178.51,56.977,146.985,0.739657776796983
88.1833,128.187324,37.868307,5041.3603008,-178.508,56.989,146.987,0.739657776796983
88.2,128.187336,37.868293,5043.936165600001,-178.506,57.0,146.989,0.739657776796983
88.2166,128.187348,37.868278,5046.511725599999,-178.505,57.012,146.991,0.739657776796983
88.2333,128.18736,37.868264,5049.0869808,-178.503,57.023,146.993,0.739657776796983
88.25,128.187372,37.868249,5051.662236,-178.501,57.035,146.995,0.739657776796983
88.2666,128.187384,37.868235,5054.237186400001,-178.499,57.046,146.997,0.739657776796983
88.2833,128.187395,37.86822,5056.8115272000005,-178.498,57.057,146.999,0.739657776796983
88.3,128.187407,37.868206,5059.3861728,-178.496,57.069,147.001,0.739657776796983
88.3166,128.187419,37.868191,5061.9602088,-178.494,57.08,147.003,0.739657776796983
88.3333,128.187431,37.868177,5064.53394,-178.493,57.091,147.005,0.739657776796983
88.35,128.187443,37.868163,5067.1076711999995,-178.491,57.102,147.007,0.739657776796983
88.3666,128.187455,37.868148,5069.681097600001,-178.489,57.114,147.009,0.739657776796983
88.3833,128.187467,37.868134,5072.254524000001,-178.488,57.125,147.011,0.739657776796983
88.4,128.187479,37.868119,5074.8273408000005,-178.486,57.136,147.013,0.739657776796983
88.4166,128.187491,37.868105,5077.4001576,-178.484,57.147,147.015,0.739657776796983
88.4333,128.187503,37.86809,5079.972669600001,-178.483,57.158,147.017,0.739657776796983
88.45,128.187515,37.868076,5082.5451816,-178.481,57.169,147.019,0.739657776796983
88.4666,128.187527,37.868061,5085.117388799999,-178.479,57.18,147.021,0.739657776796983
88.4833,128.187538,37.868047,5087.6892912,-178.478,57.191,147.023,0.739657776796983
88.5,128.18755,37.868032,5090.261193599999,-178.476,57.202,147.025,0.739657776796983
88.5166,128.187562,37.868018,5092.8327912,-178.474,57.213,147.027,0.739657776796983
88.5333,128.187574,37.868004,5095.404084000001,-178.473,57.224,147.029,0.739657776796983
88.55,128.187586,37.867989,5097.9753768,-178.471,57.235,147.031,0.739657776796983
88.5666,128.187598,37.867975,5100.5463648,-178.469,57.246,147.032,0.739657776796983
88.5833,128.18761,37.86796,5103.1173528,-178.468,57.257,147.034,0.739657776796983
88.6,128.187622,37.867946,5105.6877312,-178.466,57.268,147.036,0.739657776796983
88.6166,128.187634,37.867931,5108.2584144,-178.465,57.279,147.038,0.739657776796983
88.6333,128.187646,37.867917,5110.828792800001,-178.463,57.289,147.04,0.739657776796983
88.65,128.187658,37.867902,5113.3988664,-178.461,57.3,147.042,0.739657776796983
88.6666,128.187669,37.867888,5115.96894,-178.46,57.311,147.044,0.739657776796983
88.6833,128.187681,37.867874,5118.5387088,-178.458,57.322,147.046,0.739657776796983
88.7,128.187693,37.867859,5121.108477600001,-178.456,57.332,147.048,0.739657776796983
88.7166,128.187705,37.867845,5123.677941600001,-178.455,57.343,147.05,0.739657776796983
88.7333,128.187717,37.86783,5126.2471008,-178.453,57.354,147.052,0.739657776796983
88.75,128.187729,37.867816,5128.8162600000005,-178.452,57.364,147.054,0.739657776796983
88.7666,128.187741,37.867801,5131.385419200001,-178.45,57.375,147.056,0.739657776796983
88.7833,128.187753,37.867787,5133.9542736,-178.448,57.386,147.058,0.739657776796983
88.8,128.187764,37.867773,5136.523128000001,-178.447,57.396,147.06,0.739657776796983
88.8166,128.187776,37.867758,5139.0916776,-178.445,57.407,147.062,0.739657776796983
88.8333,128.187788,37.867744,5141.6602272,-178.443,57.418,147.064,0.739657776796983
88.85,128.1878,37.867729,5144.228472,-178.442,57.428,147.066,0.739657776796983
88.8666,128.187812,37.867715,5146.7967168,-178.44,57.439,147.068,0.739657776796983
88.8833,128.187824,37.867701,5149.3646568,-178.439,57.449,147.07,0.739657776796983
88.9,128.187836,37.867686,5151.9325968,-178.437,57.46,147.072,0.739657776796983
88.9166,128.187848,37.867672,5154.5005368,-178.435,57.47,147.074,0.739657776796983
88.9333,128.187859,37.867657,5157.068172,-178.434,57.481,147.076,0.739657776796983
88.95,128.187871,37.867643,5159.6355023999995,-178.432,57.491,147.078,0.739657776796983
88.9666,128.187883,37.867629,5162.2031376,-178.43,57.502,147.08,0.739657776796983
88.9833,128.187895,37.867614,5164.7701632,-178.429,57.512,147.082,0.739657776796983
89.0,128.187907,37.8676,5167.3374936,-178.427,57.522,147.084,0.739657776796983
89.0166,128.187919,37.867585,5169.9045192,-178.426,57.533,147.086,0.739657776796983
89.0333,128.18793,37.867571,5172.4715448,-178.424,57.543,147.088,0.739657776796983
89.05,128.187942,37.867557,5175.038265600001,-178.422,57.554,147.09,0.739657776796983
89.0666,128.187954,37.867542,5177.604986400001,-178.421,57.564,147.092,0.739657776796983
89.0833,128.187966,37.867528,5180.171402399999,-178.419,57.574,147.094,0.739657776796983
89.1,128.187978,37.867513,5182.7378184,-178.418,57.585,147.096,0.739657776796983
89.1166,128.18799,37.867499,5185.3042344,-178.416,57.595,147.098,0.739657776796983
89.1333,128.188001,37.867485,5187.8706504,-178.414,57.605,147.1,0.739657776796983
89.15,128.188013,37.86747,5190.4367616,-178.413,57.616,147.102,0.739657776796983
89.1666,128.188025,37.867456,5193.002872800001,-178.411,57.626,147.104,0.739657776796983
89.1833,128.188037,37.867442,5195.568679200001,-178.409,57.636,147.106,0.739657776796983
89.2,128.188049,37.867427,5198.1344856000005,-178.408,57.646,147.108,0.739657776796983
89.2166,128.188061,37.867413,5200.700292,-178.406,57.657,147.11,0.739657776796983
89.2333,128.188072,37.867399,5203.2660983999995,-178.405,57.667,147.112,0.739657776796983
89.25,128.188084,37.867384,5205.8316,-178.403,57.677,147.114,0.739657776796983
89.2666,128.188096,37.86737,5208.3971016000005,-178.401,57.687,147.116,0.739657776796983
89.2833,128.188108,37.867355,5210.9622984,-178.4,57.698,147.118,0.739657776796983
89.3,128.18812,37.867341,5213.5274952,-178.398,57.708,147.12,0.739657776796983
89.3166,128.188131,37.867327,5216.092692,-178.397,57.718,147.122,0.739657776796983
89.3333,128.188143,37.867312,5218.6578887999995,-178.395,57.728,147.124,0.739657776796983
89.35,128.188155,37.867298,5221.2227808,-178.393,57.738,147.126,0.739657776796983
89.3666,128.188167,37.867284,5223.7876728,-178.392,57.748,147.128,0.739657776796983
89.3833,128.188179,37.867269,5226.3525648,-178.39,57.758,147.13,0.739657776796983
89.4,128.18819,37.867255,5228.917456800001,-178.389,57.769,147.132,0.739657776796983
89.4166,128.188202,37.867241,5231.482044,-178.387,57.779,147.134,0.739657776796983
89.4333,128.188214,37.867226,5234.0466312,-178.385,57.789,147.136,0.739657776796983
89.45,128.188226,37.867212,5236.6112184,-178.384,57.799,147.139,0.739657776796983
89.4666,128.188237,37.867198,5239.1755008,-178.382,57.809,147.141,0.739657776796983
89.4833,128.188249,37.867183,5241.739783200001,-178.381,57.819,147.143,0.739657776796983
89.5,128.188261,37.867169,5244.304065600001,-178.379,57.829,147.145,0.739657776796983
89.5166,128.188273,37.867155,5246.868348,-178.377,57.839,147.147,0.739657776796983
89.5333,128.188284,37.86714,5249.4323256,-178.376,57.849,147.149,0.739657776796983
89.55,128.188296,37.867126,5251.996608,-178.374,57.859,147.151,0.739657776796983
89.5666,128.188308,37.867112,5254.5602808,-178.372,57.869,147.153,0.739657776796983
89.5833,128.18832,37.867098,5257.1242584,-178.371,57.879,147.155,0.739657776796983
89.6,128.188331,37.867083,5259.688236,-178.369,57.889,147.157,0.739657776796983
89.6166,128.188343,37.867069,5262.2519088,-178.368,57.899,147.159,0.739657776796983
89.6333,128.188355,37.867055,5264.8155816,-178.366,57.909,147.161,0.739657776796983
89.65,128.188367,37.86704,5267.3792544,-178.364,57.919,147.163,0.739657776796983
89.6666,128.188378,37.867026,5269.9426224,-178.363,57.929,147.165,0.739657776796983
89.6833,128.18839,37.867012,5272.5059904,-178.361,57.939,147.167,0.739657776796983
89.7,128.188402,37.866998,5275.0696632,-178.36,57.949,147.169,0.739657776796983
89.7166,128.188413,37.866983,5277.6327264,-178.358,57.959,147.171,0.739657776796983
89.7333,128.188425,37.866969,5280.1960944,-178.356,57.969,147.173,0.739657776796983
89.75,128.188437,37.866955,5282.7594624,-178.355,57.979,147.175,0.739657776796983
89.7666,128.188449,37.86694,5285.3225256,-178.353,57.989,147.177,0.739657776796983
89.7833,128.18846,37.866926,5287.8855888,-178.351,57.999,147.179,0.739657776796983
89.8,128.188472,37.866912,5290.448652000001,-178.35,58.009,147.182,0.739657776796983
89.8166,128.188484,37.866898,5293.0114104,-178.348,58.019,147.184,0.739657776796983
89.8333,128.188495,37.866883,5295.574473600001,-178.347,58.029,147.186,0.739657776796983
89.85,128.188507,37.866869,5298.137232,-178.345,58.039,147.188,0.739657776796983
89.8666,128.188519,37.866855,5300.6999904,-178.343,58.049,147.19,0.739657776796983
89.8833,128.18853,37.866841,5303.2627488,-178.342,58.059,147.192,0.739657776796983
89.9,128.188542,37.866826,5305.825202399999,-178.34,58.069,147.194,0.739657776796983
89.9166,128.188554,37.866812,5308.387960800001,-178.339,58.079,147.196,0.739657776796983
89.9333,128.188566,37.866798,5310.9473664,-178.337,58.083,147.198,0.739657776796983
89.95,128.188577,37.866784,5313.5064672,-178.336,58.074,147.199,0.739657776796983
89.9666,128.188589,37.86677,5316.064044,-178.336,58.049,147.199,0.739657776796983
89.9833,128.1886,37.866755,5318.619792,-178.338,58.0,147.198,0.739657776796983
90.0,128.188612,37.866741,5321.173711200001,-178.34,57.925,147.195,0.739657776796983
90.0166,128.188624,37.866727,5323.725496800001,-178.344,57.816,147.191,0.739657776796983
90.0333,128.188635,37.866713,5326.274844,-178.349,57.671,147.184,0.739657776796983
90.05,128.188647,37.866699,5328.8217528,-178.357,57.484,147.176,0.739657776796983
90.0666,128.188659,37.866684,5331.366223200001,-178.365,57.258,147.166,0.739657776796983
90.0833,128.18867,37.86667,5333.9082552,-178.376,56.999,147.153,0.739657776796983
90.1,128.188682,37.866656,5336.447544,-178.387,56.709,147.14,0.739657776796983
90.1166,128.188694,37.866642,5338.9840896,-178.399,56.391,147.125,0.739657776796983
90.1333,128.188705,37.866628,5341.517587200001,-178.413,56.047,147.109,0.739657776796983
90.15,128.188717,37.866613,5344.048341600001,-178.426,55.681,147.093,0.739657776796983
90.1666,128.188728,37.866599,5346.5757432,-178.441,55.293,147.076,0.739657776796983
90.1833,128.18874,37.866585,5349.100096800001,-178.455,54.885,147.058,0.739657776796983
90.2,128.188752,37.866571,5351.621097600001,-178.47,54.459,147.039,0.739657776796983
90.2166,128.188763,37.866557,5354.1384408,-178.485,54.015,147.021,0.739657776796983
90.2333,128.188775,37.866542,5356.6518216,-178.5,53.556,147.001,0.739657776796983
90.25,128.188787,37.866528,5359.16124,-178.515,53.082,146.982,0.739657776796983
90.2666,128.188799,37.866514,5361.666696,-178.531,52.594,146.963,0.739657776796983
90.2833,128.18881,37.8665,5364.1678848,-178.546,52.094,146.943,0.739657776796983
90.3,128.188822,37.866485,5366.6645016,-178.56,51.581,146.923,0.739657776796983
90.3166,128.188834,37.866471,5369.1565464000005,-178.575,51.06,146.904,0.739657776796983
90.3333,128.188845,37.866457,5371.6437144,-178.589,50.533,146.885,0.739657776796983
90.35,128.188857,37.866442,5374.1257008,-178.603,50.002,146.866,0.739657776796983
90.3666,128.188869,37.866428,5376.602810400001,-178.617,49.47,146.847,0.739657776796983
90.3833,128.188881,37.866413,5379.074433600001,-178.63,48.938,146.829,0.739657776796983
90.4,128.188893,37.866399,5381.5405704,-178.642,48.408,146.811,0.739657776796983
90.4166,128.188905,37.866385,5384.0012208,-178.654,47.881,146.793,0.739657776796983
90.4333,128.188916,37.86637,5386.4557752,-178.665,47.358,146.776,0.739657776796983
90.45,128.188928,37.866356,5388.904538400001,-178.675,46.841,146.76,0.739657776796983
90.4666,128.18894,37.866341,5391.347205600001,-178.685,46.33,146.744,0.739657776796983
90.4833,128.188952,37.866327,5393.7837768,-178.695,45.826,146.729,0.739657776796983
90.5,128.188964,37.866312,5396.213642400001,-178.704,45.329,146.714,0.739657776796983
90.5166,128.188976,37.866297,5398.6371072,-178.712,44.841,146.7,0.739657776796983
90.5333,128.188988,37.866283,5401.0538664,-178.72,44.36,146.686,0.739657776796983
90.55,128.189,37.866268,5403.463920000001,-178.727,43.889,146.672,0.739657776796983
90.5666,128.189012,37.866253,5405.8669632,-178.734,43.426,146.659,0.739657776796983
90.5833,128.189025,37.866239,5408.262996,-178.74,42.973,146.647,0.739657776796983
90.6,128.189037,37.866224,5410.6517136,-178.746,42.529,146.635,0.739657776796983
90.6166,128.189049,37.866209,5413.033116,-178.751,42.095,146.623,0.739657776796983
90.6333,128.189061,37.866194,5415.4072032,-178.756,41.669,146.612,0.739657776796983
90.65,128.189073,37.866179,5417.7739752,-178.761,41.253,146.601,0.739657776796983
90.6666,128.189086,37.866164,5420.1328224,-178.765,40.846,146.591,0.739657776796983
90.6833,128.189098,37.866149,5422.4843544000005,-178.769,40.448,146.581,0.739657776796983
90.7,128.18911,37.866134,5424.827656800001,-178.772,40.058,146.571,0.739657776796983
90.7166,128.189123,37.866119,5427.163339199999,-178.775,39.677,146.562,0.739657776796983
90.7333,128.189135,37.866104,5429.4910968,-178.778,39.304,146.553,0.739657776796983
90.75,128.189147,37.866089,5431.8106248,-178.78,38.939,146.544,0.739657776796983
90.7666,128.18916,37.866074,5434.122228,-178.783,38.583,146.535,0.739657776796983
90.7833,128.189172,37.866059,5436.425601600001,-178.785,38.233,146.527,0.739657776796983
90.8,128.189185,37.866044,5438.720745600001,-178.786,37.891,146.519,0.739657776796983
90.8166,128.189198,37.866028,5441.0073552,-178.788,37.555,146.511,0.739657776796983
90.8333,128.18921,37.866013,5443.2857352,-178.789,37.225,146.503,0.739657776796983
90.85,128.189223,37.865998,5445.5555808,-178.79,36.901,146.496,0.739657776796983
90.8666,128.189235,37.865983,5447.816892000001,-178.791,36.583,146.489,0.739657776796983
90.8833,128.189248,37.865967,5450.069668800001,-178.791,36.269,146.482,0.739657776796983
90.9,128.189261,37.865952,5452.313606400001,-178.792,35.961,146.475,0.739657776796983
90.9166,128.189274,37.865936,5454.5490096,-178.792,35.658,146.468,0.739657776796983
90.9333,128.189286,37.865921,5456.775573600001,-178.793,35.359,146.461,0.739657776796983
90.95,128.189299,37.865905,5458.9932984,-178.793,35.064,146.455,0.739657776796983
90.9666,128.189312,37.86589,5461.202184000001,-178.793,34.774,146.448,0.739657776796983
90.9833,128.189325,37.865874,5463.4022304,-178.792,34.487,146.442,0.739657776796983
91.0,128.189338,37.865858,5465.593132800001,-178.792,34.204,146.436,0.739657776796983
91.0166,128.189351,37.865843,5467.7751960000005,-178.792,33.924,146.429,0.739657776796983
91.0333,128.189364,37.865827,5469.948420000001,-178.791,33.648,146.423,0.739657776796983
91.05,128.189377,37.865811,5472.1121952,-178.791,33.375,146.417,0.739657776796983
91.0666,128.18939,37.865795,5474.2668264,-178.79,33.105,146.412,0.739657776796983
91.0833,128.189403,37.86578,5476.412618400001,-178.789,32.837,146.406,0.739657776796983
91.1,128.189416,37.865764,5478.5489615999995,-178.788,32.573,146.4,0.739657776796983
91.1166,128.189429,37.865748,5480.676160800001,-178.788,32.311,146.394,0.739657776796983
91.1333,128.189443,37.865732,5482.794215999999,-178.787,32.051,146.389,0.739657776796983
91.15,128.189456,37.865716,5484.9031272,-178.786,31.794,146.383,0.739657776796983
91.1666,128.189469,37.8657,5487.0022848,-178.785,31.539,146.378,0.739657776796983
91.1833,128.189482,37.865684,5489.0926032,-178.783,31.286,146.372,0.739657776796983
91.2,128.189496,37.865668,5491.173168,-178.782,31.036,146.367,0.739657776796983
91.2166,128.189509,37.865652,5493.2445888,-178.781,30.787,146.362,0.739657776796983
91.2333,128.189522,37.865635,5495.306560800001,-178.78,30.54,146.356,0.739657776796983
91.25,128.189536,37.865619,5497.359084000001,-178.779,30.295,146.351,0.739657776796983
91.2666,128.189549,37.865603,5499.4021584,-178.777,30.052,146.346,0.739657776796983
91.2833,128.189563,37.865587,5501.4354792,-178.776,29.81,146.341,0.739657776796983
91.3,128.189576,37.865571,5503.459656000001,-178.775,29.57,146.336,0.739657776796983
91.3166,128.18959,37.865554,5505.474384000001,-178.773,29.331,146.331,0.739657776796983
91.3333,128.189603,37.865538,5507.4793584,-178.772,29.094,146.326,0.739657776796983
91.35,128.189617,37.865521,5509.474884000001,-178.77,28.859,146.321,0.739657776796983
91.3666,128.189631,37.865505,5511.460656,-178.769,28.624,146.316,0.739657776796983
91.3833,128.189644,37.865489,5513.437284000001,-178.768,28.391,146.311,0.739657776796983
91.4,128.189658,37.865472,5515.4038536,-178.766,28.159,146.306,0.739657776796983
91.4166,128.189672,37.865455,5517.3612792,-178.765,27.928,146.301,0.739657776796983
91.4333,128.189686,37.865439,5519.308646400001,-178.763,27.699,146.296,0.739657776796983
91.45,128.189699,37.865422,5521.246564800001,-178.762,27.47,146.291,0.739657776796983
91.4666,128.189713,37.865406,5523.1750344,-178.76,27.243,146.286,0.739657776796983
91.4833,128.189727,37.865389,5525.0934456,-178.759,27.016,146.281,0.739657776796983
91.5,128.189741,37.865372,5527.0027128,-178.757,26.791,146.277,0.739657776796983
91.5166,128.189755,37.865356,5528.9019216,-178.755,26.566,146.272,0.739657776796983
91.5333,128.189769,37.865339,5530.7913768,-178.754,26.342,146.267,0.739657776796983
91.55,128.189783,37.865322,5532.6713832000005,-178.752,26.119,146.262,0.739657776796983
91.5666,128.189797,37.865305,5534.541636,-178.751,25.897,146.257,0.739657776796983
91.5833,128.189811,37.865288,5536.4021352,-178.749,25.676,146.253,0.739657776796983
91.6,128.189825,37.865272,5538.2528808,-178.748,25.455,146.248,0.739657776796983
91.6166,128.189839,37.865255,5540.0938728,-178.746,25.235,146.243,0.739657776796983
91.6333,128.189853,37.865238,5541.925416,-178.744,25.016,146.239,0.739657776796983
91.65,128.189867,37.865221,5543.746900800001,-178.743,24.797,146.234,0.739657776796983
91.6666,128.189881,37.865204,5545.558632,-178.741,24.579,146.229,0.739657776796983
91.6833,128.189896,37.865187,5547.3609144,-178.74,24.362,146.225,0.739657776796983
91.7,128.18991,37.86517,5549.153138400001,-178.738,24.145,146.22,0.739657776796983
91.7166,128.189924,37.865153,5550.9356088,-178.736,23.928,146.215,0.739657776796983
91.7333,128.189938,37.865135,5552.7110688,-178.735,23.719,146.211,0.739657776796983
91.75,128.189953,37.865118,5554.4767752,-178.733,23.522,146.207,0.739657776796983
91.7666,128.189967,37.865101,5556.2336424000005,-178.731,23.341,146.203,0.739657776796983
91.7833,128.189981,37.865084,5557.98228,-178.729,23.183,146.2,0.739657776796983
91.8,128.189996,37.865066,5559.722078400001,-178.726,23.051,146.197,0.739657776796983
91.8166,128.19001,37.865049,5561.453342400001,-178.724,22.946,146.195,0.739657776796983
91.8333,128.190025,37.865032,5563.1763768,-178.721,22.866,146.194,0.739657776796983
91.85,128.190039,37.865014,5564.8908768,-178.718,22.81,146.193,0.739657776796983
91.8666,128.190054,37.864997,5566.597147200001,-178.714,22.775,146.193,0.739657776796983
91.8833,128.190069,37.864979,5568.295492800001,-178.711,22.758,146.193,0.739657776796983
91.9,128.190083,37.864962,5569.985304,-178.707,22.757,146.193,0.739657776796983
91.9166,128.190098,37.864944,5571.6674952,-178.704,22.77,146.194,0.739657776796983
91.9333,128.190113,37.864927,5573.3417616,-178.7,22.796,146.195,0.739657776796983
91.95,128.190127,37.864909,5575.0081032,-178.696,22.834,146.197,0.739657776796983
91.9666,128.190142,37.864891,5576.666520000001,-178.692,22.881,146.198,0.739657776796983
91.9833,128.190157,37.864874,5578.3176216,-178.688,22.936,146.2,0.739657776796983
92.0,128.190172,37.864856,5579.961408,-178.684,23.0,146.202,0.739657776796983
92.0166,128.190187,37.864838,5581.597574400001,-178.68,23.069,146.205,0.739657776796983
92.0333,128.190202,37.86482,5583.2267304,-178.676,23.145,146.207,0.739657776796983
92.05,128.190216,37.864802,5584.8485712,-178.672,23.225,146.21,0.739657776796983
92.0666,128.190231,37.864785,5586.463401600001,-178.668,23.31,146.212,0.739657776796983
92.0833,128.190246,37.864767,5588.0712216,-178.663,23.398,146.215,0.739657776796983
92.1,128.190261,37.864749,5589.6726408,-178.659,23.49,146.218,0.739657776796983
92.1166,128.190276,37.864731,5591.2670496,-178.655,23.584,146.221,0.739657776796983
92.1333,128.190292,37.864713,5592.8550576,-178.651,23.681,146.224,0.739657776796983
92.15,128.190307,37.864695,5594.4366648000005,-178.646,23.779,146.227,0.739657776796983
92.1666,128.190322,37.864677,5596.0118712,-178.642,23.879,146.23,0.739657776796983
92.1833,128.190337,37.864658,5597.5806768,-178.638,23.98,146.233,0.739657776796983
92.2,128.190352,37.86464,5599.1436912,-178.634,24.082,146.236,0.739657776796983
92.2166,128.190367,37.864622,5600.7006096000005,-178.629,24.184,146.239,0.739657776796983
92.2333,128.190383,37.864604,5602.251432,-178.625,24.285,146.243,0.739657776796983
92.25,128.190398,37.864586,5603.7964632,-178.621,24.386,146.246,0.739657776796983
92.2666,128.190413,37.864568,5605.3357032,-178.617,24.487,146.249,0.739657776796983
92.2833,128.190428,37.864549,5606.869456800001,-178.613,24.587,146.252,0.739657776796983
92.3,128.190444,37.864531,5608.3974192000005,-178.609,24.686,146.255,0.739657776796983
92.3166,128.190459,37.864513,5609.9202000000005,-178.604,24.784,146.259,0.739657776796983
92.3333,128.190475,37.864494,5611.4374944,-178.6,24.881,146.262,0.739657776796983
92.35,128.19049,37.864476,5612.9496072,-178.596,24.976,146.265,0.739657776796983
92.3666,128.190505,37.864457,5614.456538400001,-178.592,25.07,146.268,0.739657776796983
92.3833,128.190521,37.864439,5615.958288000001,-178.588,25.162,146.271,0.739657776796983
92.4,128.190536,37.864421,5617.455160800001,-178.584,25.253,146.274,0.739657776796983
92.4166,128.190552,37.864402,5618.947156800001,-178.581,25.342,146.277,0.739657776796983
92.4333,128.190567,37.864384,5620.434276,-178.577,25.43,146.28,0.739657776796983
92.45,128.190583,37.864365,5621.9165184,-178.573,25.516,146.283,0.739657776796983
92.4666,128.190598,37.864346,5623.3941888,-178.569,25.6,146.286,0.739657776796983
92.4833,128.190614,37.864328,5624.867287200001,-178.565,25.683,146.289,0.739657776796983
92.5,128.19063,37.864309,5626.3361184000005,-178.562,25.763,146.292,0.739657776796983
92.5166,128.190645,37.864291,5627.8003776000005,-178.558,25.842,146.295,0.739657776796983
92.5333,128.190661,37.864272,5629.260064800001,-178.554,25.919,146.298,0.739657776796983
92.55,128.190677,37.864253,5630.7157896,-178.55,25.995,146.3,0.739657776796983
92.5666,128.190692,37.864235,5632.167247200001,-178.547,26.069,146.303,0.739657776796983
92.5833,128.190708,37.864216,5633.614742400001,-178.543,26.141,146.306,0.739657776796983
92.6,128.190724,37.864197,5635.057970400001,-178.54,26.211,146.309,0.739657776796983
92.6166,128.190739,37.864178,5636.497236,-178.536,26.28,146.311,0.739657776796983
92.6333,128.190755,37.86416,5637.9325392,-178.533,26.347,146.314,0.739657776796983
92.65,128.190771,37.864141,5639.3641848,-178.529,26.413,146.316,0.739657776796983
92.6666,128.190787,37.864122,5640.791868,-178.526,26.477,146.319,0.739657776796983
92.6833,128.190803,37.864103,5642.2158936,-178.522,26.54,146.322,0.739657776796983
92.7,128.190818,37.864084,5643.6362616,-178.519,26.601,146.324,0.739657776796983
92.7166,128.190834,37.864065,5645.052972,-178.516,26.661,146.327,0.739657776796983
92.7333,128.19085,37.864046,5646.4663296,-178.512,26.719,146.329,0.739657776796983
92.75,128.190866,37.864028,5647.8760296,-178.509,26.776,146.331,0.739657776796983
92.7666,128.190882,37.864009,5649.2823768,-178.506,26.832,146.334,0.739657776796983
92.7833,128.190898,37.86399,5650.685066399999,-178.503,26.886,146.336,0.739657776796983
92.8,128.190914,37.863971,5652.084708,-178.5,26.939,146.339,0.739657776796983
92.8166,128.19093,37.863952,5653.480996800001,-178.496,26.991,146.341,0.739657776796983
92.8333,128.190946,37.863933,5654.874237600001,-178.493,27.041,146.343,0.739657776796983
92.85,128.190962,37.863914,5656.2641256,-178.49,27.091,146.345,0.739657776796983
92.8666,128.190978,37.863894,5657.650965600001,-178.487,27.139,146.348,0.739657776796983
92.8833,128.190994,37.863875,5659.0347576,-178.484,27.186,146.35,0.739657776796983
92.9,128.19101,37.863856,5660.4155016,-178.481,27.231,146.352,0.739657776796983
92.9166,128.191026,37.863837,5661.7935024,-178.478,27.276,146.354,0.739657776796983
92.9333,128.191042,37.863818,5663.168455200001,-178.475,27.319,146.357,0.739657776796983
92.95,128.191058,37.863799,5664.540360000001,-178.472,27.362,146.359,0.739657776796983
92.9666,128.191074,37.86378,5665.9095216,-178.469,27.403,146.361,0.739657776796983
92.9833,128.19109,37.863761,5667.2762448,-178.467,27.443,146.363,0.739657776796983
93.0,128.191106,37.863741,5668.6399200000005,-178.464,27.483,146.365,0.739657776796983
93.0166,128.191123,37.863722,5670.000852000001,-178.461,27.521,146.367,0.739657776796983
93.0333,128.191139,37.863703,5671.3593456,-178.458,27.558,146.369,0.739657776796983
93.05,128.191155,37.863684,5672.715096000001,-178.455,27.595,146.371,0.739657776796983
93.0666,128.191171,37.863664,5674.068408,-178.453,27.63,146.373,0.739657776796983
93.0833,128.191187,37.863645,5675.4192816,-178.45,27.665,146.375,0.739657776796983
93.1,128.191203,37.863626,5676.7677168,-178.447,27.698,146.377,0.739657776796983
93.1166,128.19122,37.863606,5678.1134088,-178.445,27.731,146.379,0.739657776796983
93.1333,128.191236,37.863587,5679.4569672,-178.442,27.763,146.381,0.739657776796983
93.15,128.191252,37.863568,5680.798087200001,-178.44,27.794,146.383,0.739657776796983
93.1666,128.191268,37.863548,5682.137073600001,-178.437,27.824,146.385,0.739657776796983
93.1833,128.191285,37.863529,5683.4736216,-178.435,27.854,146.387,0.739657776796983
93.2,128.191301,37.86351,5684.8077312000005,-178.432,27.883,146.389,0.739657776796983
93.2166,128.191317,37.86349,5686.140012,-178.43,27.911,146.39,0.739657776796983
93.2333,128.191334,37.863471,5687.4698544,-178.427,27.939,146.392,0.739657776796983
93.25,128.19135,37.863451,5688.7975632,-178.425,27.966,146.394,0.739657776796983
93.2666,128.191366,37.863432,5690.1234432,-178.422,27.993,146.396,0.739657776796983
93.2833,128.191383,37.863412,5691.4471896,-178.42,28.019,146.398,0.739657776796983
93.3,128.191399,37.863393,5692.7688024,-178.418,28.044,146.4,0.739657776796983
93.3166,128.191415,37.863373,5694.0882816,-178.415,28.07,146.402,0.739657776796983
93.3333,128.191432,37.863354,5695.4062368,-178.413,28.094,146.403,0.739657776796983
93.35,128.191448,37.863334,5696.7217536,-178.411,28.118,146.405,0.739657776796983
93.3666,128.191465,37.863315,5698.035746400001,-178.408,28.142,146.407,0.739657776796983
93.3833,128.191481,37.863295,5699.347910400001,-178.406,28.165,146.409,0.739657776796983
93.4,128.191497,37.863276,5700.657940800001,-178.404,28.188,146.411,0.739657776796983
93.4166,128.191514,37.863256,5701.9664472,-178.402,28.211,146.413,0.739657776796983
93.4333,128.19153,37.863237,5703.272820000001,-178.399,28.233,146.414,0.739657776796983
93.45,128.191547,37.863217,5704.5776688000005,-178.397,28.255,146.416,0.739657776796983
93.4666,128.191563,37.863197,5705.8809936,-178.395,28.276,146.418,0.739657776796983
93.4833,128.19158,37.863178,5707.1824896,-178.393,28.297,146.42,0.739657776796983
93.5,128.191596,37.863158,5708.482156800001,-178.391,28.318,146.422,0.739657776796983
93.5166,128.191613,37.863139,5709.7806048,-178.389,28.339,146.423,0.739657776796983
93.5333,128.191629,37.863119,5711.076919200001,-178.387,28.359,146.425,0.739657776796983
93.55,128.191646,37.863099,5712.372014400001,-178.385,28.379,146.427,0.739657776796983
93.5666,128.191662,37.86308,5713.6655856,-178.383,28.399,146.429,0.739657776796983
93.5833,128.191679,37.86306,5714.9576328,-178.381,28.418,146.431,0.739657776796983
93.6,128.191695,37.86304,5716.248156000001,-178.379,28.437,146.432,0.739657776796983
93.6166,128.191712,37.86302,5717.537155200001,-178.377,28.456,146.434,0.739657776796983
93.6333,128.191729,37.863001,5718.8246304,-178.375,28.475,146.436,0.739657776796983
93.65,128.191745,37.862981,5720.110886400001,-178.373,28.493,146.438,0.739657776796983
93.6666,128.191762,37.862961,5721.395618400001,-178.371,28.511,146.44,0.739657776796983
93.6833,128.191778,37.862941,5722.6791312000005,-178.369,28.529,146.441,0.739657776796983
93.7,128.191795,37.862922,5723.961120000001,-178.367,28.547,146.443,0.739657776796983
93.7166,128.191812,37.862902,5725.2418896,-178.365,28.564,146.445,0.739657776796983
93.7333,128.191828,37.862882,5726.52144,-178.363,28.581,146.447,0.739657776796983
93.75,128.191845,37.862862,5727.7994664,-178.362,28.598,146.449,0.739657776796983
93.7666,128.191862,37.862842,5729.0765784000005,-178.36,28.615,146.45,0.739657776796983
93.7833,128.191878,37.862823,5730.3521664,-178.358,28.632,146.452,0.739657776796983
93.8,128.191895,37.862803,5731.62684,-178.356,28.648,146.454,0.739657776796983
93.8166,128.191911,37.862783,5732.9002944,-178.355,28.665,146.456,0.739657776796983
93.8333,128.191928,37.862763,5734.1725295999995,-178.353,28.681,146.458,0.739657776796983
93.85,128.191945,37.862743,5735.4435456,-178.351,28.697,146.459,0.739657776796983
93.8666,128.191962,37.862723,5736.7133424,-178.35,28.713,146.461,0.739657776796983
93.8833,128.191978,37.862703,5737.9825296,-178.348,28.728,146.463,0.739657776796983
93.9,128.191995,37.862683,5739.250192800001,-178.346,28.744,146.465,0.739657776796983
93.9166,128.192012,37.862664,5740.516941600001,-178.345,28.759,146.467,0.739657776796983
93.9333,128.192028,37.862644,5741.782776,-178.343,28.774,146.468,0.739657776796983
93.95,128.192045,37.862624,5743.047391200001,-178.342,28.789,146.47,0.739657776796983
93.9666,128.192062,37.862604,5744.311396800001,-178.34,28.804,146.472,0.739657776796983
93.9833,128.192079,37.862584,5745.5741832,-178.338,28.818,146.474,0.739657776796983
94.0,128.192095,37.862564,5746.8360552,-178.337,28.833,146.476,0.739657776796983
94.0166,128.192112,37.862544,5748.096708,-178.335,28.847,146.477,0.739657776796983
94.0333,128.192129,37.862524,5749.356751200001,-178.334,28.862,146.479,0.739657776796983
94.05,128.192146,37.862504,5750.61588,-178.333,28.876,146.481,0.739657776796983
94.0666,128.192163,37.862484,5751.8740944,-178.331,28.89,146.483,0.739657776796983
94.0833,128.192179,37.862464,5753.1316992,-178.33,28.904,146.485,0.739657776796983
94.1,128.192196,37.862444,5754.3880848,-178.328,28.918,146.487,0.739657776796983
94.1166,128.192213,37.862424,5755.643860800001,-178.327,28.931,146.488,0.739657776796983
94.1333,128.19223,37.862404,5756.8990272,-178.326,28.945,146.49,0.739657776796983
94.15,128.192247,37.862384,5758.152974400001,-178.324,28.958,146.492,0.739657776796983
94.1666,128.192263,37.862364,5759.406312,-178.323,28.972,146.494,0.739657776796983
94.1833,128.19228,37.862344,5760.6590400000005,-178.322,28.985,146.496,0.739657776796983
94.2,128.192297,37.862324,5761.9111584,-178.32,28.998,146.498,0.739657776796983
94.2166,128.192314,37.862304,5763.1623624,-178.319,29.011,146.499,0.739657776796983
94.2333,128.192331,37.862283,5764.412652000001,-178.318,29.024,146.501,0.739657776796983
94.25,128.192348,37.862263,5765.662636800001,-178.317,29.037,146.503,0.739657776796983
94.2666,128.192365,37.862243,5766.9117072,-178.315,29.05,146.505,0.739657776796983
94.2833,128.192381,37.862223,5768.160168,-178.314,29.062,146.507,0.739657776796983
94.3,128.192398,37.862203,5769.4080192,-178.313,29.075,146.508,0.739657776796983
94.3166,128.192415,37.862183,5770.655260800001,-178.312,29.087,146.51,0.739657776796983
94.3333,128.192432,37.862163,5771.9021976,-178.311,29.1,146.512,0.739657776796983
94.35,128.192449,37.862143,5773.148220000001,-178.31,29.112,146.514,0.739657776796983
94.3666,128.192466,37.862122,5774.393632800001,-178.309,29.124,146.516,0.739657776796983
94.3833,128.192483,37.862102,5775.638436,-178.308,29.136,146.518,0.739657776796983
94.4,128.1925,37.862082,5776.8829344,-178.306,29.149,146.519,0.739657776796983
94.4166,128.192517,37.862062,5778.1268232,-178.305,29.161,146.521,0.739657776796983
94.4333,128.192534,37.862042,5779.3701024,-178.304,29.172,146.523,0.739657776796983
94.45,128.192551,37.862022,5780.6130768,-178.303,29.184,146.525,0.739657776796983
94.4666,128.192568,37.862001,5781.855441600001,-178.302,29.196,146.527,0.739657776796983
94.4833,128.192584,37.861981,5783.0971968,-178.301,29.208,146.529,0.739657776796983
94.5,128.192601,37.861961,5784.338647200001,-178.3,29.22,146.531,0.739657776796983
94.5166,128.192618,37.861941,5785.579792800001,-178.299,29.231,146.532,0.739657776796983
94.5333,128.192635,37.86192,5786.8203288,-178.299,29.243,146.534,0.739657776796983
94.55,128.192652,37.8619,5788.0602552,-178.298,29.254,146.536,0.739657776796983
94.5666,128.192669,37.86188,5789.3001816000005,-178.297,29.266,146.538,0.739657776796983
94.5833,128.192686,37.86186,5790.5394983999995,-178.296,29.277,146.54,0.739657776796983
94.6,128.192703,37.861839,5791.7785104,-178.295,29.288,146.542,0.739657776796983
94.6166,128.19272,37.861819,5793.0169128,-178.294,29.3,146.543,0.739657776796983
94.6333,128.192737,37.861799,5794.2550104,-178.293,29.311,146.545,0.739657776796983
94.65,128.192754,37.861779,5795.493108,-178.292,29.322,146.547,0.739657776796983
94.6666,128.192771,37.861758,5796.730596,-178.292,29.333,146.549,0.739657776796983
94.6833,128.192788,37.861738,5797.967779200001,-178.291,29.344,146.551,0.739657776796983
94.7,128.192805,37.861718,5799.2046576,-178.29,29.355,146.553,0.739657776796983
94.7166,128.192822,37.861697,5800.4412312,-178.289,29.366,146.555,0.739657776796983
94.7333,128.192839,37.861677,5801.677500000001,-178.289,29.377,146.556,0.739657776796983
94.75,128.192856,37.861657,5802.9137688,-178.288,29.388,146.558,0.739657776796983
94.7666,128.192874,37.861636,5804.149428000001,-178.287,29.399,146.56,0.739657776796983
94.7833,128.192891,37.861616,5805.3850872,-178.286,29.409,146.562,0.739657776796983
94.8,128.192908,37.861596,5806.6204416,-178.286,29.42,146.564,0.739657776796983
94.8166,128.192925,37.861575,5807.8554912,-178.285,29.431,146.566,0.739657776796983
94.8333,128.192942,37.861555,5809.090236,-178.284,29.441,146.567,0.739657776796983
94.85,128.192959,37.861535,5810.3249808,-178.284,29.452,146.569,0.739657776796983
94.8666,128.192976,37.861514,5811.5594208,-178.283,29.463,146.571,0.739657776796983
94.8833,128.192993,37.861494,5812.7935560000005,-178.283,29.473,146.573,0.739657776796983
94.9,128.19301,37.861473,5814.0276912,-178.282,29.484,146.575,0.739657776796983
94.9166,128.193027,37.861453,5815.2615216,-178.281,29.494,146.577,0.739657776796983
94.9333,128.193044,37.861433,5816.495352000001,-178.281,29.505,146.579,0.739657776796983
94.95,128.193061,37.861412,5817.7288776000005,-178.28,29.515,146.58,0.739657776796983
94.9666,128.193078,37.861392,5818.9624032,-178.28,29.525,146.582,0.739657776796983
94.9833,128.193096,37.861371,5820.195624000001,-178.279,29.536,146.584,0.739657776796983
95.0,128.193113,37.861351,5821.4288448,-178.279,29.546,146.586,0.739657776796983
95.0166,128.19313,37.861331,5822.6620656000005,-178.278,29.556,146.588,0.739657776796983
95.0333,128.193147,37.86131,5823.8949816,-178.278,29.566,146.59,0.739657776796983
95.05,128.193164,37.86129,5825.1282024,-178.277,29.577,146.592,0.739657776796983
95.0666,128.193181,37.861269,5826.3611184,-178.277,29.587,146.593,0.739657776796983
95.0833,128.193198,37.861249,5827.5940344,-178.276,29.597,146.595,0.739657776796983
95.1,128.193215,37.861228,5828.8269504,-178.276,29.607,146.597,0.739657776796983
95.1166,128.193233,37.861208,5830.0595616,-178.275,29.617,146.599,0.739657776796983
95.1333,128.19325,37.861187,5831.2924776,-178.275,29.627,146.601,0.739657776796983
95.15,128.193267,37.861167,5832.5253936,-178.274,29.637,146.603,0.739657776796983
95.1666,128.193284,37.861146,5833.7580048,-178.274,29.647,146.605,0.739657776796983
95.1833,128.193301,37.861126,5834.9909208,-178.273,29.657,146.606,0.739657776796983
95.2,128.193318,37.861105,5836.223836800001,-178.273,29.666,146.608,0.739657776796983
95.2166,128.193336,37.861085,5837.4567528,-178.273,29.676,146.61,0.739657776796983
95.2333,128.193353,37.861064,5838.689668800001,-178.272,29.686,146.612,0.739657776796983
95.25,128.19337,37.861044,5839.9228896,-178.272,29.696,146.614,0.739657776796983
95.2666,128.193387,37.861023,5841.1561104,-178.272,29.706,146.616,0.739657776796983
95.2833,128.193404,37.861003,5842.3893312,-178.271,29.715,146.617,0.739657776796983
95.3,128.193421,37.860982,5843.622552000001,-178.271,29.725,146.619,0.739657776796983
95.3166,128.193439,37.860962,5844.8557728000005,-178.271,29.734,146.621,0.739657776796983
95.3333,128.193456,37.860941,5846.086250400001,-178.31,29.738,146.626,0.739657776796983
95.35,128.193473,37.860921,5847.315204,-178.388,29.732,146.633,0.739657776796983
95.3666,128.19349,37.8609,5848.541414400001,-178.506,29.71,146.642,0.739657776796983
95.3833,128.193507,37.86088,5849.7645768,-178.662,29.668,146.653,0.739657776796983
95.4,128.193524,37.860859,5850.9837768,-178.857,29.602,146.664,0.739657776796983
95.4166,128.193542,37.860839,5852.1987096,-179.09,29.506,146.676,0.739657776796983
95.4333,128.193559,37.860818,5853.4084608,-179.36,29.378,146.689,0.739657776796983
95.45,128.193576,37.860798,5854.6124208,-179.668,29.212,146.703,0.739657776796983
95.4666,128.193593,37.860777,5855.8105896,179.986,29.013,146.718,0.739657776796983
95.4833,128.19361,37.860757,5857.003272,179.606,28.784,146.733,0.739657776796983
95.5,128.193628,37.860736,5858.190468000001,179.19,28.528,146.75,0.739657776796983
95.5166,128.193645,37.860715,5859.371263200001,178.74,28.247,146.769,0.739657776796983
95.5333,128.193662,37.860695,5860.546572,178.256,27.945,146.789,0.739657776796983
95.55,128.193679,37.860674,5861.71548,177.739,27.623,146.811,0.739657776796983
95.5666,128.193696,37.860654,5862.8779872000005,177.19,27.282,146.836,0.739657776796983
95.5833,128.193714,37.860633,5864.0343984,176.61,26.924,146.864,0.739657776796983
95.6,128.193731,37.860613,5865.184104,176.0,26.551,146.895,0.739657776796983
95.6166,128.193748,37.860592,5866.3274088,175.362,26.163,146.929,0.739657776796983
95.6333,128.193765,37.860572,5867.4637032,174.696,25.761,146.967,0.739657776796983
95.65,128.193782,37.860551,5868.5932920000005,174.004,25.346,147.009,0.739657776796983
95.6666,128.1938,37.86053,5869.7155656,173.287,24.92,147.055,0.739657776796983
95.6833,128.193817,37.86051,5870.830524000001,172.546,24.482,147.106,0.739657776796983
95.7,128.193834,37.860489,5871.9381672,171.783,24.034,147.163,0.739657776796983
95.7166,128.193851,37.860469,5873.0384952,170.998,23.576,147.224,0.739657776796983
95.7333,128.193868,37.860448,5874.1305936,170.193,23.109,147.292,0.739657776796983
95.75,128.193886,37.860427,5875.215072,169.369,22.633,147.366,0.739657776796983
95.7666,128.193903,37.860407,5876.2916256,168.527,22.149,147.447,0.739657776796983
95.7833,128.19392,37.860386,5877.3596448,167.668,21.658,147.535,0.739657776796983
95.8,128.193937,37.860365,5878.4194344,166.794,21.159,147.629,0.739657776796983
95.8166,128.193954,37.860344,5879.4706896,165.905,20.654,147.732,0.739657776796983
95.8333,128.193972,37.860324,5880.513410400001,165.003,20.143,147.843,0.739657776796983
95.85,128.193989,37.860303,5881.5469872,164.088,19.627,147.961,0.739657776796983
95.8666,128.194006,37.860282,5882.571724800001,163.161,19.107,148.088,0.739657776796983
95.8833,128.194023,37.860261,5883.5873184,162.221,18.587,148.223,0.739657776796983
95.9,128.19404,37.860241,5884.5934632,161.269,18.066,148.365,0.739657776796983
95.9166,128.194057,37.86022,5885.590464000001,160.306,17.548,148.514,0.739657776796983
95.9333,128.194075,37.860199,5886.581064,159.406,17.037,148.665,0.739657776796983
95.95,128.194092,37.860178,5887.5634344,158.57,16.536,148.814,0.739657776796983
95.9666,128.194109,37.860157,5888.5384896,157.794,16.053,148.961,0.739657776796983
95.9833,128.194126,37.860136,5889.5065343999995,157.077,15.591,149.103,0.739657776796983
96.0,128.194143,37.860115,5890.4681784,156.415,15.156,149.239,0.739657776796983
96.0166,128.19416,37.860094,5891.4237264,155.804,14.752,149.366,0.739657776796983
96.0333,128.194178,37.860073,5892.373483200001,155.241,14.382,149.484,0.739657776796983
96.05,128.194195,37.860052,5893.3177536,154.723,14.048,149.59,0.739657776796983
96.0666,128.194212,37.860031,5894.257147200001,154.246,13.753,149.684,0.739657776796983
96.0833,128.194229,37.860009,5895.191664,153.809,13.494,149.766,0.739657776796983
96.1,128.194246,37.859988,5896.122218400001,153.408,13.268,149.836,0.739657776796983
96.1166,128.194263,37.859967,5897.048505600001,153.04,13.074,149.895,0.739657776796983
96.1333,128.194281,37.859946,5897.97144,152.704,12.91,149.944,0.739657776796983
96.15,128.194298,37.859925,5898.889497600001,152.397,12.774,149.983,0.739657776796983
96.1666,128.194315,37.859903,5899.803288000001,152.117,12.661,150.013,0.739657776796983
96.1833,128.194332,37.859882,5900.712811200001,151.863,12.57,150.036,0.739657776796983
96.2,128.194349,37.859861,5901.6177624,151.631,12.498,150.052,0.739657776796983
96.2166,128.194366,37.859839,5902.5181416000005,151.42,12.443,150.062,0.739657776796983
96.2333,128.194384,37.859818,5903.413644,151.23,12.402,150.067,0.739657776796983
96.25,128.194401,37.859797,5904.304879200001,151.057,12.374,150.068,0.739657776796983
96.2666,128.194418,37.859775,5905.191237600001,150.9,12.358,150.065,0.739657776796983
96.2833,128.194435,37.859754,5906.073024,150.759,12.351,150.058,0.739657776796983
96.3,128.194453,37.859732,5906.950238400001,150.631,12.352,150.049,0.739657776796983
96.3166,128.19447,37.859711,5907.822576,150.515,12.361,150.037,0.739657776796983
96.3333,128.194487,37.859689,5908.6903416000005,150.411,12.377,150.023,0.739657776796983
96.35,128.194504,37.859668,5909.5532304,150.318,12.398,150.007,0.739657776796983
96.3666,128.194521,37.859646,5910.411852000001,150.233,12.423,149.989,0.739657776796983
96.3833,128.194539,37.859624,5911.265596800001,150.157,12.453,149.971,0.739657776796983
96.4,128.194556,37.859603,5912.115074400001,150.088,12.486,149.951,0.739657776796983
96.4166,128.194573,37.859581,5912.9596752,150.025,12.521,149.93,0.739657776796983
96.4333,128.19459,37.859559,5913.8000088,149.969,12.56,149.908,0.739657776796983
96.45,128.194608,37.859538,5914.635770400001,149.918,12.6,149.886,0.739657776796983
96.4666,128.194625,37.859516,5915.4672648000005,149.872,12.641,149.863,0.739657776796983
96.4833,128.194642,37.859494,5916.2941872,149.83,12.684,149.839,0.739657776796983
96.5,128.194659,37.859472,5917.116842400001,149.792,12.728,149.816,0.739657776796983
96.5166,128.194677,37.859451,5917.9352304,149.757,12.773,149.792,0.739657776796983
96.5333,128.194694,37.859429,5918.749656000001,149.764,12.812,149.768,0.739657776796983
96.55,128.194711,37.859407,5919.560728800001,149.813,12.84,149.749,0.739657776796983
96.5666,128.194728,37.859385,5920.3684488,149.903,12.855,149.736,0.739657776796983
96.5833,128.194745,37.859363,5921.1734256,150.035,12.85,149.732,0.739657776796983
96.6,128.194763,37.859341,5921.975964,150.209,12.823,149.739,0.739657776796983
96.6166,128.19478,37.85932,5922.775759200001,150.423,12.771,149.76,0.739657776796983
96.6333,128.194797,37.859298,5923.5737256,150.678,12.69,149.797,0.739657776796983
96.65,128.194814,37.859276,5924.3695584,150.972,12.577,149.849,0.739657776796983
96.6666,128.194832,37.859254,5925.1638672,151.306,12.432,149.919,0.739657776796983
96.6833,128.194849,37.859232,5925.9557376,151.677,12.257,150.004,0.739657776796983
96.7,128.194866,37.85921,5926.745474400001,152.085,12.055,150.101,0.739657776796983
96.7166,128.194884,37.859188,5927.5330776,152.527,11.829,150.21,0.739657776796983
96.7333,128.194901,37.859167,5928.317937600001,153.003,11.579,150.329,0.739657776796983
96.75,128.194918,37.859145,5929.1006640000005,153.511,11.31,150.456,0.739657776796983
96.7666,128.194935,37.859123,5929.880952,154.05,11.021,150.589,0.739657776796983
96.7833,128.194953,37.859101,5930.658192000001,154.618,10.716,150.728,0.739657776796983
96.8,128.19497,37.859079,5931.4326888,155.214,10.398,150.87,0.739657776796983
96.8166,128.194987,37.859057,5932.2044424000005,155.836,10.067,151.013,0.739657776796983
96.8333,128.195005,37.859035,5932.973148,156.483,9.727,151.157,0.739657776796983
96.85,128.195022,37.859013,5933.7385008,157.153,9.378,151.301,0.739657776796983
96.8666,128.195039,37.858991,5934.500500800001,157.845,9.023,151.442,0.739657776796983
96.8833,128.195057,37.858969,5935.259148,158.558,8.663,151.581,0.739657776796983
96.9,128.195074,37.858947,5936.0138328,159.289,8.299,151.717,0.739657776796983
96.9166,128.195091,37.858925,5936.765164800001,160.038,7.933,151.848,0.739657776796983
96.9333,128.195108,37.858903,5937.5125344,160.804,7.565,151.974,0.739657776796983
96.95,128.195126,37.858882,5938.2559416,161.584,7.197,152.095,0.739657776796983
96.9666,128.195143,37.85886,5938.9953864,162.377,6.829,152.21,0.739657776796983
96.9833,128.19516,37.858837,5939.730564,163.183,6.462,152.319,0.739657776796983
97.0,128.195178,37.858815,5940.461169600001,163.999,6.097,152.421,0.739657776796983
97.0166,128.195195,37.858793,5941.187508,164.825,5.735,152.516,0.739657776796983
97.0333,128.195212,37.858771,5941.909274400001,165.659,5.375,152.604,0.739657776796983
97.05,128.195229,37.858749,5942.626164,166.5,5.018,152.684,0.739657776796983
97.0666,128.195247,37.858727,5943.3384816,167.347,4.666,152.757,0.739657776796983
97.0833,128.195264,37.858705,5944.0456176,168.199,4.317,152.823,0.739657776796983
97.1,128.195281,37.858683,5944.7478768,169.053,3.972,152.881,0.739657776796983
97.1166,128.195299,37.858661,5945.445259200001,169.91,3.632,152.932,0.739657776796983
97.1333,128.195316,37.858639,5946.1371552,170.768,3.297,152.974,0.739657776796983
97.15,128.195333,37.858617,5946.823869600001,171.626,2.965,153.01,0.739657776796983
97.1666,128.19535,37.858595,5947.505097600001,172.483,2.638,153.038,0.739657776796983
97.1833,128.195368,37.858572,5948.1808392,173.337,2.316,153.059,0.739657776796983
97.2,128.195385,37.85855,5948.8510944,174.188,1.998,153.073,0.739657776796983
97.2166,128.195402,37.858528,5949.5158632,175.034,1.684,153.079,0.739657776796983
97.2333,128.195419,37.858506,5950.1748408,175.874,1.374,153.079,0.739657776796983
97.25,128.195437,37.858484,5950.8277224,176.709,1.069,153.072,0.739657776796983
97.2666,128.195454,37.858462,5951.4751176,177.535,0.768,153.058,0.739657776796983
97.2833,128.195471,37.858439,5952.1164168,178.354,0.471,153.038,0.739657776796983
97.3,128.195488,37.858417,5952.751924800001,179.163,0.179,153.011,0.739657776796983
97.3166,128.195506,37.858395,5953.381032,179.962,-0.109,152.978,0.739657776796983
97.3333,128.195523,37.858373,5954.0043479999995,-179.249,-0.393,152.938,0.739657776796983
97.35,128.19554,37.85835,5954.6215680000005,-178.472,-0.673,152.893,0.739657776796983
97.3666,128.195557,37.858328,5955.232387200001,-177.708,-0.95,152.842,0.739657776796983
97.3833,128.195575,37.858306,5955.836805600001,-176.956,-1.222,152.785,0.739657776796983
97.4,128.195592,37.858284,5956.435128,-176.218,-1.491,152.723,0.739657776796983
97.4166,128.195609,37.858261,5957.0273544,-175.494,-1.755,152.655,0.739657776796983
97.4333,128.195626,37.858239,5957.6128751999995,-174.785,-2.016,152.582,0.739657776796983
97.45,128.195643,37.858217,5958.1919952,-174.09,-2.273,152.504,0.739657776796983
97.4666,128.195661,37.858194,5958.7647144,-173.411,-2.527,152.421,0.739657776796983
97.4833,128.195678,37.858172,5959.331032800001,-172.747,-2.777,152.333,0.739657776796983
97.5,128.195695,37.85815,5959.8906456,-172.099,-3.023,152.24,0.739657776796983
97.5166,128.195712,37.858127,5960.4438576,-171.466,-3.266,152.143,0.739657776796983
97.5333,128.19573,37.858105,5960.9906688,-170.85,-3.506,152.042,0.739657776796983
97.55,128.195747,37.858083,5961.5304696,-170.249,-3.742,151.936,0.739657776796983
97.5666,128.195764,37.85806,5962.0638696000005,-169.664,-3.974,151.827,0.739657776796983
97.5833,128.195782,37.858038,5962.590564,-169.095,-4.204,151.714,0.739657776796983
97.6,128.195799,37.858016,5963.1105528,-168.541,-4.43,151.597,0.739657776796983
97.6166,128.195816,37.857993,5963.623836000001,-168.003,-4.653,151.476,0.739657776796983
97.6333,128.195833,37.857971,5964.1304136,-167.481,-4.873,151.352,0.739657776796983
97.65,128.195851,37.857949,5964.6299808,-166.974,-5.089,151.225,0.739657776796983
97.6666,128.195868,37.857926,5965.123147200001,-166.483,-5.303,151.095,0.739657776796983
97.6833,128.195885,37.857904,5965.6093032,-166.006,-5.514,150.963,0.739657776796983
97.7,128.195903,37.857881,5966.0884488,-165.544,-5.722,150.827,0.739657776796983
97.7166,128.19592,37.857859,5966.5608888,-165.097,-5.927,150.689,0.739657776796983
97.7333,128.195937,37.857837,5967.025404,-164.733,-6.13,150.553,0.739657776796983
97.75,128.195954,37.857814,5967.4819944,-164.45,-6.331,150.418,0.739657776796983
97.7666,128.195972,37.857792,5967.9297456,-164.247,-6.531,150.285,0.739657776796983
97.7833,128.195989,37.85777,5968.3683528,-164.124,-6.729,150.153,0.739657776796983
97.8,128.196007,37.857747,5968.797815999999,-164.078,-6.925,150.022,0.739657776796983
97.8166,128.196024,37.857725,5969.2172208,-164.107,-7.12,149.892,0.739657776796983
97.8333,128.196041,37.857702,5969.6262624,-164.211,-7.313,149.764,0.739657776796983
97.85,128.196059,37.85768,5970.024636,-164.385,-7.505,149.638,0.739657776796983
97.8666,128.196076,37.857658,5970.4117320000005,-164.63,-7.696,149.514,0.739657776796983
97.8833,128.196094,37.857635,5970.7872456000005,-164.941,-7.885,149.392,0.739657776796983
97.9,128.196111,37.857613,5971.1505672,-165.317,-8.073,149.272,0.739657776796983
97.9166,128.196129,37.857591,5971.501696800001,-165.755,-8.261,149.154,0.739657776796983
97.9333,128.196146,37.857568,5971.839720000001,-166.252,-8.447,149.04,0.739657776796983
97.95,128.196164,37.857546,5972.1646368,-166.806,-8.634,148.929,0.739657776796983
97.9666,128.196181,37.857524,5972.475837600001,-167.413,-8.819,148.821,0.739657776796983
97.9833,128.196199,37.857502,5972.7727128,-168.07,-9.005,148.716,0.739657776796983
98.0,128.196216,37.857479,5973.0549576,-168.775,-9.191,148.616,0.739657776796983
98.0166,128.196234,37.857457,5973.322572,-169.524,-9.377,148.519,0.739657776796983
98.0333,128.196251,37.857435,5973.575860800001,-170.315,-9.563,148.427,0.739657776796983
98.05,128.196269,37.857413,5973.8145192,-171.144,-9.749,148.34,0.739657776796983
98.0666,128.196287,37.85739,5974.038852000001,-172.008,-9.937,148.257,0.739657776796983
98.0833,128.196304,37.857368,5974.2485544,-172.904,-10.125,148.179,0.739657776796983
98.1,128.196322,37.857346,5974.4439312,-173.83,-10.314,148.107,0.739657776796983
98.1166,128.19634,37.857324,5974.624982400001,-174.783,-10.505,148.04,0.739657776796983
98.1333,128.196357,37.857302,5974.791708,-175.76,-10.697,147.979,0.739657776796983
98.15,128.196375,37.85728,5974.9438032,-176.758,-10.89,147.924,0.739657776796983
98.1666,128.196393,37.857258,5975.081877600001,-177.775,-11.084,147.875,0.739657776796983
98.1833,128.19641,37.857235,5975.2056264,-178.808,-11.28,147.832,0.739657776796983
98.2,128.196428,37.857213,5975.315354400001,-179.856,-11.477,147.796,0.739657776796983
98.2166,128.196445,37.857191,5975.410452000001,179.083,-11.676,147.767,0.739657776796983
98.2333,128.196463,37.857169,5975.491833600001,178.013,-11.876,147.744,0.739657776796983
98.25,128.196481,37.857147,5975.5591944,176.936,-12.077,147.728,0.739657776796983
98.2666,128.196498,37.857125,5975.612229599999,175.852,-12.279,147.719,0.739657776796983
98.2833,128.196516,37.857103,5975.6515488000005,174.765,-12.483,147.717,0.739657776796983
98.3,128.196533,37.857081,5975.677152000001,173.675,-12.688,147.723,0.739657776796983
98.3166,128.196551,37.857059,5975.6887344,172.583,-12.894,147.735,0.739657776796983
98.3333,128.196569,37.857037,5975.687820000001,171.565,-13.101,147.752,0.739657776796983
98.35,128.196586,37.857015,5975.6744088000005,170.618,-13.31,147.773,0.739657776796983
98.3666,128.196604,37.856993,5975.649110400001,169.744,-13.521,147.798,0.739657776796983
98.3833,128.196621,37.856971,5975.6125344,168.942,-13.732,147.827,0.739657776796983
98.4,128.196638,37.856949,5975.5649856,168.213,-13.946,147.861,0.739657776796983
98.4166,128.196656,37.856927,5975.506464,167.557,-14.161,147.9,0.739657776796983
98.4333,128.196673,37.856905,5975.4381888,166.971,-14.377,147.944,0.739657776796983
98.45,128.196691,37.856883,5975.36016,166.457,-14.594,147.993,0.739657776796983
98.4666,128.196708,37.856861,5975.272987200001,166.012,-14.812,148.046,0.739657776796983
98.4833,128.196725,37.856839,5975.176670400001,165.636,-15.031,148.103,0.739657776796983
98.5,128.196743,37.856817,5975.072124,165.328,-15.251,148.165,0.739657776796983
98.5166,128.19676,37.856795,5974.959347999999,165.086,-15.472,148.231,0.739657776796983
98.5333,128.196777,37.856773,5974.838952000001,164.91,-15.693,148.3,0.739657776796983
98.55,128.196795,37.856751,5974.7115456,164.798,-15.914,148.372,0.739657776796983
98.5666,128.196812,37.856729,5974.576824000001,164.748,-16.136,148.447,0.739657776796983
98.5833,128.196829,37.856707,5974.4357016,164.758,-16.358,148.525,0.739657776796983
98.6,128.196847,37.856685,5974.288483200001,164.828,-16.58,148.605,0.739657776796983
98.6166,128.196864,37.856663,5974.1354736,164.956,-16.802,148.686,0.739657776796983
98.6333,128.196881,37.856641,5973.9754536,165.14,-17.024,148.768,0.739657776796983
98.65,128.196899,37.856619,5973.8096424000005,165.378,-17.245,148.851,0.739657776796983
98.6666,128.196916,37.856597,5973.6371256,165.669,-17.466,148.934,0.739657776796983
98.6833,128.196933,37.856575,5973.458208,166.01,-17.686,149.017,0.739657776796983
98.7,128.19695,37.856553,5973.2731944,166.4,-17.905,149.1,0.739657776796983
98.7166,128.196968,37.856531,5973.081170400001,166.837,-18.123,149.181,0.739657776796983
98.7333,128.196985,37.856509,5972.8827456,167.318,-18.34,149.26,0.739657776796983
98.75,128.197002,37.856487,5972.677920000001,167.842,-18.556,149.338,0.739657776796983
98.7666,128.197019,37.856465,5972.4663888,168.406,-18.77,149.413,0.739657776796983
98.7833,128.197036,37.856443,5972.247847200001,169.008,-18.984,149.486,0.739657776796983
98.8,128.197054,37.856421,5972.0229048,169.647,-19.196,149.555,0.739657776796983
98.8166,128.197071,37.856399,5971.790952000001,170.318,-19.407,149.621,0.739657776796983
98.8333,128.197088,37.856377,5971.5522936,171.022,-19.616,149.684,0.739657776796983
98.85,128.197105,37.856355,5971.306929599999,171.754,-19.824,149.742,0.739657776796983
98.8666,128.197122,37.856333,5971.0545552,172.513,-20.03,149.796,0.739657776796983
98.8833,128.19714,37.856311,5970.795170400001,173.296,-20.235,149.846,0.739657776796983
98.9,128.197157,37.856289,5970.5287751999995,174.101,-20.439,149.891,0.739657776796983
98.9166,128.197174,37.856267,5970.2556744,174.925,-20.64,149.931,0.739657776796983
98.9333,128.197191,37.856245,5969.9722104,175.705,-20.839,149.969,0.739657776796983
98.95,128.197208,37.856222,5969.6808216,176.436,-21.036,150.004,0.739657776796983
98.9666,128.197225,37.8562,5969.379984000001,177.119,-21.23,150.037,0.739657776796983
98.9833,128.197242,37.856178,5969.069088000001,177.753,-21.421,150.067,0.739657776796983
99.0,128.19726,37.856156,5968.748438400001,178.34,-21.61,150.094,0.739657776796983
99.0166,128.197277,37.856134,5968.4171208,178.882,-21.798,150.117,0.739657776796983
99.0333,128.197294,37.856112,5968.0745256,179.378,-21.983,150.136,0.739657776796983
99.05,128.197311,37.85609,5967.7209576,179.832,-22.168,150.152,0.739657776796983
99.0666,128.197328,37.856068,5967.355197600001,-179.756,-22.35,150.164,0.739657776796983
99.0833,128.197345,37.856046,5966.977550400001,-179.385,-22.532,150.172,0.739657776796983
99.1,128.197362,37.856024,5966.587406400001,-179.053,-22.714,150.177,0.739657776796983
99.1166,128.197379,37.856002,5966.184156,-178.758,-22.894,150.178,0.739657776796983
99.1333,128.197397,37.85598,5965.7690184,-178.498,-23.075,150.176,0.739657776796983
99.15,128.197414,37.855958,5965.3416888,-178.272,-23.255,150.17,0.739657776796983
99.1666,128.197431,37.855936,5964.9021672,-178.078,-23.435,150.161,0.739657776796983
99.1833,128.197448,37.855914,5964.4510632,-177.914,-23.616,150.149,0.739657776796983
99.2,128.197465,37.855892,5963.988072,-177.778,-23.798,150.134,0.739657776796983
99.2166,128.197482,37.85587,5963.5134984,-177.668,-23.98,150.116,0.739657776796983
99.2333,128.197499,37.855848,5963.027342400001,-177.583,-24.162,150.096,0.739657776796983
99.25,128.197516,37.855826,5962.5299088,-177.521,-24.346,150.073,0.739657776796983
99.2666,128.197533,37.855804,5962.021197600001,-177.48,-24.531,150.049,0.739657776796983
99.2833,128.19755,37.855782,5961.5015136,-177.458,-24.716,150.022,0.739657776796983
99.3,128.197567,37.85576,5960.970552000001,-177.454,-24.903,149.994,0.739657776796983
99.3166,128.197584,37.855738,5960.4286176000005,-177.467,-25.09,149.964,0.739657776796983
99.3333,128.197601,37.855716,5959.875710400001,-177.495,-25.279,149.933,0.739657776796983
99.35,128.197618,37.855694,5959.3118304,-177.536,-25.468,149.901,0.739657776796983
99.3666,128.197635,37.855672,5958.7372824,-177.59,-25.658,149.868,0.739657776796983
99.3833,128.197652,37.85565,5958.1517616,-177.655,-25.849,149.834,0.739657776796983
99.4,128.197669,37.855628,5957.555877600001,-177.729,-26.041,149.8,0.739657776796983
99.4166,128.197686,37.855607,5956.9490208,-177.812,-26.234,149.765,0.739657776796983
99.4333,128.197703,37.855585,5956.331496000001,-177.903,-26.428,149.73,0.739657776796983
99.45,128.19772,37.855563,5955.703608,-178.0,-26.622,149.695,0.739657776796983
99.4666,128.197737,37.855541,5955.064747200001,-178.103,-26.817,149.66,0.739657776796983
99.4833,128.197754,37.855519,5954.4155232,-178.21,-27.012,149.625,0.739657776796983
99.5,128.197771,37.855497,5953.7556312,-178.322,-27.208,149.59,0.739657776796983
99.5166,128.197788,37.855475,5953.0850712,-178.436,-27.405,149.556,0.739657776796983
99.5333,128.197805,37.855453,5952.4050624,-178.594,-27.603,149.525,0.739657776796983
99.55,128.197822,37.855432,5951.7131664,-178.795,-27.802,149.496,0.739657776796983
99.5666,128.197839,37.85541,5951.009992800001,-179.036,-28.003,149.47,0.739657776796983
99.5833,128.197856,37.855388,5950.294932000001,-179.318,-28.204,149.447,0.739657776796983
99.6,128.197873,37.855366,5949.567984000001,-179.638,-28.406,149.427,0.739657776796983
99.6166,128.19789,37.855345,5948.8282344,-179.996,-28.608,149.409,0.739657776796983
99.6333,128.197907,37.855323,5948.0759880000005,179.609,-28.811,149.394,0.739657776796983
99.65,128.197924,37.855301,5947.3106352,179.181,-29.015,149.382,0.739657776796983
99.6666,128.19794,37.85528,5946.5318712,178.719,-29.219,149.373,0.739657776796983
99.6833,128.197957,37.855258,5945.7390864,178.225,-29.424,149.367,0.739657776796983
99.7,128.197974,37.855237,5944.9335,177.7,-29.629,149.364,0.739657776796983
99.7166,128.197991,37.855215,5944.1145024,177.147,-29.835,149.365,0.739657776796983
99.7333,128.198007,37.855194,5943.2820936,176.566,-30.042,149.369,0.739657776796983
99.75,128.198024,37.855172,5942.4365784,175.959,-30.249,149.377,0.739657776796983
99.7666,128.19804,37.855151,5941.577956800001,175.327,-30.458,149.389,0.739657776796983
99.7833,128.198057,37.855129,5940.706228800001,174.672,-30.667,149.405,0.739657776796983
99.8,128.198074,37.855108,5939.8216992,173.995,-30.877,149.426,0.739657776796983
99.8166,128.19809,37.855087,5938.9240632,173.298,-31.087,149.451,0.739657776796983
99.8333,128.198106,37.855066,5938.0136256,172.581,-31.299,149.48,0.739657776796983
99.85,128.198123,37.855044,5937.0903864,171.847,-31.511,149.515,0.739657776796983
99.8666,128.198139,37.855023,5936.1543456,171.096,-31.724,149.554,0.739657776796983
99.8833,128.198155,37.855002,5935.205808,170.33,-31.937,149.599,0.739657776796983
99.9,128.198172,37.854981,5934.2444688000005,169.55,-32.151,149.649,0.739657776796983
99.9166,128.198188,37.85496,5933.2706328,168.756,-32.366,149.705,0.739657776796983
99.9333,128.198204,37.854939,5932.2843,167.951,-32.581,149.766,0.739657776796983
99.95,128.19822,37.854918,5931.285470400001,167.135,-32.796,149.834,0.739657776796983
99.9666,128.198236,37.854897,5930.2744488,166.309,-33.012,149.907,0.739657776796983
99.9833,128.198252,37.854876,5929.2512352,165.474,-33.228,149.987,0.739657776796983
100.0,128.198268,37.854855,5928.2158296,164.631,-33.443,150.072,0.739657776796983
100.0166,128.198284,37.854834,5927.168232,163.781,-33.659,150.165,0.739657776796983
100.0333,128.1983,37.854813,5926.108442400001,162.924,-33.875,150.263,0.739657776796983
100.05,128.198316,37.854792,5925.037070400001,162.062,-34.09,150.368,0.739657776796983
100.0666,128.198331,37.854771,5923.953506400001,161.195,-34.306,150.48,0.739657776796983
100.0833,128.198347,37.854751,5922.85836,160.323,-34.52,150.599,0.739657776796983
100.1,128.198363,37.85473,5921.7513264,159.448,-34.734,150.725,0.739657776796983
100.1166,128.198378,37.854709,5920.633015200001,158.57,-34.948,150.857,0.739657776796983
100.1333,128.198394,37.854688,5919.504036,157.763,-35.162,150.993,0.739657776796983
100.15,128.198409,37.854668,5918.3643888,157.027,-35.376,151.131,0.739657776796983
100.1666,128.198425,37.854647,5917.214683200001,156.361,-35.591,151.272,0.739657776796983
100.1833,128.19844,37.854626,5916.0555288000005,155.765,-35.806,151.418,0.739657776796983
100.2,128.198455,37.854606,5914.8869256,155.237,-36.022,151.566,0.739657776796983
100.2166,128.19847,37.854585,5913.7094832,154.777,-36.237,151.719,0.739657776796983
100.2333,128.198486,37.854564,5912.523201600001,154.383,-36.453,151.875,0.739657776796983
100.25,128.198501,37.854544,5911.328690400001,154.054,-36.668,152.035,0.739657776796983
100.2666,128.198516,37.854523,5910.1259496,153.79,-36.883,152.199,0.739657776796983
100.2833,128.198531,37.854503,5908.915893599999,153.589,-37.098,152.365,0.739657776796983
100.3,128.198546,37.854482,5907.6979128,153.449,-37.313,152.534,0.739657776796983
100.3166,128.198561,37.854462,5906.4732264,153.37,-37.527,152.706,0.739657776796983
100.3333,128.198576,37.854441,5905.2415296,153.35,-37.741,152.879,0.739657776796983
100.35,128.198591,37.854421,5904.003432,153.387,-37.954,153.055,0.739657776796983
100.3666,128.198606,37.8544,5902.758933600001,153.48,-38.167,153.231,0.739657776796983
100.3833,128.19862,37.854379,5901.508644,153.628,-38.379,153.407,0.739657776796983
100.4,128.198635,37.854359,5900.2522584,153.828,-38.591,153.584,0.739657776796983
100.4166,128.19865,37.854338,5898.990691200001,154.08,-38.802,153.761,0.739657776796983
100.4333,128.198665,37.854318,5897.723028,154.382,-39.012,153.936,0.739657776796983
100.45,128.19868,37.854297,5896.4492688,154.732,-39.222,154.11,0.739657776796983
100.4666,128.198695,37.854277,5895.1700232,155.128,-39.431,154.281,0.739657776796983
100.4833,128.198709,37.854257,5893.884376800001,155.568,-39.638,154.45,0.739657776796983
100.5,128.198724,37.854236,5892.5929392,156.051,-39.845,154.616,0.739657776796983
100.5166,128.198739,37.854216,5891.295710400001,156.575,-40.051,154.779,0.739657776796983
100.5333,128.198753,37.854195,5889.9920808,157.137,-40.257,154.937,0.739657776796983
100.55,128.198768,37.854175,5888.6823552000005,157.736,-40.461,155.09,0.739657776796983
100.5666,128.198783,37.854154,5887.3665336,158.369,-40.664,155.239,0.739657776796983
100.5833,128.198797,37.854134,5886.044616,159.034,-40.866,155.382,0.739657776796983
100.6,128.198812,37.854113,5884.716297600001,159.729,-41.068,155.52,0.739657776796983
100.6166,128.198827,37.854093,5883.381578400001,160.452,-41.268,155.651,0.739657776796983
100.6333,128.198841,37.854073,5882.040763200001,161.201,-41.468,155.777,0.739657776796983
100.65,128.198856,37.854052,5880.693242400001,161.973,-41.667,155.895,0.739657776796983
100.6666,128.19887,37.854032,5879.3396256,162.766,-41.865,156.007,0.739657776796983
100.6833,128.198885,37.854011,5877.979608,163.578,-42.063,156.111,0.739657776796983
100.7,128.198899,37.853991,5876.6131896,164.406,-42.26,156.208,0.739657776796983
100.7166,128.198914,37.853971,5875.240065600001,165.248,-42.456,156.298,0.739657776796983
100.7333,128.198928,37.85395,5873.8605408,166.103,-42.651,156.38,0.739657776796983
100.75,128.198942,37.85393,5872.474615200001,166.967,-42.846,156.454,0.739657776796983
100.7666,128.198957,37.85391,5871.082288799999,167.838,-43.039,156.521,0.739657776796983
100.7833,128.198971,37.853889,5869.682952000001,168.715,-43.233,156.579,0.739657776796983
100.8,128.198985,37.853869,5868.277519200001,169.596,-43.425,156.63,0.739657776796983
100.8166,128.199,37.853849,5866.8653808,170.478,-43.617,156.672,0.739657776796983
100.8333,128.199014,37.853829,5865.4465368,171.361,-43.808,156.707,0.739657776796983
100.85,128.199028,37.853808,5864.021292,172.241,-43.999,156.733,0.739657776796983
100.8666,128.199042,37.853788,5862.589341600001,173.117,-44.189,156.751,0.739657776796983
100.8833,128.199057,37.853768,5861.1506856000005,173.989,-44.378,156.76,0.739657776796983
100.9,128.199071,37.853748,5859.7056288,174.854,-44.567,156.761,0.739657776796983
100.9166,128.199085,37.853728,5858.253866399999,175.71,-44.755,156.754,0.739657776796983
100.9333,128.199099,37.853708,5856.7957032,176.558,-44.943,156.739,0.739657776796983
100.95,128.199113,37.853687,5855.3308344,177.395,-45.13,156.716,0.739657776796983
100.9666,128.199127,37.853667,5853.85926,178.22,-45.317,156.684,0.739657776796983
100.9833,128.199141,37.853647,5852.38098,179.033,-45.503,156.644,0.739657776796983
101.0,128.199155,37.853627,5850.8962992,179.832,-45.689,156.596,0.739657776796983
101.0166,128.199169,37.853607,5849.404608,-179.382,-45.874,156.54,0.739657776796983
101.0333,128.199183,37.853587,5847.9068208,-178.612,-46.059,156.475,0.739657776796983
101.05,128.199197,37.853567,5846.4020232,-177.858,-46.243,156.403,0.739657776796983
101.0666,128.199211,37.853547,5844.890824800001,-177.12,-46.427,156.323,0.739657776796983
101.0833,128.199225,37.853527,5843.3729207999995,-176.398,-46.609,156.236,0.739657776796983
101.1,128.199239,37.853507,5841.848311200001,-175.693,-46.791,156.141,0.739657776796983
101.1166,128.199253,37.853487,5840.3173008,-175.005,-46.973,156.038,0.739657776796983
101.1333,128.199267,37.853467,5838.7795848,-174.334,-47.153,155.928,0.739657776796983
101.15,128.199281,37.853447,5837.2351632,-173.679,-47.333,155.81,0.739657776796983
101.1666,128.199295,37.853427,5835.6843408,-173.041,-47.512,155.685,0.739657776796983
101.1833,128.199309,37.853408,5834.1268128,-172.42,-47.689,155.554,0.739657776796983
101.2,128.199323,37.853388,5832.562579200001,-171.816,-47.866,155.416,0.739657776796983
101.2166,128.199337,37.853368,5830.9919448,-171.227,-48.042,155.271,0.739657776796983
101.2333,128.19935,37.853348,5829.4146048,-170.655,-48.217,155.12,0.739657776796983
101.25,128.199364,37.853328,5827.8308640000005,-170.099,-48.39,154.963,0.739657776796983
101.2666,128.199378,37.853309,5826.2401128,-169.558,-48.563,154.8,0.739657776796983
101.2833,128.199392,37.853289,5824.643265600001,-169.033,-48.734,154.632,0.739657776796983
101.3,128.199406,37.853269,5823.039408,-168.522,-48.904,154.459,0.739657776796983
101.3166,128.199419,37.85325,5821.4294544,-168.026,-49.073,154.28,0.739657776796983
101.3333,128.199433,37.85323,5819.811576,-167.618,-49.241,154.103,0.739657776796983
101.35,128.199447,37.85321,5818.1866872,-167.295,-49.408,153.926,0.739657776796983
101.3666,128.199461,37.853191,5816.553873600001,-167.057,-49.575,153.75,0.739657776796983
101.3833,128.199474,37.853171,5814.9131352,-166.902,-49.741,153.574,0.739657776796983
101.4,128.199488,37.853152,5813.2638624,-166.828,-49.907,153.4,0.739657776796983
101.4166,128.199502,37.853132,5811.606055200001,-166.833,-50.072,153.226,0.739657776796983
101.4333,128.199515,37.853113,5809.939104,-166.915,-50.236,153.054,0.739657776796983
101.45,128.199529,37.853094,5808.2633136,-167.072,-50.399,152.883,0.739657776796983
101.4666,128.199543,37.853074,5806.5777696000005,-167.301,-50.562,152.714,0.739657776796983
101.4833,128.199556,37.853055,5804.8827768,-167.6,-50.725,152.547,0.739657776796983
101.5,128.19957,37.853036,5803.1774208,-167.968,-50.887,152.384,0.739657776796983
101.5166,128.199584,37.853017,5801.462006400001,-168.4,-51.049,152.224,0.739657776796983
101.5333,128.199597,37.852998,5799.735619200001,-168.895,-51.211,152.067,0.739657776796983
101.55,128.199611,37.852979,5797.9988688,-169.449,-51.373,151.915,0.739657776796983
101.5666,128.199624,37.85296,5796.2508408,-170.059,-51.536,151.767,0.739657776796983
101.5833,128.199638,37.852941,5794.4912304,-170.723,-51.699,151.625,0.739657776796983
101.6,128.199651,37.852922,5792.720342400001,-171.438,-51.862,151.488,0.739657776796983
101.6166,128.199664,37.852904,5790.9372624,-172.2,-52.027,151.358,0.739657776796983
101.6333,128.199678,37.852885,5789.143209600001,-173.007,-52.192,151.234,0.739657776796983
101.65,128.199691,37.852867,5787.3375744,-173.855,-52.359,151.118,0.739657776796983
101.6666,128.199704,37.852848,5785.520356800001,-174.742,-52.527,151.009,0.739657776796983
101.6833,128.199718,37.85283,5783.6921664,-175.664,-52.697,150.908,0.739657776796983
101.7,128.199731,37.852812,5781.8523936,-176.62,-52.868,150.815,0.739657776796983
101.7166,128.199744,37.852794,5780.0013432,-177.606,-53.041,150.732,0.739657776796983
101.7333,128.199757,37.852776,5778.139320000001,-178.619,-53.216,150.659,0.739657776796983
101.75,128.19977,37.852757,5776.266324,-179.657,-53.393,150.595,0.739657776796983
101.7666,128.199783,37.85274,5774.3820504000005,179.281,-53.571,150.541,0.739657776796983
101.7833,128.199796,37.852722,5772.486804,178.2,-53.752,150.499,0.739657776796983
101.8,128.199809,37.852704,5770.5808896,177.101,-53.934,150.468,0.739657776796983
101.8166,128.199822,37.852686,5768.6640024,175.986,-54.118,150.448,0.739657776796983
101.8333,128.199835,37.852668,5766.736447200001,174.856,-54.304,150.44,0.739657776796983
101.85,128.199848,37.852651,5764.7979192,173.715,-54.491,150.445,0.739657776796983
101.8666,128.19986,37.852633,5762.8490280000005,172.563,-54.68,150.462,0.739657776796983
101.8833,128.199873,37.852616,5760.889773600001,171.402,-54.87,150.492,0.739657776796983
101.9,128.199885,37.852598,5758.9198512,170.234,-55.062,150.535,0.739657776796983
101.9166,128.199898,37.852581,5756.9398704000005,169.059,-55.255,150.592,0.739657776796983
101.9333,128.19991,37.852564,5754.950136,167.962,-55.45,150.657,0.739657776796983
101.95,128.199923,37.852547,5752.9512576,166.941,-55.646,150.729,0.739657776796983
101.9666,128.199935,37.852529,5750.9432352,165.997,-55.845,150.809,0.739657776796983
101.9833,128.199947,37.852512,5748.9263736,165.129,-56.044,150.899,0.739657776796983
102.0,128.199959,37.852495,5746.9012824,164.335,-56.246,150.998,0.739657776796983
102.0166,128.199971,37.852478,5744.867656800001,163.617,-56.449,151.107,0.739657776796983
102.0333,128.199983,37.852461,5742.826411200001,162.971,-56.653,151.226,0.739657776796983
102.05,128.199995,37.852444,5740.7775456,162.399,-56.858,151.354,0.739657776796983
102.0666,128.200007,37.852427,5738.721364800001,161.898,-57.065,151.492,0.739657776796983
102.0833,128.200019,37.852411,5736.658173600001,161.468,-57.272,151.639,0.739657776796983
102.1,128.200031,37.852394,5734.587972,161.107,-57.479,151.795,0.739657776796983
102.1166,128.200043,37.852377,5732.511369600001,160.814,-57.688,151.96,0.739657776796983
102.1333,128.200055,37.85236,5730.4280616,160.589,-57.896,152.132,0.739657776796983
102.15,128.200067,37.852343,5728.3389624,160.429,-58.105,152.311,0.739657776796983
102.1666,128.200078,37.852327,5726.2437672,160.333,-58.314,152.496,0.739657776796983
102.1833,128.20009,37.85231,5724.1427808,160.302,-58.522,152.687,0.739657776796983
102.2,128.200102,37.852293,5722.036308,160.331,-58.731,152.882,0.739657776796983
102.2166,128.200113,37.852276,5719.9246536,160.422,-58.939,153.08,0.739657776796983
102.2333,128.200125,37.85226,5717.807208,160.572,-59.146,153.282,0.739657776796983
102.25,128.200137,37.852243,5715.684276,160.779,-59.353,153.484,0.739657776796983
102.2666,128.200148,37.852226,5713.5555527999995,161.042,-59.559,153.688,0.739657776796983
102.2833,128.20016,37.85221,5711.4213432,161.361,-59.765,153.891,0.739657776796983
102.3,128.200171,37.852193,5709.2813424000005,161.732,-59.969,154.093,0.739657776796983
102.3166,128.200183,37.852177,5707.1355504,162.154,-60.172,154.293,0.739657776796983
102.3333,128.200194,37.85216,5704.984272,162.625,-60.374,154.489,0.739657776796983
102.35,128.200206,37.852144,5702.8272024,163.144,-60.574,154.681,0.739657776796983
102.3666,128.200217,37.852127,5700.664341600001,163.707,-60.774,154.868,0.739657776796983
102.3833,128.200229,37.852111,5698.4956896,164.314,-60.972,155.049,0.739657776796983
102.4,128.20024,37.852094,5696.321246400001,164.962,-61.169,155.224,0.739657776796983
102.4166,128.200251,37.852078,5694.141012,165.648,-61.365,155.391,0.739657776796983
102.4333,128.200263,37.852061,5691.9546816,166.371,-61.56,155.549,0.739657776796983
102.45,128.200274,37.852045,5689.762864800001,167.127,-61.753,155.699,0.739657776796983
102.4666,128.200285,37.852029,5687.564952000001,167.915,-61.945,155.84,0.739657776796983
102.4833,128.200297,37.852012,5685.361248,168.731,-62.136,155.97,0.739657776796983
102.5,128.200308,37.851996,5683.151448,169.573,-62.325,156.09,0.739657776796983
102.5166,128.200319,37.85198,5680.9361616,170.439,-62.514,156.198,0.739657776796983
102.5333,128.20033,37.851963,5678.7147792000005,171.326,-62.7,156.296,0.739657776796983
102.55,128.200341,37.851947,5676.4876056,172.233,-62.886,156.381,0.739657776796983
102.5666,128.200352,37.851931,5674.2546408,173.155,-63.071,156.454,0.739657776796983
102.5833,128.200363,37.851915,5672.01558,174.092,-63.254,156.515,0.739657776796983
102.6,128.200374,37.851899,5669.770728,175.041,-63.436,156.563,0.739657776796983
102.6166,128.200385,37.851883,5667.5200847999995,176.0,-63.618,156.597,0.739657776796983
102.6333,128.200396,37.851867,5665.2633456,176.967,-63.798,156.618,0.739657776796983
102.6499,128.200407,37.851851,5663.000815200001,177.939,-63.977,156.625,0.739657776796983
102.6666,128.200418,37.851835,5660.7324935999995,178.916,-64.155,156.619,0.739657776796983
102.6833,128.200429,37.851819,5658.4583808,179.894,-64.332,156.598,0.739657776796983
102.7,128.20044,37.851803,5656.178172,-179.126,-64.508,156.562,0.739657776796983
102.7166,128.200451,37.851787,5653.892476800001,-178.148,-64.684,156.512,0.739657776796983
102.7333,128.200462,37.851771,5651.6003808,-177.173,-64.858,156.447,0.739657776796983
102.75,128.200472,37.851755,5649.3027984,-176.202,-65.032,156.367,0.739657776796983
102.7666,128.200483,37.851739,5646.999424800001,-175.235,-65.204,156.271,0.739657776796983
102.7833,128.200494,37.851724,5644.6899552,-174.276,-65.376,156.16,0.739657776796983
102.8,128.200505,37.851708,5642.3749992,-173.323,-65.546,156.034,0.739657776796983
102.8166,128.200515,37.851692,5640.053947200001,-172.379,-65.716,155.893,0.739657776796983
102.8333,128.200526,37.851677,5637.7271040000005,-171.444,-65.885,155.736,0.739657776796983
102.85,128.200537,37.851661,5635.394469600001,-170.519,-66.052,155.563,0.739657776796983
102.8666,128.200547,37.851645,5633.056044,-169.605,-66.218,155.375,0.739657776796983
102.8833,128.200558,37.85163,5630.711827200001,-168.701,-66.383,155.171,0.739657776796983
102.8999,128.200569,37.851614,5628.3618192,-167.809,-66.547,154.952,0.739657776796983
102.9166,128.200579,37.851599,5626.006020000001,-166.928,-66.709,154.717,0.739657776796983
102.9333,128.20059,37.851583,5623.6447344,-166.058,-66.87,154.467,0.739657776796983
102.95,128.2006,37.851568,5621.2773528,-165.199,-67.029,154.201,0.739657776796983
102.9666,128.200611,37.851553,5618.9041799999995,-164.352,-67.186,153.921,0.739657776796983
102.9833,128.200621,37.851537,5616.5255208,-163.517,-67.342,153.626,0.739657776796983
103.0,128.200632,37.851522,5614.141070400001,-162.693,-67.496,153.316,0.739657776796983
103.0166,128.200642,37.851507,5611.750828800001,-161.88,-67.648,152.992,0.739657776796983
103.0333,128.200653,37.851492,5609.3551008,-161.078,-67.798,152.655,0.739657776796983
103.05,128.200663,37.851476,5606.9535816,-160.288,-67.945,152.304,0.739657776796983
103.0666,128.200674,37.851461,5604.5462712,-159.509,-68.091,151.941,0.739657776796983
103.0833,128.200684,37.851446,5602.1334744000005,-158.74,-68.234,151.565,0.739657776796983
103.1,128.200695,37.851431,5599.7148864,-157.982,-68.375,151.177,0.739657776796983
103.1166,128.200705,37.851416,5597.290812,-157.234,-68.514,150.777,0.739657776796983
103.1333,128.200715,37.851401,5594.8609464,-156.497,-68.65,150.367,0.739657776796983
103.1499,128.200726,37.851386,5592.4255944,-155.769,-68.784,149.947,0.739657776796983
103.1666,128.200736,37.851371,5589.984756000001,-155.051,-68.916,149.517,0.739657776796983
103.1833,128.200747,37.851357,5587.5381264,-154.343,-69.045,149.078,0.739657776796983
103.2,128.200757,37.851342,5585.0860104,-153.644,-69.172,148.63,0.739657776796983
103.2166,128.200767,37.851327,5582.628408,-152.953,-69.296,148.174,0.739657776796983
103.2333,128.200778,37.851312,5580.1650144000005,-152.271,-69.417,147.711,0.739657776796983
103.25,128.200788,37.851298,5577.6961344,-151.597,-69.537,147.241,0.739657776796983
103.2666,128.200798,37.851283,5575.2220728,-150.931,-69.653,146.764,0.739657776796983
103.2833,128.200809,37.851268,5572.742220000001,-150.273,-69.768,146.282,0.739657776796983
103.3,128.200819,37.851254,5570.2568808,-149.621,-69.88,145.794,0.739657776796983
103.3166,128.200829,37.851239,5567.766055200001,-148.977,-69.99,145.301,0.739657776796983
103.3333,128.20084,37.851225,5565.270047999999,-148.338,-70.097,144.804,0.739657776796983
103.35,128.20085,37.851211,5562.7682496,-147.706,-70.202,144.304,0.739657776796983
103.3666,128.20086,37.851196,5560.261269600001,-147.079,-70.305,143.799,0.739657776796983
103.3833,128.20087,37.851182,5557.7484984,-146.458,-70.406,143.292,0.739657776796983
103.3999,128.200881,37.851168,5555.2308504,-145.841,-70.504,142.782,0.739657776796983
103.4166,128.200891,37.851153,5552.707411200001,-145.229,-70.601,142.27,0.739657776796983
103.4333,128.200901,37.851139,5550.1787904,-144.62,-70.695,141.756,0.739657776796983
103.45,128.200911,37.851125,5547.644683200001,-144.015,-70.788,141.24,0.739657776796983
103.4666,128.200922,37.851111,5545.1050896,-143.412,-70.879,140.722,0.739657776796983
103.4833,128.200932,37.851097,5542.560314400001,-142.813,-70.967,140.204,0.739657776796983
103.5,128.200942,37.851083,5540.0103576,-142.215,-71.054,139.684,0.739657776796983
103.5166,128.200952,37.851069,5537.4549144,-141.619,-71.14,139.164,0.739657776796983
103.5333,128.200963,37.851055,5534.8942896,-141.024,-71.223,138.643,0.739657776796983
103.55,128.200973,37.851041,5532.328178400001,-140.429,-71.305,138.122,0.739657776796983
103.5666,128.200983,37.851027,5529.757190400001,-139.834,-71.385,137.6,0.739657776796983
103.5833,128.200993,37.851014,5527.180716,-139.239,-71.464,137.077,0.739657776796983
103.6,128.201003,37.851,5524.598755200001,-138.641,-71.54,136.555,0.739657776796983
103.6166,128.201014,37.850986,5522.0119176,-138.043,-71.616,136.032,0.739657776796983
103.6333,128.201024,37.850973,5519.4198983999995,-137.442,-71.69,135.509,0.739657776796983
103.6499,128.201034,37.850959,5516.822392800001,-136.838,-71.762,134.985,0.739657776796983
103.6666,128.201044,37.850946,5514.2200104,-136.23,-71.832,134.462,0.739657776796983
103.6833,128.201054,37.850932,5511.6124464,-135.619,-71.902,133.938,0.739657776796983
103.7,128.201065,37.850919,5508.999396,-135.004,-71.969,133.414,0.739657776796983
103.7166,128.201075,37.850905,5506.3814688,-134.384,-72.036,132.889,0.739657776796983
103.7333,128.201085,37.850892,5503.758664800001,-133.759,-72.1,132.364,0.739657776796983
103.75,128.201095,37.850879,5501.130374400001,-133.129,-72.164,131.839,0.739657776796983
103.7666,128.201105,37.850866,5498.4972072,-132.493,-72.225,131.313,0.739657776796983
103.7833,128.201115,37.850852,5495.8588584,-131.851,-72.286,130.787,0.739657776796983
103.8,128.201126,37.850839,5493.2156328,-131.203,-72.345,130.261,0.739657776796983
103.8166,128.201136,37.850826,5490.5672256,-130.548,-72.402,129.733,0.739657776796983
103.8333,128.201146,37.850813,5487.913941600001,-129.887,-72.458,129.205,0.739657776796983
103.85,128.201156,37.8508,5485.255476,-129.218,-72.512,128.677,0.739657776796983
103.8666,128.201166,37.850788,5482.592133600001,-128.542,-72.565,128.147,0.739657776796983
103.8833,128.201176,37.850775,5479.9239144,-127.859,-72.616,127.617,0.739657776796983
103.8999,128.201186,37.850762,5477.2505136,-127.168,-72.666,127.085,0.739657776796983
103.9166,128.201197,37.850749,5474.5725408,-126.47,-72.714,126.553,0.739657776796983
103.9333,128.201207,37.850737,5471.8893864,-125.764,-72.761,126.019,0.739657776796983
103.95,128.201217,37.850724,5469.201355200001,-125.05,-72.806,125.484,0.739657776796983
103.9666,128.201227,37.850711,5466.508447200001,-124.329,-72.849,124.949,0.739657776796983
103.9833,128.201237,37.850699,5463.8109672,-123.599,-72.891,124.411,0.739657776796983
104.0,128.201247,37.850686,5461.108305600001,-122.863,-72.931,123.873,0.739657776796983
104.0166,128.201257,37.850674,5458.401072,-122.118,-72.969,123.333,0.739657776796983
104.0333,128.201268,37.850662,5455.6889616,-121.366,-73.005,122.792,0.739657776796983
104.05,128.201278,37.850649,5452.9719744,-120.607,-73.039,122.25,0.739657776796983
104.0666,128.201288,37.850637,5450.2501104,-119.84,-73.072,121.706,0.739657776796983
104.0833,128.201298,37.850625,5447.5236744,-119.066,-73.102,121.161,0.739657776796983
104.1,128.201308,37.850613,5444.7926664,-118.286,-73.131,120.614,0.739657776796983
104.1166,128.201318,37.850601,5442.0567816,-117.498,-73.157,120.067,0.739657776796983
104.1333,128.201328,37.850589,5439.316324800001,-116.705,-73.182,119.518,0.739657776796983
104.1499,128.201339,37.850577,5436.5709912,-115.905,-73.205,118.967,0.739657776796983
104.1666,128.201349,37.850565,5433.8213904,-115.099,-73.225,118.416,0.739657776796983
104.1833,128.201359,37.850553,5431.0669128,-114.287,-73.243,117.864,0.739657776796983
104.2,128.201369,37.850541,5428.307863200001,-113.47,-73.259,117.31,0.739657776796983
104.2166,128.201379,37.850529,5425.5442416000005,-112.648,-73.273,116.756,0.739657776796983
104.2333,128.201389,37.850518,5422.776048,-111.821,-73.285,116.201,0.739657776796983
104.25,128.2014,37.850506,5420.0032824,-110.99,-73.294,115.645,0.739657776796983
104.2666,128.20141,37.850495,5417.2259448,-110.155,-73.301,115.088,0.739657776796983
104.2833,128.20142,37.850483,5414.44434,-109.317,-73.305,114.531,0.739657776796983
104.3,128.20143,37.850472,5411.6581632,-108.475,-73.308,113.974,0.739657776796983
104.3166,128.20144,37.85046,5408.867414400001,-107.631,-73.307,113.417,0.739657776796983
104.3333,128.20145,37.850449,5406.0723984,-106.872,-73.308,112.863,0.739657776796983
104.35,128.201461,37.850438,5403.272505600001,-106.197,-73.31,112.312,0.739657776796983
104.3666,128.201471,37.850426,5400.4680408,-105.605,-73.312,111.765,0.739657776796983
104.3833,128.201481,37.850415,5397.659004,-105.093,-73.314,111.22,0.739657776796983
104.3999,128.201491,37.850404,5394.8450904,-104.662,-73.316,110.678,0.739657776796983
104.4166,128.201502,37.850393,5392.0266048,-104.307,-73.318,110.137,0.739657776796983
104.4333,128.201512,37.850382,5389.202937600001,-104.026,-73.32,109.599,0.739657776796983
104.45,128.201522,37.850372,5386.3746984,-103.817,-73.322,109.063,0.739657776796983
104.4666,128.201532,37.850361,5383.5415824,-103.677,-73.325,108.528,0.739657776796983
104.4833,128.201543,37.850351,5380.7032848,-103.602,-73.327,107.994,0.739657776796983
104.5,128.201553,37.85034,5377.860110400001,-103.589,-73.331,107.461,0.739657776796983
104.5166,128.201563,37.85033,5375.0117544,-103.635,-73.335,106.929,0.739657776796983
104.5333,128.201574,37.85032,5372.1585216,-103.735,-73.341,106.397,0.739657776796983
104.55,128.201584,37.85031,5369.3001072,-103.887,-73.348,105.865,0.739657776796983
104.5666,128.201594,37.8503,5366.4365112000005,-104.085,-73.357,105.332,0.739657776796983
104.5833,128.201605,37.85029,5363.567733600001,-104.327,-73.368,104.798,0.739657776796983
104.6,128.201615,37.85028,5360.693469600001,-104.608,-73.382,104.263,0.739657776796983
104.6166,128.201625,37.850271,5357.814024,-104.924,-73.398,103.726,0.739657776796983
104.6333,128.201636,37.850261,5354.9293968,-105.27,-73.418,103.185,0.739657776796983
104.6499,128.201646,37.850252,5352.039588000001,-105.644,-73.441,102.641,0.739657776796983
104.6666,128.201657,37.850243,5349.1445976,-106.04,-73.468,102.091,0.739657776796983
104.6833,128.201667,37.850234,5346.2441208,-106.455,-73.499,101.537,0.739657776796983
104.7,128.201677,37.850225,5343.3387672,-106.884,-73.535,100.976,0.739657776796983
104.7166,128.201688,37.850216,5340.4279272,-107.325,-73.575,100.409,0.739657776796983
104.7333,128.201698,37.850208,5337.5122104,-107.774,-73.619,99.835,0.739657776796983
104.75,128.201708,37.850199,5334.5910072,-108.228,-73.669,99.255,0.739657776796983
104.7666,128.201719,37.850191,5331.6649272,-108.684,-73.723,98.667,0.739657776796983
104.7833,128.201729,37.850183,5328.733665600001,-109.14,-73.783,98.073,0.739657776796983
104.8,128.201739,37.850175,5325.7972224000005,-109.593,-73.847,97.472,0.739657776796983
104.8166,128.201749,37.850167,5322.8559024,-110.04,-73.917,96.864,0.739657776796983
104.8333,128.20176,37.850159,5319.9094008,-110.479,-73.992,96.248,0.739657776796983
104.85,128.20177,37.850151,5316.9577176,-110.909,-74.072,95.625,0.739657776796983
104.8666,128.20178,37.850144,5314.0011576,-111.326,-74.157,94.994,0.739657776796983
104.8833,128.20179,37.850136,5311.039416,-111.729,-74.248,94.355,0.739657776796983
104.9,128.2018,37.850129,5308.072797600001,-112.116,-74.344,93.708,0.739657776796983
104.9166,128.20181,37.850122,5305.101302399999,-112.486,-74.445,93.052,0.739657776796983
104.9333,128.20182,37.850115,5302.1249304,-112.74,-74.547,92.381,0.739657776796983
104.95,128.20183,37.850108,5299.1436816000005,-112.875,-74.649,91.694,0.739657776796983
104.9666,128.20184,37.850101,5296.157860800001,-112.897,-74.754,90.992,0.739657776796983
104.9833,128.20185,37.850094,5293.167468000001,-112.812,-74.86,90.274,0.739657776796983
105.0,128.20186,37.850088,5290.172808,-112.625,-74.968,89.542,0.739657776796983
105.0166,128.20187,37.850081,5287.1738808,-112.342,-75.079,88.795,0.739657776796983
105.0333,128.20188,37.850075,5284.1703816,-111.968,-75.192,88.034,0.739657776796983
105.05,128.201889,37.850068,5281.162920000001,-111.508,-75.306,87.258,0.739657776796983
105.0666,128.201899,37.850062,5278.1511912000005,-110.969,-75.422,86.467,0.739657776796983
105.0833,128.201909,37.850056,5275.1355,-110.355,-75.539,85.662,0.739657776796983
105.1,128.201918,37.850049,5272.1155416,-109.67,-75.657,84.842,0.739657776796983
105.1166,128.201928,37.850043,5269.0919256,-108.921,-75.775,84.007,0.739657776796983
105.1333,128.201938,37.850037,5266.0640424,-108.11,-75.893,83.159,0.739657776796983
105.15,128.201947,37.850031,5263.032196800001,-107.244,-76.01,82.297,0.739657776796983
105.1666,128.201957,37.850025,5259.996084000001,-106.327,-76.125,81.422,0.739657776796983
105.1833,128.201966,37.850019,5256.956313600001,-105.362,-76.238,80.535,0.739657776796983
105.2,128.201976,37.850014,5253.912276,-104.355,-76.349,79.635,0.739657776796983
105.2166,128.201985,37.850008,5250.8645808,-103.308,-76.458,78.724,0.739657776796983
105.2333,128.201995,37.850003,5247.8126184,-102.226,-76.563,77.801,0.739657776796983
105.25,128.202004,37.849997,5244.7569984,-101.111,-76.664,76.867,0.739657776796983
105.2666,128.202013,37.849992,5241.697416,-99.967,-76.762,75.921,0.739657776796983
105.2833,128.202022,37.849987,5238.6338712,-98.797,-76.855,74.966,0.739657776796983
105.3,128.202032,37.849981,5235.5666688,-97.604,-76.943,74.0,0.739657776796983
105.3166,128.202041,37.849976,5232.495504,-96.39,-77.027,73.024,0.739657776796983
105.3333,128.20205,37.849971,5229.4209864,-95.159,-77.105,72.038,0.739657776796983
105.35,128.202059,37.849966,5226.3425064,-93.912,-77.178,71.045,0.739657776796983
105.3666,128.202068,37.849962,5223.260368800001,-92.652,-77.245,70.043,0.739657776796983
105.3833,128.202077,37.849957,5220.1748784,-91.382,-77.307,69.034,0.739657776796983
105.4,128.202086,37.849952,5217.0857304,-90.104,-77.363,68.018,0.739657776796983
105.4166,128.202095,37.849948,5213.992924800001,-88.82,-77.413,66.997,0.739657776796983
105.4333,128.202104,37.849944,5210.8970712,-87.532,-77.456,65.971,0.739657776796983
105.45,128.202113,37.849939,5207.797560000001,-86.243,-77.493,64.942,0.739657776796983
105.4666,128.202121,37.849935,5204.6946960000005,-84.954,-77.524,63.91,0.739657776796983
105.4833,128.20213,37.849931,5201.5887840000005,-83.668,-77.549,62.876,0.739657776796983
105.5,128.202139,37.849927,5198.4795192,-82.385,-77.567,61.842,0.739657776796983
105.5166,128.202147,37.849923,5195.3669016,-81.109,-77.579,60.809,0.739657776796983
105.5333,128.202156,37.849919,5192.251236,-79.874,-77.587,59.776,0.739657776796983
105.55,128.202165,37.849916,5189.1328272,-78.681,-77.589,58.744,0.739657776796983
105.5666,128.202173,37.849912,5186.011065600001,-77.531,-77.588,57.715,0.739657776796983
105.5833,128.202182,37.849908,5182.886560800001,-76.426,-77.581,56.69,0.739657776796983
105.6,128.20219,37.849905,5179.7593128,-75.365,-77.569,55.668,0.739657776796983
105.6166,128.202198,37.849902,5176.6290168,-74.35,-77.553,54.652,0.739657776796983
105.6333,128.202207,37.849899,5173.4962824,-73.379,-77.532,53.64,0.739657776796983
105.65,128.202215,37.849896,5170.360804800001,-72.453,-77.507,52.633,0.739657776796983
105.6666,128.202223,37.849893,5167.2228888,-71.57,-77.477,51.631,0.739657776796983
105.6833,128.202231,37.84989,5164.0822296,-70.729,-77.443,50.633,0.739657776796983
105.7,128.202239,37.849888,5160.9394368,-69.929,-77.404,49.639,0.739657776796983
105.7166,128.202247,37.849886,5157.7939008,-69.169,-77.362,48.65,0.739657776796983
105.7333,128.202255,37.849883,5154.6462312,-68.447,-77.316,47.664,0.739657776796983
105.75,128.202263,37.849881,5151.495818400001,-67.762,-77.266,46.682,0.739657776796983
105.7666,128.202271,37.849879,5148.3435768,-67.112,-77.213,45.703,0.739657776796983
105.7833,128.202279,37.849877,5145.1888968,-66.496,-77.157,44.727,0.739657776796983
105.8,128.202287,37.849875,5142.032083200001,-65.911,-77.098,43.753,0.739657776796983
105.8166,128.202294,37.849874,5138.873136,-65.356,-77.037,42.782,0.739657776796983
105.8333,128.202302,37.849872,5135.712055200001,-64.828,-76.974,41.812,0.739657776796983
105.85,128.202309,37.849871,5132.5488408,-64.327,-76.909,40.844,0.739657776796983
105.8666,128.202317,37.849869,5129.383492800001,-63.851,-76.842,39.877,0.739657776796983
105.8833,128.202324,37.849868,5126.216316,-63.398,-76.773,38.911,0.739657776796983
105.9,128.202332,37.849867,5123.0473104,-62.966,-76.704,37.946,0.739657776796983
105.9166,128.202339,37.849866,5119.8761712,-62.553,-76.633,36.981,0.739657776796983
105.9333,128.202346,37.849865,5116.7032032,-62.159,-76.561,36.016,0.739657776796983
105.95,128.202354,37.849864,5113.528101600001,-61.781,-76.489,35.05,0.739657776796983
105.9666,128.202361,37.849864,5110.351476,-61.418,-76.416,34.084,0.739657776796983
105.9833,128.202368,37.849863,5107.1730216,-61.069,-76.342,33.117,0.739657776796983
106.0,128.202375,37.849863,5103.992738400001,-60.731,-76.269,32.148,0.739657776796983
106.0166,128.202382,37.849863,5100.8106264,-60.403,-76.195,31.178,0.739657776796983
106.0333,128.202388,37.849863,5097.6266856,-60.084,-76.121,30.205,0.739657776796983
106.05,128.202395,37.849863,5094.441220799999,-59.773,-76.047,29.23,0.739657776796983
106.0666,128.202402,37.849863,5091.2539272,-59.467,-75.973,28.252,0.739657776796983
106.0833,128.202408,37.849863,5088.0651096,-59.166,-75.9,27.271,0.739657776796983
106.1,128.202415,37.849863,5084.874768000001,-58.868,-75.827,26.286,0.739657776796983
106.1166,128.202421,37.849864,5081.682597600001,-58.572,-75.755,25.297,0.739657776796983
106.1333,128.202428,37.849864,5078.489208,-58.277,-75.684,24.303,0.739657776796983
106.15,128.202434,37.849865,5075.2939896,-57.981,-75.613,23.305,0.739657776796983
106.1666,128.20244,37.849866,5072.097552000001,-57.683,-75.544,22.301,0.739657776796983
106.1833,128.202446,37.849867,5068.8992856,-57.381,-75.475,21.291,0.739657776796983
106.2,128.202452,37.849868,5065.7001048,-57.076,-75.408,20.275,0.739657776796983
106.2166,128.202458,37.849869,5062.4990952,-56.766,-75.341,19.252,0.739657776796983
106.2333,128.202464,37.84987,5059.2968664,-56.45,-75.276,18.223,0.739657776796983
106.25,128.20247,37.849871,5056.093418400001,-56.127,-75.213,17.185,0.739657776796983
106.2666,128.202475,37.849872,5052.8887512,-55.796,-75.15,16.14,0.739657776796983
106.2833,128.202481,37.849874,5049.68256,-55.456,-75.089,15.087,0.739657776796983
106.3,128.202486,37.849876,5046.475454400001,-55.107,-75.029,14.025,0.739657776796983
106.3166,128.202491,37.849877,5043.266824800001,-54.748,-74.971,12.954,0.739657776796983
106.3333,128.202497,37.849879,5040.0572808,-54.378,-74.915,11.874,0.739657776796983
106.35,128.202502,37.849881,5036.8465176,-53.998,-74.86,10.783,0.739657776796983
106.3666,128.202507,37.849883,5033.63484,-53.605,-74.806,9.683,0.739657776796983
106.3833,128.202512,37.849885,5030.4219432,-53.202,-74.754,8.573,0.739657776796983
106.4,128.202517,37.849887,5027.2078272,-52.788,-74.703,7.453,0.739657776796983
106.4166,128.202521,37.84989,5023.993101600001,-52.363,-74.652,6.323,0.739657776796983
106.4333,128.202526,37.849892,5020.777156800001,-51.928,-74.603,5.184,0.739657776796983
106.45,128.20253,37.849894,5017.560297600001,-51.483,-74.555,4.034,0.739657776796983
106.4666,128.202535,37.849897,5014.342524000001,-51.028,-74.507,2.876,0.739657776796983
106.4833,128.202539,37.8499,5011.123836,-50.564,-74.46,1.707,0.739657776796983
106.5,128.202543,37.849902,5007.904233600001,-50.092,-74.413,0.53,0.739657776796983
106.5166,128.202547,37.849905,5004.6840216,-49.612,-74.367,359.344,0.739657776796983
106.5333,128.202551,37.849908,5001.4628952,-49.125,-74.32,358.149,0.739657776796983
106.55,128.202555,37.849911,4998.2411592,-48.633,-74.274,356.946,0.739657776796983
106.5666,128.202559,37.849914,4995.0185088,-48.135,-74.227,355.735,0.739657776796983
106.5833,128.202562,37.849917,4991.7952488,-47.634,-74.18,354.517,0.739657776796983
106.6,128.202566,37.84992,4988.571379200001,-47.129,-74.132,353.292,0.739657776796983
106.6166,128.202569,37.849924,4985.3469000000005,-46.623,-74.083,352.061,0.739657776796983
106.6333,128.202572,37.849927,4982.1215064,-46.116,-74.033,350.825,0.739657776796983
106.65,128.202575,37.84993,4978.895808,-45.611,-73.983,349.583,0.739657776796983
106.6666,128.202578,37.849934,4975.669804800001,-45.107,-73.931,348.337,0.739657776796983
106.6833,128.202581,37.849938,4972.442887200001,-44.607,-73.877,347.088,0.739657776796983
106.7,128.202584,37.849941,4969.2156648,-44.113,-73.822,345.836,0.739657776796983
106.7166,128.202586,37.849945,4965.9881376,-43.624,-73.765,344.582,0.739657776796983
106.7333,128.202588,37.849949,4962.760000800001,-43.145,-73.706,343.328,0.739657776796983
106.75,128.202591,37.849953,4959.531559200001,-42.674,-73.645,342.073,0.739657776796983
106.7666,128.202593,37.849957,4956.3028128,-42.216,-73.582,340.82,0.739657776796983
106.7833,128.202595,37.849961,4953.073761600001,-41.77,-73.517,339.568,0.739657776796983
106.8,128.202597,37.849965,4949.844405600001,-41.339,-73.449,338.319,0.739657776796983
106.8166,128.202598,37.849969,4946.6147448,-40.924,-73.379,337.075,0.739657776796983
106.8333,128.2026,37.849973,4943.384779200001,-40.526,-73.306,335.835,0.739657776796983
106.85,128.202601,37.849977,4940.1548136,-40.148,-73.231,334.6,0.739657776796983
106.8666,128.202603,37.849982,4936.924543200001,-39.79,-73.153,333.373,0.739657776796983
106.8833,128.202604,37.849986,4933.6942728,-39.454,-73.073,332.153,0.739657776796983
106.9,128.202605,37.84999,4930.4636976,-39.142,-72.989,330.943,0.739657776796983
106.9166,128.202606,37.849995,4927.2331224,-38.854,-72.904,329.741,0.739657776796983
106.9333,128.202606,37.849999,4924.0025472,-38.592,-72.815,328.55,0.739657776796983
106.95,128.202607,37.850004,4920.7719720000005,-38.356,-72.724,327.37,0.739657776796983
106.9666,128.202607,37.850008,4917.5413968,-38.148,-72.63,326.202,0.739657776796983
106.9833,128.202607,37.850013,4914.3108216,-37.968,-72.534,325.047,0.739657776796983
107.0,128.202607,37.850018,4911.080246400001,-37.818,-72.435,323.904,0.739657776796983
107.0166,128.202607,37.850022,4907.849671200001,-37.698,-72.333,322.776,0.739657776796983
107.0333,128.202607,37.850027,4904.6194008,-37.61,-72.23,321.663,0.739657776796983
107.05,128.202607,37.850032,4901.389130400001,-37.555,-72.123,320.566,0.739657776796983
107.0666,128.202606,37.850037,4898.1588600000005,-37.534,-72.014,319.486,0.739657776796983
107.0833,128.202606,37.850041,4894.9288944,-37.547,-71.902,318.424,0.739657776796983
107.1,128.202605,37.850046,4891.6992336,-37.594,-71.788,317.38,0.739657776796983
107.1166,128.202604,37.850051,4888.469572800001,-37.677,-71.672,316.355,0.739657776796983
107.1333,128.202602,37.850056,4885.240216800001,-37.795,-71.553,315.348,0.739657776796983
107.15,128.202601,37.850061,4882.0111656,-37.946,-71.432,314.361,0.739657776796983
107.1666,128.2026,37.850066,4878.782419200001,-38.132,-71.309,313.392,0.739657776796983
107.1833,128.202598,37.850071,4875.553672800001,-38.351,-71.184,312.443,0.739657776796983
107.2,128.202596,37.850076,4872.325536,-38.601,-71.057,311.511,0.739657776796983
107.2166,128.202594,37.85008,4869.097704,-38.882,-70.928,310.598,0.739657776796983
107.2333,128.202592,37.850085,4865.8701768,-39.192,-70.797,309.703,0.739657776796983
107.25,128.20259,37.85009,4862.6429544,-39.529,-70.666,308.824,0.739657776796983
107.2666,128.202587,37.850095,4859.4160368,-39.891,-70.533,307.962,0.739657776796983
107.2833,128.202585,37.8501,4856.189424,-40.277,-70.399,307.115,0.739657776796983
107.3,128.202582,37.850105,4852.963420800001,-40.684,-70.264,306.282,0.739657776796983
107.3166,128.202579,37.85011,4849.7374176,-41.111,-70.128,305.462,0.739657776796983
107.3333,128.202576,37.850115,4846.511719200001,-41.462,-69.989,304.668,0.739657776796983
107.35,128.202572,37.85012,4843.285716,-41.74,-69.845,303.897,0.739657776796983
107.3666,128.202569,37.850125,4840.059408,-41.942,-69.697,303.148,0.739657776796983
107.3833,128.202566,37.85013,4836.8331,-42.066,-69.546,302.419,0.739657776796983
107.4,128.202562,37.850134,4833.6058776,-42.113,-69.392,301.709,0.739657776796983
107.4166,128.202558,37.850139,4830.3780456,-42.082,-69.235,301.015,0.739657776796983
107.4333,128.202554,37.850144,4827.149604,-41.974,-69.076,300.338,0.739657776796983
107.45,128.20255,37.850149,4823.920248,-41.789,-68.914,299.676,0.739657776796983
107.4666,128.202546,37.850154,4820.6896728,-41.527,-68.75,299.03,0.739657776796983
107.4833,128.202542,37.850158,4817.4581832,-41.191,-68.584,298.398,0.739657776796983
107.5,128.202538,37.850163,4814.2251696,-40.782,-68.416,297.78,0.739657776796983
107.5166,128.202533,37.850168,4810.990936800001,-40.301,-68.246,297.177,0.739657776796983
107.5333,128.202529,37.850173,4807.7548752,-39.751,-68.075,296.588,0.739657776796983
107.55,128.202525,37.850178,4804.5175944,-39.134,-67.902,296.014,0.739657776796983
107.5666,128.20252,37.850182,4801.27818,-38.453,-67.727,295.456,0.739657776796983
107.5833,128.202515,37.850187,4798.0369368,-37.71,-67.551,294.913,0.739657776796983
107.6,128.202511,37.850192,4794.79356,-36.909,-67.373,294.387,0.739657776796983
107.6166,128.202506,37.850196,4791.5483544,-36.052,-67.194,293.877,0.739657776796983
107.6333,128.202501,37.850201,4788.3010152,-35.144,-67.013,293.386,0.739657776796983
107.65,128.202496,37.850206,4785.052152,-34.187,-66.831,292.912,0.739657776796983
107.6666,128.202491,37.85021,4781.801155200001,-33.185,-66.648,292.457,0.739657776796983
107.6833,128.202486,37.850215,4778.5486344,-32.142,-66.464,292.023,0.739657776796983
107.7,128.202481,37.85022,4775.2942848,-31.062,-66.279,291.608,0.739657776796983
107.7166,128.202476,37.850224,4772.0384112,-29.949,-66.094,291.214,0.739657776796983
107.7333,128.202471,37.850229,4768.7810136,-28.806,-65.907,290.842,0.739657776796983
107.75,128.202465,37.850234,4765.5223968,-27.637,-65.72,290.491,0.739657776796983
107.7666,128.20246,37.850238,4762.2619512,-26.446,-65.532,290.161,0.739657776796983
107.7833,128.202455,37.850243,4759.0002864,-25.237,-65.343,289.854,0.739657776796983
107.8,128.202449,37.850248,4755.7374024,-24.014,-65.154,289.568,0.739657776796983
107.8166,128.202443,37.850252,4752.4729944,-22.779,-64.964,289.305,0.739657776796983
107.8333,128.202438,37.850257,4749.2076720000005,-21.538,-64.773,289.063,0.739657776796983
107.85,128.202432,37.850262,4745.9411304000005,-20.293,-64.582,288.843,0.739657776796983
107.8666,128.202426,37.850266,4742.6736744,-19.048,-64.391,288.645,0.739657776796983
107.8833,128.20242,37.850271,4739.405304,-17.806,-64.2,288.468,0.739657776796983
107.9,128.202414,37.850275,4736.1360192,-16.57,-64.009,288.311,0.739657776796983
107.9166,128.202408,37.85028,4732.86582,-15.343,-63.817,288.175,0.739657776796983
107.9333,128.202402,37.850285,4729.5947064,-14.128,-63.627,288.058,0.739657776796983
107.95,128.202396,37.850289,4726.3229832,-12.928,-63.436,287.961,0.739657776796983
107.9666,128.202389,37.850294,4723.0506504,-11.744,-63.246,287.881,0.739657776796983
107.9833,128.202383,37.850298,4719.777708,-10.581,-63.056,287.82,0.739657776796983
108.0,128.202376,37.850303,4716.504156,-9.439,-62.867,287.776,0.739657776796983
108.0166,128.20237,37.850308,4713.2302992,-8.321,-62.678,287.749,0.739657776796983
108.0333,128.202363,37.850312,4709.9558328,-7.228,-62.49,287.738,0.739657776796983
108.05,128.202356,37.850317,4706.6807568,-6.162,-62.303,287.742,0.739657776796983
108.0666,128.20235,37.850322,4703.405376000001,-5.126,-62.116,287.76,0.739657776796983
108.0833,128.202343,37.850326,4700.1296904,-4.12,-61.93,287.794,0.739657776796983
108.1,128.202336,37.850331,4696.8533952,-3.147,-61.744,287.841,0.739657776796983
108.1166,128.202329,37.850335,4693.5771,-2.207,-61.559,287.901,0.739657776796983
108.1333,128.202321,37.85034,4690.3001952,-1.302,-61.374,287.975,0.739657776796983
108.15,128.202314,37.850345,4687.0232904,-0.433,-61.19,288.061,0.739657776796983
108.1666,128.202307,37.850349,4683.7460808,0.399,-61.007,288.158,0.739657776796983
108.1833,128.202299,37.850354,4680.468566400001,1.195,-60.823,288.267,0.739657776796983
108.2,128.202292,37.850359,4677.191052,1.953,-60.641,288.387,0.739657776796983
108.2166,128.202284,37.850364,4673.9132328000005,2.674,-60.459,288.518,0.739657776796983
108.2333,128.202277,37.850368,4670.6354136,3.357,-60.277,288.658,0.739657776796983
108.25,128.202269,37.850373,4667.3572896000005,4.002,-60.096,288.809,0.739657776796983
108.2666,128.202261,37.850378,4664.0791656,4.611,-59.916,288.968,0.739657776796983
108.2833,128.202253,37.850383,4660.801041600001,5.183,-59.736,289.137,0.739657776796983
108.3,128.202245,37.850387,4657.5229176,5.719,-59.557,289.313,0.739657776796983
108.3166,128.202237,37.850392,4654.2444888,6.22,-59.378,289.497,0.739657776796983
108.3333,128.202229,37.850397,4650.9663648,6.686,-59.2,289.688,0.739657776796983
108.35,128.202221,37.850402,4647.6882408,7.12,-59.023,289.885,0.739657776796983
108.3666,128.202213,37.850407,4644.410116800001,7.521,-58.846,290.089,0.739657776796983
108.3833,128.202204,37.850412,4641.1319928,7.89,-58.671,290.297,0.739657776796983
108.4,128.202196,37.850417,4637.854173600001,8.23,-58.496,290.51,0.739657776796983
108.4166,128.202187,37.850422,4634.5766592,8.541,-58.321,290.728,0.739657776796983
108.4333,128.202179,37.850427,4631.2991448,8.824,-58.148,290.949,0.739657776796983
108.45,128.20217,37.850432,4628.0219352,9.081,-57.975,291.173,0.739657776796983
108.4666,128.202161,37.850437,4624.7450304,9.312,-57.803,291.4,0.739657776796983
108.4833,128.202152,37.850442,4621.4684304,9.52,-57.632,291.629,0.739657776796983
108.5,128.202144,37.850447,4618.192135200001,9.705,-57.462,291.86,0.739657776796983
108.5166,128.202135,37.850452,4614.9161448,9.868,-57.292,292.092,0.739657776796983
108.5333,128.202125,37.850457,4611.6416784,9.95,-57.123,292.317,0.739657776796983
108.55,128.202116,37.850462,4608.3684312000005,9.952,-56.953,292.536,0.739657776796983
108.5666,128.202107,37.850467,4605.0970128,9.879,-56.784,292.749,0.739657776796983
108.5833,128.202098,37.850473,4601.827728,9.736,-56.615,292.956,0.739657776796983
108.6,128.202088,37.850478,4598.5608816,9.528,-56.447,293.159,0.739657776796983
108.6166,128.202079,37.850483,4595.2970832,9.263,-56.28,293.358,0.739657776796983
108.6333,128.202069,37.850489,4592.0366376,8.946,-56.113,293.554,0.739657776796983
108.65,128.202059,37.850494,4588.7795448,8.582,-55.947,293.746,0.739657776796983
108.6666,128.202049,37.8505,4585.5251952,8.177,-55.781,293.934,0.739657776796983
108.6833,128.202039,37.850505,4582.2741984,7.737,-55.616,294.117,0.739657776796983
108.7,128.202029,37.850511,4579.0259448,7.269,-55.45,294.297,0.739657776796983
108.7166,128.202019,37.850516,4575.7807392,6.775,-55.284,294.472,0.739657776796983
108.7333,128.202008,37.850522,4572.5382768,6.263,-55.118,294.641,0.739657776796983
108.75,128.201998,37.850528,4569.2985576,5.736,-54.952,294.805,0.739657776796983
108.7666,128.201987,37.850533,4566.0618864,5.198,-54.785,294.963,0.739657776796983
108.7833,128.201977,37.850539,4562.8282632,4.653,-54.618,295.114,0.739657776796983
108.8,128.201966,37.850545,4559.5970784,4.106,-54.45,295.26,0.739657776796983
108.8166,128.201955,37.850551,4556.3692464000005,3.559,-54.283,295.398,0.739657776796983
108.8333,128.201944,37.850557,4553.143852800001,3.015,-54.115,295.53,0.739657776796983
108.85,128.201933,37.850563,4549.9218120000005,2.477,-53.946,295.655,0.739657776796983
108.8666,128.201922,37.850568,4546.702514400001,1.947,-53.778,295.773,0.739657776796983
108.8833,128.20191,37.850574,4543.4865696,1.428,-53.61,295.884,0.739657776796983
108.9,128.201899,37.850581,4540.2736728,0.922,-53.441,295.988,0.739657776796983
108.9166,128.201888,37.850587,4537.063824,0.428,-53.273,296.086,0.739657776796983
108.9333,128.201876,37.850593,4533.857328,-0.049,-53.105,296.176,0.739657776796983
108.95,128.201864,37.850599,4530.653880000001,-0.511,-52.937,296.26,0.739657776796983
108.9666,128.201852,37.850605,4527.454089600001,-0.956,-52.768,296.338,0.739657776796983
108.9833,128.201841,37.850611,4524.257652,-1.384,-52.6,296.409,0.739657776796983
109.0,128.201828,37.850617,4521.064872,-1.794,-52.433,296.474,0.739657776796983
109.0166,128.201816,37.850624,4517.8754448,-2.186,-52.265,296.533,0.739657776796983
109.0333,128.201804,37.85063,4514.6896752,-2.559,-52.097,296.586,0.739657776796983
109.05,128.201792,37.850636,4511.507868000001,-2.914,-51.93,296.634,0.739657776796983
109.0666,128.201779,37.850643,4508.3297184,-3.251,-51.762,296.676,0.739657776796983
109.0833,128.201767,37.850649,4505.1555312,-3.569,-51.595,296.714,0.739657776796983
109.1,128.201754,37.850656,4501.9853064,-3.869,-51.427,296.746,0.739657776796983
109.1166,128.201741,37.850662,4498.819044000001,-4.151,-51.26,296.774,0.739657776796983
109.1333,128.201728,37.850669,4495.656744000001,-4.416,-51.092,296.798,0.739657776796983
109.15,128.201715,37.850675,4492.499016000001,-4.665,-50.925,296.817,0.739657776796983
109.1666,128.201702,37.850682,4489.345250400001,-4.896,-50.757,296.833,0.739657776796983
109.1833,128.201689,37.850688,4486.1957520000005,-5.112,-50.589,296.844,0.739657776796983
109.2,128.201676,37.850695,4483.0505208,-5.312,-50.421,296.852,0.739657776796983
109.2166,128.201662,37.850702,4479.9101664,-5.498,-50.252,296.857,0.739657776796983
109.2333,128.201649,37.850709,4476.7737744,-5.669,-50.084,296.859,0.739657776796983
109.25,128.201635,37.850715,4473.6422592,-5.826,-49.915,296.858,0.739657776796983
109.2666,128.201621,37.850722,4470.515316,-5.971,-49.745,296.854,0.739657776796983
109.2833,128.201607,37.850729,4467.3932496,-6.102,-49.576,296.848,0.739657776796983
109.3,128.201593,37.850736,4464.2757552,-6.222,-49.406,296.839,0.739657776796983
109.3166,128.201579,37.850743,4461.162832800001,-6.331,-49.235,296.828,0.739657776796983
109.3333,128.201565,37.85075,4458.0550920000005,-6.429,-49.064,296.815,0.739657776796983
109.35,128.201551,37.850756,4454.952228,-6.516,-48.893,296.8,0.739657776796983
109.3666,128.201536,37.850763,4451.8542408,-6.594,-48.721,296.783,0.739657776796983
109.3833,128.201521,37.85077,4448.7611304,-6.663,-48.548,296.764,0.739657776796983
109.4,128.201507,37.850777,4445.6732016,-6.724,-48.375,296.744,0.739657776796983
109.4166,128.201492,37.850785,4442.5904544,-6.776,-48.202,296.723,0.739657776796983
109.4333,128.201477,37.850792,4439.5128888,-6.821,-48.028,296.7,0.739657776796983
109.45,128.201462,37.850799,4436.4405048,-6.859,-47.853,296.677,0.739657776796983
109.4666,128.201447,37.850806,4433.3733024,-6.891,-47.678,296.652,0.739657776796983
109.4833,128.201431,37.850813,4430.3112816,-6.916,-47.502,296.626,0.739657776796983
109.5,128.201416,37.85082,4427.2547472,-6.936,-47.326,296.599,0.739657776796983
109.5166,128.2014,37.850828,4424.2036992,-6.95,-47.149,296.571,0.739657776796983
109.5333,128.201385,37.850835,4421.1581376,-6.96,-46.972,296.543,0.739657776796983
109.55,128.201369,37.850842,4418.1177576,-6.965,-46.794,296.514,0.739657776796983
109.5666,128.201353,37.850849,4415.083168800001,-6.966,-46.615,296.485,0.739657776796983
109.5833,128.201337,37.850857,4412.0540664,-6.964,-46.436,296.454,0.739657776796983
109.6,128.201321,37.850864,4409.0304504000005,-6.958,-46.256,296.424,0.739657776796983
109.6166,128.201305,37.850872,4406.0126256,-6.948,-46.076,296.393,0.739657776796983
109.6333,128.201288,37.850879,4403.000592,-6.936,-45.895,296.362,0.739657776796983
109.65,128.201272,37.850887,4399.9940448,-6.922,-45.713,296.331,0.739657776796983
109.6666,128.201255,37.850894,4396.9932888,-6.904,-45.531,296.299,0.739657776796983
109.6833,128.201238,37.850902,4393.998324,-6.885,-45.349,296.267,0.739657776796983
109.7,128.201222,37.850909,4391.0091504,-6.864,-45.166,296.235,0.739657776796983
109.7166,128.201205,37.850917,4388.025768,-6.841,-44.982,296.203,0.739657776796983
109.7333,128.201188,37.850924,4385.0472624,-6.763,-44.798,296.175,0.739657776796983
109.75,128.201171,37.850932,4382.0733288,-6.63,-44.612,296.152,0.739657776796983
109.7666,128.201153,37.85094,4379.103662400001,-6.443,-44.426,296.133,0.739657776796983
109.7833,128.201136,37.850947,4376.1379584,-6.202,-44.239,296.117,0.739657776796983
109.8,128.201119,37.850955,4373.175912000001,-5.909,-44.051,296.104,0.739657776796983
109.8166,128.201101,37.850963,4370.2166088,-5.565,-43.862,296.093,0.739657776796983
109.8333,128.201083,37.850971,4367.2603536,-5.172,-43.673,296.084,0.739657776796983
109.85,128.201066,37.850978,4364.306536800001,-4.733,-43.483,296.078,0.739657776796983
109.8666,128.201048,37.850986,4361.354548800001,-4.249,-43.294,296.074,0.739657776796983
109.8833,128.20103,37.850994,4358.4056088,-3.725,-43.105,296.074,0.739657776796983
109.9,128.201013,37.851002,4355.4591072,-3.162,-42.917,296.076,0.739657776796983
109.9166,128.200995,37.85101,4352.5153488000005,-2.564,-42.729,296.082,0.739657776796983
109.9333,128.200977,37.851018,4349.5743336000005,-1.934,-42.542,296.091,0.739657776796983
109.95,128.200959,37.851025,4346.6363664,-1.275,-42.356,296.105,0.739657776796983
109.9666,128.20094,37.851033,4343.7008376,-0.591,-42.172,296.122,0.739657776796983
109.9833,128.200922,37.851041,4340.7683568,0.116,-41.989,296.143,0.739657776796983
110.0,128.200904,37.851049,4337.838924,0.843,-41.808,296.169,0.739657776796983
110.0166,128.200886,37.851057,4334.9125392000005,1.587,-41.629,296.199,0.739657776796983
110.0333,128.200867,37.851065,4331.9888976,2.345,-41.451,296.234,0.739657776796983
110.05,128.200849,37.851073,4329.0686088,3.114,-41.274,296.274,0.739657776796983
110.0666,128.20083,37.851081,4326.151368,3.891,-41.1,296.319,0.739657776796983
110.0833,128.200812,37.85109,4323.2371752,4.673,-40.927,296.368,0.739657776796983
110.1,128.200793,37.851098,4320.3263352,5.457,-40.756,296.423,0.739657776796983
110.1166,128.200774,37.851106,4317.4185432,6.242,-40.587,296.483,0.739657776796983
110.1333,128.200756,37.851114,4314.514104,7.024,-40.419,296.548,0.739657776796983
110.15,128.200737,37.851122,4311.6127128,7.802,-40.253,296.619,0.739657776796983
110.1666,128.200718,37.85113,4308.7146744,8.572,-40.089,296.695,0.739657776796983
110.1833,128.200699,37.851139,4305.8199888,9.334,-39.926,296.776,0.739657776796983
110.2,128.20068,37.851147,4302.9283512,10.085,-39.765,296.862,0.739657776796983
110.2166,128.200661,37.851155,4300.040371200001,10.823,-39.606,296.953,0.739657776796983
110.2333,128.200641,37.851164,4297.155439200001,11.547,-39.448,297.05,0.739657776796983
110.25,128.200622,37.851172,4294.27386,12.255,-39.291,297.151,0.739657776796983
110.2666,128.200603,37.851181,4291.3956336,12.945,-39.136,297.258,0.739657776796983
110.2833,128.200583,37.851189,4288.5204552000005,13.617,-38.983,297.369,0.739657776796983
110.3,128.200564,37.851198,4285.6489344,14.269,-38.83,297.486,0.739657776796983
110.3166,128.200544,37.851206,4282.7804616,14.901,-38.68,297.607,0.739657776796983
110.3333,128.200525,37.851215,4279.915646400001,15.511,-38.53,297.732,0.739657776796983
110.35,128.200505,37.851223,4277.0538792,16.099,-38.382,297.862,0.739657776796983
110.3666,128.200486,37.851232,4274.1957696,16.664,-38.235,297.997,0.739657776796983
110.3833,128.200466,37.851241,4271.340708,17.207,-38.09,298.135,0.739657776796983
110.4,128.200446,37.851249,4268.489304,17.726,-37.945,298.278,0.739657776796983
110.4166,128.200426,37.851258,4265.6412528,18.222,-37.803,298.425,0.739657776796983
110.4333,128.200406,37.851267,4262.7962496,18.696,-37.661,298.576,0.739657776796983
110.45,128.200386,37.851276,4259.954904,19.146,-37.52,298.731,0.739657776796983
110.4666,128.200366,37.851285,4257.1169112,19.574,-37.381,298.888,0.739657776796983
110.4833,128.200346,37.851294,4254.2825760000005,19.98,-37.243,299.049,0.739657776796983
110.5,128.200326,37.851303,4251.4512888,20.364,-37.106,299.214,0.739657776796983
110.5166,128.200306,37.851312,4248.6236592000005,20.726,-36.971,299.38,0.739657776796983
110.5333,128.200286,37.851321,4245.7993824000005,21.068,-36.836,299.55,0.739657776796983
110.55,128.200265,37.85133,4242.9787632,21.39,-36.703,299.722,0.739657776796983
110.5666,128.200245,37.851339,4240.1614968,21.691,-36.571,299.895,0.739657776796983
110.5833,128.200224,37.851348,4237.3475832,21.974,-36.439,300.071,0.739657776796983
110.6,128.200204,37.851357,4234.537327200001,22.239,-36.309,300.249,0.739657776796983
110.6166,128.200184,37.851367,4231.730424,22.485,-36.18,300.427,0.739657776796983
110.6333,128.200163,37.851376,4228.9274832,22.715,-36.051,300.608,0.739657776796983
110.65,128.200142,37.851386,4226.1275904,22.929,-35.924,300.789,0.739657776796983
110.6666,128.200122,37.851395,4223.331660000001,23.127,-35.797,300.971,0.739657776796983
110.6833,128.200101,37.851404,4220.5393872,23.311,-35.671,301.153,0.739657776796983
110.7,128.20008,37.851414,4217.7504672,23.48,-35.547,301.336,0.739657776796983
110.7166,128.20006,37.851424,4214.965204800001,23.637,-35.422,301.52,0.739657776796983
110.7333,128.200039,37.851433,4212.1839048,23.781,-35.299,301.703,0.739657776796983
110.75,128.200018,37.851443,4209.406262400001,23.914,-35.176,301.887,0.739657776796983
110.7666,128.199997,37.851453,4206.632277600001,24.036,-35.054,302.07,0.739657776796983
110.7833,128.199976,37.851462,4203.861950400001,24.147,-34.933,302.254,0.739657776796983
110.8,128.199955,37.851472,4201.0952808,24.25,-34.812,302.436,0.739657776796983
110.8166,128.199934,37.851482,4198.3328784000005,24.343,-34.692,302.619,0.739657776796983
110.8333,128.199913,37.851492,4195.5738288,24.429,-34.573,302.8,0.739657776796983
110.85,128.199892,37.851502,4192.819046400001,24.507,-34.454,302.981,0.739657776796983
110.8666,128.19987,37.851512,4190.0679216,24.579,-34.335,303.161,0.739657776796983
110.8833,128.199849,37.851522,4187.3207592,24.645,-34.217,303.341,0.739657776796983
110.9,128.199828,37.851532,4184.5775592,24.705,-34.1,303.519,0.739657776796983
110.9166,128.199807,37.851543,4181.8380168,24.761,-33.982,303.696,0.739657776796983
110.9333,128.199785,37.851553,4179.102741600001,24.813,-33.866,303.873,0.739657776796983
110.95,128.199764,37.851563,4176.3717336,24.861,-33.749,304.048,0.739657776796983
110.9666,128.199743,37.851573,4173.6443832,24.906,-33.633,304.222,0.739657776796983
110.9833,128.199721,37.851584,4170.9213,24.949,-33.518,304.395,0.739657776796983
111.0,128.1997,37.851594,4168.2021792000005,24.99,-33.403,304.567,0.739657776796983
111.0166,128.199678,37.851605,4165.4873256,25.029,-33.288,304.738,0.739657776796983
111.0333,128.199656,37.851615,4162.7767392000005,25.068,-33.173,304.907,0.739657776796983
111.05,128.199635,37.851626,4160.0701152,25.106,-33.059,305.075,0.739657776796983
111.0666,128.199613,37.851637,4157.3677584,25.143,-32.945,305.242,0.739657776796983
111.0833,128.199591,37.851647,4154.669364,25.181,-32.831,305.408,0.739657776796983
111.1,128.19957,37.851658,4151.975541600001,25.22,-32.717,305.573,0.739657776796983
111.1166,128.199548,37.851669,4149.2859864,25.26,-32.604,305.737,0.739657776796983
111.1333,128.199526,37.85168,4146.6006984000005,25.301,-32.491,305.899,0.739657776796983
111.15,128.199504,37.851691,4143.9196776,25.343,-32.378,306.06,0.739657776796983
111.1666,128.199482,37.851702,4141.242924,25.387,-32.266,306.22,0.739657776796983
111.1833,128.19946,37.851713,4138.5704376,25.434,-32.153,306.379,0.739657776796983
111.2,128.199439,37.851724,4135.9025232,25.483,-32.041,306.537,0.739657776796983
111.2166,128.199417,37.851735,4133.2391808,25.534,-31.929,306.694,0.739657776796983
111.2333,128.199395,37.851746,4130.5801056,25.588,-31.817,306.851,0.739657776796983
111.25,128.199372,37.851758,4127.9252976,25.645,-31.706,307.006,0.739657776796983
111.2666,128.19935,37.851769,4125.2750616,25.705,-31.595,307.16,0.739657776796983
111.2833,128.199328,37.85178,4122.629397600001,25.769,-31.483,307.313,0.739657776796983
111.3,128.199306,37.851792,4119.988305600001,25.835,-31.373,307.466,0.739657776796983
111.3166,128.199284,37.851803,4117.3514808,25.906,-31.262,307.618,0.739657776796983
111.3333,128.199262,37.851815,4114.719228000001,25.979,-31.151,307.769,0.739657776796983
111.35,128.19924,37.851827,4112.0915472,26.057,-31.041,307.919,0.739657776796983
111.3666,128.199217,37.851838,4109.4684384,26.138,-30.931,308.069,0.739657776796983
111.3833,128.199195,37.85185,4106.8499016,26.222,-30.821,308.218,0.739657776796983
111.4,128.199173,37.851862,4104.2362416000005,26.311,-30.712,308.367,0.739657776796983
111.4166,128.19915,37.851874,4101.6268488000005,26.403,-30.602,308.515,0.739657776796983
111.4333,128.199128,37.851886,4099.022028,26.5,-30.493,308.663,0.739657776796983
111.45,128.199105,37.851898,4096.422084,26.6,-30.384,308.81,0.739657776796983
111.4666,128.199083,37.85191,4093.8267120000005,26.704,-30.275,308.957,0.739657776796983
111.4833,128.199061,37.851922,4091.2359120000006,26.812,-30.167,309.104,0.739657776796983
111.5,128.199038,37.851934,4088.649684,26.924,-30.059,309.251,0.739657776796983
111.5166,128.199016,37.851946,4086.0683328000005,27.039,-29.951,309.397,0.739657776796983
111.5333,128.198993,37.851958,4083.4885056000003,27.161,-29.852,309.538,0.739657776796983
111.55,128.19897,37.851971,4080.9132504000004,27.291,-29.769,309.67,0.739657776796983
111.5666,128.198948,37.851983,4078.3410432,27.43,-29.706,309.79,0.739657776796983
111.5833,128.198925,37.851995,4075.7724936000004,27.579,-29.661,309.899,0.739657776796983
111.6,128.198902,37.852008,4073.2072967999998,27.735,-29.63,310.0,0.739657776796983
111.6166,128.19888,37.852021,4070.645148,27.898,-29.61,310.095,0.739657776796983
111.6333,128.198857,37.852033,4068.0863520000003,28.068,-29.598,310.186,0.739657776796983
111.65,128.198834,37.852046,4065.530604,28.244,-29.593,310.273,0.739657776796983
111.6666,128.198811,37.852059,4062.9782088,28.425,-29.593,310.357,0.739657776796983
111.6833,128.198788,37.852072,4060.4285568,28.612,-29.597,310.44,0.739657776796983
111.7,128.198765,37.852085,4057.8816480000005,28.805,-29.604,310.522,0.739657776796983
111.7166,128.198742,37.852098,4055.3377872000005,29.002,-29.612,310.603,0.739657776796983
111.7333,128.198719,37.852111,4052.7966696,29.206,-29.622,310.685,0.739657776796983
111.75,128.198696,37.852124,4050.2579904,29.415,-29.632,310.767,0.739657776796983
111.7666,128.198673,37.852137,4047.7220544,29.629,-29.643,310.85,0.739657776796983
111.7833,128.19865,37.85215,4045.1885568000002,29.849,-29.653,310.934,0.739657776796983
111.8,128.198627,37.852163,4042.6574976,30.076,-29.663,311.02,0.739657776796983
111.8166,128.198603,37.852177,4040.1288768,30.308,-29.672,311.107,0.739657776796983
111.8333,128.19858,37.85219,4037.6026944,30.546,-29.681,311.195,0.739657776796983
111.85,128.198557,37.852204,4035.0783408,30.79,-29.688,311.286,0.739657776796983
111.8666,128.198534,37.852217,4032.5564256000002,31.042,-29.695,311.378,0.739657776796983
111.8833,128.19851,37.852231,4030.0366440000003,31.299,-29.701,311.471,0.739657776796983
111.9,128.198487,37.852245,4027.5186912000004,31.565,-29.706,311.566,0.739657776796983
111.9166,128.198464,37.852258,4025.0025672,31.838,-29.71,311.663,0.739657776796983
111.9333,128.19844,37.852272,4022.4885768,32.12,-29.713,311.761,0.739657776796983
111.95,128.198417,37.852286,4019.9761104,32.41,-29.715,311.861,0.739657776796983
111.9666,128.198393,37.8523,4017.4657776000004,32.71,-29.717,311.961,0.739657776796983
111.9833,128.19837,37.852314,4014.9569688,33.019,-29.717,312.063,0.739657776796983
112.0,128.198346,37.852328,4012.4499888,33.338,-29.718,312.166,0.739657776796983
112.0166,128.198323,37.852342,4009.9445328000006,33.667,-29.717,312.271,0.739657776796983
112.0333,128.198299,37.852357,4007.4409056000004,34.005,-29.717,312.376,0.739657776796983
112.05,128.198275,37.852371,4004.9384976,34.354,-29.715,312.483,0.739657776796983
112.0666,128.198252,37.852385,4002.4376136,34.713,-29.714,312.591,0.739657776796983
112.0833,128.198228,37.852399,3999.9382536,35.082,-29.712,312.7,0.739657776796983
112.1,128.198204,37.852414,3997.4404176000003,35.462,-29.71,312.81,0.739657776796983
112.1166,128.198181,37.852428,3994.9438008,35.852,-29.707,312.921,0.739657776796983
112.1333,128.198157,37.852443,3992.4484032000005,36.252,-29.705,313.034,0.739657776796983
112.15,128.198133,37.852458,3989.9545296,36.662,-29.702,313.147,0.739657776796983
112.1666,128.198109,37.852472,3987.4615704000003,37.083,-29.699,313.262,0.739657776796983
112.1833,128.198085,37.852487,3984.9698304000003,37.514,-29.697,313.379,0.739657776796983
112.2,128.198061,37.852502,3982.4790048000004,37.955,-29.694,313.496,0.739657776796983
112.2166,128.198038,37.852517,3979.9893984000005,38.407,-29.691,313.615,0.739657776796983
112.2333,128.198014,37.852532,3977.5007064,38.87,-29.689,313.736,0.739657776796983
112.25,128.19799,37.852547,3975.0132336,39.343,-29.687,313.857,0.739657776796983
112.2666,128.197966,37.852562,3972.5263704000004,39.826,-29.686,313.98,0.739657776796983
112.2833,128.197942,37.852577,3970.0404215999997,40.32,-29.684,314.105,0.739657776796983
112.3,128.197918,37.852592,3967.5553872000005,40.825,-29.684,314.231,0.739657776796983
112.3166,128.197894,37.852607,3965.0706576000002,41.34,-29.683,314.358,0.739657776796983
112.3333,128.19787,37.852623,3962.5871472,41.867,-29.684,314.487,0.739657776796983
112.35,128.197846,37.852638,3960.1039416000003,42.403,-29.684,314.617,0.739657776796983
112.3666,128.197822,37.852654,3957.6213456,42.951,-29.686,314.749,0.739657776796983
112.3833,128.197798,37.852669,3955.1393592000004,43.509,-29.688,314.882,0.739657776796983
112.4,128.197774,37.852685,3952.6579824000005,44.079,-29.691,315.017,0.739657776796983
112.4166,128.197749,37.8527,3950.1766056000006,44.659,-29.695,315.153,0.739657776796983
112.4333,128.197725,37.852716,3947.6958384,45.251,-29.7,315.291,0.739657776796983
112.45,128.197701,37.852732,3945.2153760000006,45.853,-29.706,315.43,0.739657776796983
112.4666,128.197677,37.852747,3942.7352184,46.467,-29.713,315.571,0.739657776796983
112.4833,128.197653,37.852763,3940.2550608,47.093,-29.721,315.714,0.739657776796983
112.5,128.197629,37.852779,3937.775208,47.729,-29.731,315.858,0.739657776796983
112.5166,128.197605,37.852795,3935.2953552000004,48.378,-29.741,316.003,0.739657776796983
112.5333,128.19758,37.852811,3932.8155024000002,49.038,-29.753,316.15,0.739657776796983
112.55,128.197556,37.852827,3930.3356496,49.709,-29.767,316.298,0.739657776796983
112.5666,128.197532,37.852844,3927.8557968,50.392,-29.782,316.449,0.739657776796983
112.5833,128.197508,37.85286,3925.3756392000005,51.086,-29.799,316.601,0.739657776796983
112.6,128.197483,37.852876,3922.8951768,51.791,-29.818,316.755,0.739657776796983
112.6166,128.197459,37.852892,3920.4144096000005,52.507,-29.84,316.911,0.739657776796983
112.6333,128.197435,37.852909,3917.9336424,53.235,-29.864,317.069,0.739657776796983
112.65,128.197411,37.852925,3915.4519608,53.973,-29.891,317.23,0.739657776796983
112.6666,128.197386,37.852942,3912.9702792000003,54.722,-29.921,317.393,0.739657776796983
112.6833,128.197362,37.852958,3910.4876832,55.482,-29.954,317.558,0.739657776796983
112.7,128.197338,37.852975,3908.0047824000003,56.254,-29.991,317.726,0.739657776796983
112.7166,128.197314,37.852992,3905.5209672,57.037,-30.031,317.896,0.739657776796983
112.7333,128.197289,37.853008,3903.0389808,57.71,-30.059,318.072,0.739657776796983
112.75,128.197265,37.853025,3900.5579088,58.267,-30.068,318.265,0.739657776796983
112.7666,128.197241,37.853042,3898.0783608,58.713,-30.053,318.486,0.739657776796983
112.7833,128.197217,37.853059,3895.6006416000005,59.056,-30.015,318.737,0.739657776796983
112.8,128.197193,37.853076,3893.1253608,59.306,-29.959,319.014,0.739657776796983
112.8166,128.197168,37.853093,3890.6525184,59.474,-29.889,319.31,0.739657776796983
112.8333,128.197144,37.853111,3888.1830288,59.567,-29.811,319.619,0.739657776796983
112.85,128.19712,37.853128,3885.7171968,59.592,-29.728,319.939,0.739657776796983
112.8666,128.197096,37.853145,3883.2550224,59.558,-29.642,320.266,0.739657776796983
112.8833,128.197072,37.853163,3880.7971152,59.471,-29.554,320.598,0.739657776796983
112.9,128.197049,37.853181,3878.3431704,59.338,-29.465,320.933,0.739657776796983
112.9166,128.197025,37.853198,3875.8928832,59.165,-29.376,321.269,0.739657776796983
112.9333,128.197001,37.853216,3873.4465584,58.956,-29.286,321.606,0.739657776796983
112.95,128.196977,37.853234,3871.0038912000005,58.716,-29.197,321.943,0.739657776796983
112.9666,128.196954,37.853252,3868.5648816000003,58.45,-29.108,322.278,0.739657776796983
112.9833,128.19693,37.85327,3866.1298344,58.161,-29.018,322.612,0.739657776796983
113.0,128.196907,37.853288,3863.6984448,57.852,-28.928,322.945,0.739657776796983
113.0166,128.196883,37.853307,3861.2710176,57.525,-28.837,323.274,0.739657776796983
113.0333,128.19686,37.853325,3858.8475528000004,57.184,-28.746,323.601,0.739657776796983
113.05,128.196837,37.853344,3856.4277456000004,56.83,-28.653,323.925,0.739657776796983
113.0666,128.196813,37.853362,3854.0122056000005,56.464,-28.56,324.245,0.739657776796983
113.0833,128.19679,37.853381,3851.6006280000006,56.09,-28.466,324.561,0.739657776796983
113.1,128.196767,37.8534,3849.1933176000002,55.707,-28.37,324.874,0.739657776796983
113.1166,128.196744,37.853418,3846.7899696,55.317,-28.273,325.183,0.739657776796983
113.1333,128.196721,37.853437,3844.3911936000004,54.921,-28.175,325.487,0.739657776796983
113.15,128.196698,37.853456,3841.9963800000005,54.52,-28.075,325.788,0.739657776796983
113.1666,128.196675,37.853476,3839.6064432000003,54.116,-27.974,326.084,0.739657776796983
113.1833,128.196652,37.853495,3837.2207736000005,53.707,-27.871,326.376,0.739657776796983
113.2,128.196629,37.853514,3834.8399808,53.296,-27.767,326.663,0.739657776796983
113.2166,128.196607,37.853533,3832.4637600000005,52.883,-27.661,326.947,0.739657776796983
113.2333,128.196584,37.853553,3830.0924160000004,52.468,-27.554,327.226,0.739657776796983
113.25,128.196561,37.853572,3827.7256440000006,52.053,-27.445,327.501,0.739657776796983
113.2666,128.196539,37.853592,3825.3643584,51.637,-27.335,327.771,0.739657776796983
113.2833,128.196516,37.853612,3823.0076448,51.223,-27.223,328.038,0.739657776796983
113.3,128.196494,37.853632,3820.6564176,50.81,-27.11,328.301,0.739657776796983
113.3166,128.196472,37.853652,3818.310372,50.399,-26.996,328.56,0.739657776796983
113.3333,128.196449,37.853672,3815.969508,49.991,-26.88,328.815,0.739657776796983
113.35,128.196427,37.853692,3813.6341304000002,49.585,-26.763,329.066,0.739657776796983
113.3666,128.196405,37.853712,3811.3042392,49.184,-26.645,329.314,0.739657776796983
113.3833,128.196383,37.853732,3808.9801392000004,48.787,-26.525,329.558,0.739657776796983
113.4,128.196361,37.853753,3806.6615256000005,48.394,-26.404,329.798,0.739657776796983
113.4166,128.196339,37.853773,3804.3487032000003,48.006,-26.282,330.034,0.739657776796983
113.4333,128.196317,37.853794,3802.0419768,47.623,-26.158,330.268,0.739657776796983
113.45,128.196296,37.853814,3799.7410416000002,47.245,-26.033,330.497,0.739657776796983
113.4666,128.196274,37.853835,3797.4462024000004,46.874,-25.907,330.724,0.739657776796983
113.4833,128.196252,37.853856,3795.1577640000005,46.508,-25.779,330.947,0.739657776796983
113.5,128.196231,37.853877,3792.8754215999998,46.148,-25.651,331.167,0.739657776796983
113.5166,128.196209,37.853898,3790.5994800000003,45.795,-25.521,331.384,0.739657776796983
113.5333,128.196188,37.853919,3788.3299392000004,45.448,-25.39,331.598,0.739657776796983
113.55,128.196166,37.85394,3786.067104,45.107,-25.257,331.809,0.739657776796983
113.5666,128.196145,37.853961,3783.8106696,44.773,-25.124,332.017,0.739657776796983
113.5833,128.196124,37.853983,3781.5612456000003,44.445,-24.99,332.222,0.739657776796983
113.6,128.196102,37.854004,3779.3185272,44.124,-24.854,332.425,0.739657776796983
113.6166,128.196081,37.854025,3777.0825144000005,43.809,-24.717,332.625,0.739657776796983
113.6333,128.19606,37.854047,3774.8538168000005,43.501,-24.579,332.822,0.739657776796983
113.65,128.196039,37.854069,3772.6321296,43.2,-24.44,333.017,0.739657776796983
113.6666,128.196018,37.854091,3770.4174528000003,42.905,-24.301,333.209,0.739657776796983
113.6833,128.195998,37.854113,3768.2100912,42.617,-24.16,333.399,0.739657776796983
113.7,128.195977,37.854134,3766.0100448,42.335,-24.018,333.587,0.739657776796983
113.7166,128.195956,37.854157,3763.8173136,42.059,-23.875,333.773,0.739657776796983
113.7333,128.195936,37.854179,3761.6322024,41.789,-23.731,333.956,0.739657776796983
113.75,128.195915,37.854201,3759.4547112,41.526,-23.587,334.138,0.739657776796983
113.7666,128.195895,37.854223,3757.2845352000004,41.268,-23.441,334.317,0.739657776796983
113.7833,128.195874,37.854246,3755.122284,41.016,-23.295,334.494,0.739657776796983
113.8,128.195854,37.854268,3752.9679576000003,40.77,-23.148,334.67,0.739657776796983
113.8166,128.195834,37.854291,3750.8212512,40.53,-22.999,334.844,0.739657776796983
113.8333,128.195813,37.854314,3748.6824696,40.295,-22.851,335.016,0.739657776796983
113.85,128.195793,37.854336,3746.5516128,40.066,-22.701,335.186,0.739657776796983
113.8666,128.195773,37.854359,3744.4289856,39.842,-22.55,335.355,0.739657776796983
113.8833,128.195753,37.854382,3742.3142832,39.623,-22.399,335.522,0.739657776796983
113.9,128.195733,37.854405,3740.2078103999997,39.409,-22.247,335.687,0.739657776796983
113.9166,128.195714,37.854428,3738.1095672,39.2,-22.095,335.851,0.739657776796983
113.9333,128.195694,37.854451,3736.0195536,38.995,-21.941,336.014,0.739657776796983
113.95,128.195674,37.854475,3733.9380744,38.796,-21.787,336.175,0.739657776796983
113.9666,128.195655,37.854498,3731.8648248,38.6,-21.633,336.335,0.739657776796983
113.9833,128.195635,37.854522,3729.8001096000003,38.409,-21.477,336.493,0.739657776796983
114.0,128.195616,37.854545,3727.7439288,38.222,-21.321,336.65,0.739657776796983
114.0166,128.195596,37.854569,3725.6962824,38.039,-21.164,336.806,0.739657776796983
114.0333,128.195577,37.854592,3723.6571704000003,37.86,-21.007,336.961,0.739657776796983
114.05,128.195558,37.854616,3721.6268976,37.685,-20.849,337.115,0.739657776796983
114.0666,128.195539,37.85464,3719.6051592000003,37.514,-20.691,337.267,0.739657776796983
114.0833,128.195519,37.854664,3717.5922600000004,37.346,-20.532,337.419,0.739657776796983
114.1,128.1955,37.854688,3715.5882,37.182,-20.372,337.569,0.739657776796983
114.1166,128.195481,37.854712,3713.5926744,37.02,-20.212,337.718,0.739657776796983
114.1333,128.195463,37.854736,3711.6065976,36.863,-20.052,337.867,0.739657776796983
114.15,128.195444,37.854761,3709.6290552000005,36.708,-19.891,338.014,0.739657776796983
114.1666,128.195425,37.854785,3707.6606568,36.556,-19.729,338.161,0.739657776796983
114.1833,128.195406,37.854809,3705.7010976,36.407,-19.567,338.306,0.739657776796983
114.2,128.195388,37.854834,3703.7509872000005,36.261,-19.404,338.451,0.739657776796983
114.2166,128.195369,37.854858,3701.809716,36.118,-19.241,338.595,0.739657776796983
114.2333,128.195351,37.854883,3699.8775888,35.977,-19.078,338.738,0.739657776796983
114.25,128.195333,37.854908,3697.9546056000004,35.838,-18.914,338.88,0.739657776796983
114.2666,128.195314,37.854933,3696.0407664000004,35.702,-18.75,339.021,0.739657776796983
114.2833,128.195296,37.854958,3694.1363760000004,35.569,-18.585,339.162,0.739657776796983
114.3,128.195278,37.854983,3692.2414344000003,35.438,-18.42,339.302,0.739657776796983
114.3166,128.19526,37.855008,3690.355332,35.309,-18.254,339.441,0.739657776796983
114.3333,128.195242,37.855033,3688.4789832,35.182,-18.088,339.579,0.739657776796983
114.35,128.195224,37.855058,3686.6117784000003,35.057,-17.922,339.717,0.739657776796983
114.3666,128.195206,37.855083,3684.7540224,34.934,-17.755,339.854,0.739657776796983
114.3833,128.195189,37.855108,3682.90602,34.812,-17.588,339.99,0.739657776796983
114.4,128.195171,37.855134,3681.0671616000004,34.693,-17.42,340.126,0.739657776796983
114.4166,128.195153,37.855159,3679.2380568000003,34.576,-17.253,340.261,0.739657776796983
114.4333,128.195136,37.855185,3677.4180960000003,34.46,-17.084,340.396,0.739657776796983
114.45,128.195118,37.855211,3675.6081936000005,34.346,-16.916,340.53,0.739657776796983
114.4666,128.195101,37.855236,3673.8074352000003,34.233,-16.747,340.663,0.739657776796983
114.4833,128.195084,37.855262,3672.0167352000003,34.122,-16.578,340.795,0.739657776796983
114.5,128.195066,37.855288,3670.2354840000003,34.012,-16.409,340.927,0.739657776796983
114.5166,128.195049,37.855314,3668.4636816,33.904,-16.239,341.059,0.739657776796983
114.5333,128.195032,37.85534,3666.7019376,33.798,-16.069,341.19,0.739657776796983
114.55,128.195015,37.855366,3664.9499472,33.692,-15.899,341.32,0.739657776796983
114.5666,128.194998,37.855392,3663.2074056000006,33.588,-15.728,341.45,0.739657776796983
114.5833,128.194981,37.855418,3661.4749224,33.485,-15.558,341.579,0.739657776796983
114.6,128.194965,37.855444,3659.7521928,33.384,-15.386,341.708,0.739657776796983
114.6166,128.194948,37.855471,3658.0392168000003,33.284,-15.215,341.837,0.739657776796983
114.6333,128.194931,37.855497,3656.3359944,33.184,-15.044,341.964,0.739657776796983
114.65,128.194915,37.855524,3654.6428304000005,33.086,-14.872,342.092,0.739657776796983
114.6666,128.194898,37.85555,3652.95942,32.989,-14.7,342.218,0.739657776796983
114.6833,128.194882,37.855577,3651.2860680000003,32.893,-14.528,342.345,0.739657776796983
114.7,128.194866,37.855603,3649.6224696,32.799,-14.355,342.471,0.739657776796983
114.7166,128.194849,37.85563,3647.9689296,32.705,-14.182,342.596,0.739657776796983
114.7333,128.194833,37.855657,3646.325448,32.612,-14.01,342.721,0.739657776796983
114.75,128.194817,37.855684,3644.6920248,32.52,-13.836,342.845,0.739657776796983
114.7666,128.194801,37.855711,3643.0683552000005,32.429,-13.663,342.969,0.739657776796983
114.7833,128.194785,37.855737,3641.4550488000004,32.339,-13.49,343.093,0.739657776796983
114.8,128.194769,37.855764,3639.851496,32.249,-13.316,343.216,0.739657776796983
114.8166,128.194753,37.855792,3638.2583064,32.161,-13.142,343.339,0.739657776796983
114.8333,128.194738,37.855819,3636.6751752,32.074,-12.968,343.461,0.739657776796983
114.85,128.194722,37.855846,3635.1021024,31.987,-12.794,343.583,0.739657776796983
114.8666,128.194706,37.855873,3633.539088,31.901,-12.62,343.704,0.739657776796983
114.8833,128.194691,37.8559,3631.9864368000003,31.816,-12.445,343.825,0.739657776796983
114.9,128.194676,37.855928,3630.4438440000004,31.731,-12.271,343.946,0.739657776796983
114.9166,128.19466,37.855955,3628.9113096,31.648,-12.096,344.066,0.739657776796983
114.9333,128.194645,37.855983,3627.3891384000003,31.565,-11.921,344.186,0.739657776796983
114.95,128.19463,37.85601,3625.8770256000003,31.482,-11.746,344.305,0.739657776796983
114.9666,128.194615,37.856038,3624.375276,31.401,-11.57,344.424,0.739657776796983
114.9833,128.1946,37.856066,3622.8838896,31.32,-11.395,344.543,0.739657776796983
115.0,128.194585,37.856093,3621.4025616000004,31.24,-11.219,344.661,0.739657776796983
115.0166,128.19457,37.856121,3619.9319016,31.16,-11.044,344.779,0.739657776796983
115.0333,128.194555,37.856149,3618.4709952000003,31.081,-10.868,344.896,0.739657776796983
115.05,128.19454,37.856177,3617.0207568,31.003,-10.692,345.014,0.739657776796983
115.0666,128.194526,37.856205,3615.5808816000003,30.926,-10.516,345.13,0.739657776796983
115.0833,128.194511,37.856233,3614.1513696,30.848,-10.34,345.247,0.739657776796983
115.1,128.194497,37.856261,3612.731916,30.772,-10.164,345.363,0.739657776796983
115.1166,128.194482,37.856289,3611.3231304000005,30.696,-9.988,345.478,0.739657776796983
115.1333,128.194468,37.856317,3609.923184,30.622,-9.821,345.588,0.739657776796983
115.15,128.194453,37.856345,3608.5332960000005,30.55,-9.672,345.686,0.739657776796983
115.1666,128.194439,37.856373,3607.1528568000003,30.481,-9.55,345.768,0.739657776796983
115.1833,128.194425,37.856402,3605.7812568000004,30.416,-9.462,345.83,0.739657776796983
115.2,128.194411,37.85643,3604.4191056000004,30.356,-9.413,345.867,0.739657776796983
115.2166,128.194397,37.856459,3603.0654888000004,30.299,-9.402,345.882,0.739657776796983
115.2333,128.194383,37.856487,3601.7210160000004,30.246,-9.421,345.88,0.739657776796983
115.25,128.194369,37.856516,3600.3847728,30.195,-9.462,345.864,0.739657776796983
115.2666,128.194355,37.856544,3599.057064,30.146,-9.519,345.839,0.739657776796983
115.2833,128.194341,37.856573,3597.7375848,30.1,-9.589,345.806,0.739657776796983
115.3,128.194328,37.856602,3596.4263352000003,30.055,-9.668,345.768,0.739657776796983
115.3166,128.194314,37.856631,3595.1227056000002,30.011,-9.754,345.725,0.739657776796983
115.3333,128.1943,37.85666,3593.8266960000005,29.969,-9.845,345.68,0.739657776796983
115.35,128.194287,37.856689,3592.5380016,29.928,-9.94,345.633,0.739657776796983
115.3666,128.194273,37.856718,3591.2566224,29.888,-10.036,345.585,0.739657776796983
115.3833,128.19426,37.856747,3589.9822536,29.85,-10.135,345.535,0.739657776796983
115.4,128.194246,37.856776,3588.7148952000002,29.813,-10.235,345.485,0.739657776796983
115.4166,128.194233,37.856805,3587.4539376,29.777,-10.335,345.435,0.739657776796983
115.4333,128.19422,37.856834,3586.1993807999997,29.742,-10.436,345.385,0.739657776796983
115.45,128.194206,37.856864,3584.95092,29.709,-10.537,345.334,0.739657776796983
115.4666,128.194193,37.856893,3583.70886,29.677,-10.637,345.284,0.739657776796983
115.4833,128.19418,37.856922,3582.4722864,29.646,-10.738,345.235,0.739657776796983
115.5,128.194167,37.856952,3581.241504,29.617,-10.838,345.185,0.739657776796983
115.5166,128.194154,37.856981,3580.0165128,29.589,-10.937,345.136,0.739657776796983
115.5333,128.194141,37.857011,3578.7963984000003,29.562,-11.036,345.087,0.739657776796983
115.55,128.194127,37.85704,3577.5817704,29.536,-11.134,345.039,0.739657776796983
115.5666,128.194114,37.85707,3576.3720192000005,29.511,-11.231,344.992,0.739657776796983
115.5833,128.194102,37.8571,3575.1671448,29.488,-11.326,344.946,0.739657776796983
115.6,128.194089,37.85713,3573.9671472,29.465,-11.42,344.901,0.739657776796983
115.6166,128.194076,37.857159,3572.7717216,29.444,-11.512,344.856,0.739657776796983
115.6333,128.194063,37.857189,3571.5805632,29.423,-11.602,344.813,0.739657776796983
115.65,128.19405,37.857219,3570.393672,29.403,-11.69,344.771,0.739657776796983
115.6666,128.194037,37.857249,3569.2107432000003,29.384,-11.777,344.73,0.739657776796983
115.6833,128.194024,37.857279,3568.0320816000003,29.366,-11.862,344.69,0.739657776796983
115.7,128.194012,37.857309,3566.8570776,29.349,-11.946,344.65,0.739657776796983
115.7166,128.193999,37.857339,3565.686036,29.332,-12.028,344.612,0.739657776796983
115.7333,128.193986,37.857369,3564.5183472,29.316,-12.108,344.575,0.739657776796983
115.75,128.193974,37.857399,3563.3543160000004,29.301,-12.187,344.539,0.739657776796983
115.7666,128.193961,37.85743,3562.1933328000005,29.286,-12.264,344.504,0.739657776796983
115.7833,128.193948,37.85746,3561.0360072000003,29.272,-12.34,344.469,0.739657776796983
115.8,128.193936,37.85749,3559.8814248000003,29.259,-12.414,344.436,0.739657776796983
115.8166,128.193923,37.857521,3558.7298904,29.246,-12.487,344.403,0.739657776796983
115.8333,128.193911,37.857551,3557.581404,29.234,-12.558,344.372,0.739657776796983
115.85,128.193898,37.857581,3556.4356608,29.222,-12.628,344.341,0.739657776796983
115.8666,128.193886,37.857612,3555.292356,29.211,-12.697,344.311,0.739657776796983
115.8833,128.193873,37.857642,3554.1517943999997,29.201,-12.765,344.282,0.739657776796983
115.9,128.193861,37.857673,3553.0136712000003,29.191,-12.831,344.253,0.739657776796983
115.9166,128.193849,37.857703,3551.8779864000003,29.182,-12.896,344.225,0.739657776796983
115.9333,128.193836,37.857734,3550.7444352,29.173,-12.96,344.198,0.739657776796983
115.95,128.193824,37.857765,3549.6130176,29.165,-13.023,344.172,0.739657776796983
115.9666,128.193812,37.857795,3548.4834288,29.158,-13.084,344.146,0.739657776796983
115.9833,128.193799,37.857826,3547.3562784000005,29.151,-13.145,344.121,0.739657776796983
116.0,128.193787,37.857857,3546.230652,29.144,-13.204,344.097,0.739657776796983
116.0166,128.193775,37.857888,3545.1068544,29.138,-13.263,344.073,0.739657776796983
116.0333,128.193762,37.857918,3543.9845808,29.133,-13.32,344.05,0.739657776796983
116.05,128.19375,37.857949,3542.864136,29.128,-13.377,344.028,0.739657776796983
116.0666,128.193738,37.85798,3541.7452152,29.124,-13.433,344.006,0.739657776796983
116.0833,128.193726,37.858011,3540.6278184000003,29.121,-13.488,343.984,0.739657776796983
116.1,128.193713,37.858042,3539.5116408000004,29.118,-13.542,343.963,0.739657776796983
116.1166,128.193701,37.858073,3538.3966824000004,29.115,-13.595,343.943,0.739657776796983
116.1333,128.193689,37.858104,3537.283248,29.113,-13.648,343.922,0.739657776796983
116.15,128.193677,37.858135,3536.1707280000005,29.112,-13.7,343.903,0.739657776796983
116.1666,128.193665,37.858166,3535.0594272000003,29.111,-13.751,343.884,0.739657776796983
116.1833,128.193653,37.858198,3533.9490408,29.111,-13.802,343.865,0.739657776796983
116.2,128.193641,37.858229,3532.8395688000005,29.111,-13.851,343.846,0.739657776796983
116.2166,128.193629,37.85826,3531.7310112,29.112,-13.901,343.828,0.739657776796983
116.2333,128.193616,37.858291,3530.623368,29.114,-13.949,343.811,0.739657776796983
116.25,128.193604,37.858323,3529.5163344000002,29.116,-13.997,343.794,0.739657776796983
116.2666,128.193592,37.858354,3528.4099103999997,29.118,-14.044,343.777,0.739657776796983
116.2833,128.19358,37.858385,3527.3044008,29.121,-14.091,343.76,0.739657776796983
116.3,128.193568,37.858417,3526.1991960000005,29.125,-14.137,343.744,0.739657776796983
116.3166,128.193556,37.858448,3525.0946008000005,29.129,-14.183,343.728,0.739657776796983
116.3333,128.193544,37.85848,3523.9906152,29.134,-14.228,343.713,0.739657776796983
116.35,128.193532,37.858511,3522.8869344000004,29.139,-14.272,343.698,0.739657776796983
116.3666,128.19352,37.858543,3521.7835584,29.145,-14.316,343.683,0.739657776796983
116.3833,128.193508,37.858574,3520.6801824000004,29.152,-14.36,343.669,0.739657776796983
116.4,128.193496,37.858606,3519.577416,29.159,-14.403,343.655,0.739657776796983
116.4166,128.193484,37.858637,3518.4746496000002,29.166,-14.446,343.641,0.739657776796983
116.4333,128.193472,37.858669,3517.372188,29.175,-14.488,343.627,0.739657776796983
116.45,128.19346,37.858701,3516.2697264,29.184,-14.529,343.614,0.739657776796983
116.4666,128.193448,37.858732,3515.1672648,29.193,-14.571,343.601,0.739657776796983
116.4833,128.193436,37.858764,3514.0648032000004,29.204,-14.612,343.589,0.739657776796983
116.5,128.193424,37.858796,3512.9623416000004,29.214,-14.652,343.577,0.739657776796983
116.5166,128.193413,37.858828,3511.8595752,29.226,-14.692,343.565,0.739657776796983
116.5333,128.193401,37.858859,3510.7568088000003,29.238,-14.732,343.553,0.739657776796983
116.55,128.193389,37.858891,3509.6540424,29.251,-14.771,343.541,0.739657776796983
116.5666,128.193377,37.858923,3508.5506664000004,29.264,-14.81,343.53,0.739657776796983
116.5833,128.193365,37.858955,3507.4472904,29.279,-14.848,343.519,0.739657776796983
116.6,128.193353,37.858987,3506.3436096000005,29.293,-14.886,343.508,0.739657776796983
116.6166,128.193341,37.859019,3505.2393192000004,29.309,-14.924,343.498,0.739657776796983
116.6333,128.193329,37.859051,3504.1350288,29.325,-14.962,343.488,0.739657776796983
116.65,128.193317,37.859083,3503.0298239999997,29.342,-14.999,343.478,0.739657776796983
116.6666,128.193305,37.859115,3501.9246192000005,29.36,-15.035,343.468,0.739657776796983
116.6833,128.193294,37.859147,3500.8185000000003,29.378,-15.072,343.458,0.739657776796983
116.7,128.193282,37.859179,3499.7120760000003,29.397,-15.108,343.449,0.739657776796983
116.7166,128.19327,37.859211,3498.6050424,29.416,-15.144,343.44,0.739657776796983
116.7333,128.193258,37.859244,3497.4973992,29.436,-15.18,343.431,0.739657776796983
116.75,128.193246,37.859276,3496.3891464000003,29.457,-15.215,343.422,0.739657776796983
116.7666,128.193234,37.859308,3495.2799792,29.479,-15.25,343.414,0.739657776796983
116.7833,128.193223,37.85934,3494.1705072000004,29.501,-15.285,343.405,0.739657776796983
116.8,128.193211,37.859372,3493.0598160000004,29.524,-15.319,343.397,0.739657776796983
116.8166,128.193199,37.859405,3491.94882,29.548,-15.353,343.389,0.739657776796983
116.8333,128.193187,37.859437,3490.8366048000003,29.572,-15.387,343.381,0.739657776796983
116.85,128.193175,37.859469,3489.7237800000003,29.597,-15.421,343.373,0.739657776796983
116.8666,128.193163,37.859502,3488.6100408,29.623,-15.454,343.366,0.739657776796983
116.8833,128.193152,37.859534,3487.4953872000006,29.649,-15.488,343.359,0.739657776796983
116.9,128.19314,37.859567,3486.380124,29.676,-15.521,343.351,0.739657776796983
116.9166,128.193128,37.859599,3485.2636416000005,29.704,-15.553,343.344,0.739657776796983
116.9333,128.193116,37.859632,3484.147464,29.731,-15.575,343.344,0.739657776796983
116.95,128.193104,37.859664,3483.0309816,29.754,-15.574,343.357,0.739657776796983
116.9666,128.193093,37.859697,3481.914804,29.774,-15.542,343.388,0.739657776796983
116.9833,128.193081,37.859729,3480.7989312,29.787,-15.468,343.445,0.739657776796983
117.0,128.193069,37.859762,3479.6842776000003,29.793,-15.344,343.531,0.739657776796983
117.0166,128.193057,37.859794,3478.5711480000004,29.791,-15.164,343.65,0.739657776796983
117.0333,128.193046,37.859827,3477.460152,29.78,-14.922,343.806,0.739657776796983
117.05,128.193034,37.859859,3476.3515944,29.76,-14.619,343.998,0.739657776796983
117.0666,128.193022,37.859892,3475.2451704,29.733,-14.262,344.22,0.739657776796983
117.0833,128.193011,37.859924,3474.1420992,29.701,-13.861,344.469,0.739657776796983
117.1,128.192999,37.859957,3473.0420760000006,29.666,-13.424,344.737,0.739657776796983
117.1166,128.192988,37.85999,3471.9457104,29.628,-12.963,345.019,0.739657776796983
117.1333,128.192976,37.860022,3470.8539168,29.589,-12.487,345.309,0.739657776796983
117.15,128.192965,37.860055,3469.7660855999998,29.551,-12.008,345.6,0.739657776796983
117.1666,128.192953,37.860088,3468.6831312,29.515,-11.536,345.885,0.739657776796983
117.1833,128.192942,37.860121,3467.6053584,29.48,-11.076,346.164,0.739657776796983
117.2,128.19293,37.860153,3466.533072,29.447,-10.63,346.434,0.739657776796983
117.2166,128.192919,37.860186,3465.4665768,29.415,-10.195,346.697,0.739657776796983
117.2333,128.192908,37.860219,3464.4064824,29.384,-9.772,346.952,0.739657776796983
117.25,128.192897,37.860252,3463.3527888000003,29.354,-9.361,347.201,0.739657776796983
117.2666,128.192885,37.860285,3462.3061056000006,29.324,-8.96,347.443,0.739657776796983
117.2833,128.192874,37.860318,3461.2664328000005,29.295,-8.569,347.68,0.739657776796983
117.3,128.192863,37.860351,3460.2340752,29.267,-8.189,347.91,0.739657776796983
117.3166,128.192852,37.860383,3459.2093376,29.238,-7.818,348.135,0.739657776796983
117.3333,128.192841,37.860416,3458.1925248000002,29.21,-7.456,348.354,0.739657776796983
117.35,128.19283,37.860449,3457.1839416000003,29.182,-7.102,348.568,0.739657776796983
117.3666,128.192819,37.860483,3456.1832832,29.154,-6.757,348.778,0.739657776796983
117.3833,128.192809,37.860516,3455.1914640000005,29.125,-6.419,348.983,0.739657776796983
117.4,128.192798,37.860549,3454.2081792,29.096,-6.089,349.183,0.739657776796983
117.4166,128.192787,37.860582,3453.2337336,29.067,-5.765,349.38,0.739657776796983
117.4333,128.192777,37.860615,3452.2684320000003,29.038,-5.449,349.572,0.739657776796983
117.45,128.192766,37.860648,3451.3125792,29.008,-5.139,349.761,0.739657776796983
117.4666,128.192756,37.860681,3450.3658704,28.978,-4.835,349.946,0.739657776796983
117.4833,128.192746,37.860715,3449.4286104,28.948,-4.537,350.127,0.739657776796983
117.5,128.192735,37.860748,3448.501104,28.917,-4.244,350.306,0.739657776796983
117.5166,128.192725,37.860781,3447.5833512,28.885,-3.957,350.481,0.739657776796983
117.5333,128.192715,37.860814,3446.6756568,28.853,-3.674,350.653,0.739657776796983
117.55,128.192705,37.860848,3445.7780208000004,28.82,-3.396,350.823,0.739657776796983
117.5666,128.192695,37.860881,3444.8904432000004,28.787,-3.121,350.991,0.739657776796983
117.5833,128.192685,37.860914,3444.0132288,28.753,-2.85,351.156,0.739657776796983
117.6,128.192675,37.860948,3443.1463776,28.718,-2.582,351.319,0.739657776796983
117.6166,128.192665,37.860981,3442.2901944,28.682,-2.317,351.481,0.739657776796983
117.6333,128.192656,37.861015,3441.4446792,28.646,-2.055,351.64,0.739657776796983
117.65,128.192646,37.861048,3440.609832,28.608,-1.796,351.798,0.739657776796983
117.6666,128.192636,37.861082,3439.7856528,28.57,-1.54,351.954,0.739657776796983
117.6833,128.192627,37.861115,3438.9724464000005,28.531,-1.286,352.108,0.739657776796983
117.7,128.192617,37.861149,3438.1702128,28.491,-1.034,352.261,0.739657776796983
117.7166,128.192608,37.861182,3437.3792568000003,28.45,-0.784,352.412,0.739657776796983
117.7333,128.192599,37.861216,3436.5992736000003,28.409,-0.537,352.562,0.739657776796983
117.75,128.19259,37.861249,3435.8302632,28.366,-0.292,352.71,0.739657776796983
117.7666,128.192581,37.861283,3435.0728352000006,28.324,-0.049,352.857,0.739657776796983
117.7833,128.192572,37.861316,3434.3266848000003,28.28,0.191,353.002,0.739657776796983
117.8,128.192563,37.86135,3433.5921168000004,28.236,0.431,353.146,0.739657776796983
117.8166,128.192554,37.861384,3432.8688263999998,28.191,0.668,353.289,0.739657776796983
117.8333,128.192545,37.861417,3432.1571184000004,28.146,0.904,353.431,0.739657776796983
117.85,128.192536,37.861451,3431.4569928,28.1,1.138,353.571,0.739657776796983
117.8666,128.192528,37.861485,3430.7684496,28.054,1.371,353.711,0.739657776796983
117.8833,128.192519,37.861518,3430.0917936,28.008,1.602,353.849,0.739657776796983
117.9,128.192511,37.861552,3429.42672,27.961,1.832,353.986,0.739657776796983
117.9166,128.192503,37.861586,3428.7732288,27.914,2.06,354.122,0.739657776796983
117.9333,128.192494,37.86162,3428.1319296,27.867,2.287,354.257,0.739657776796983
117.95,128.192486,37.861653,3427.5022128,27.819,2.513,354.391,0.739657776796983
117.9666,128.192478,37.861687,3426.884688,27.771,2.737,354.524,0.739657776796983
117.9833,128.19247,37.861721,3426.2790504000004,27.723,2.96,354.656,0.739657776796983
118.0,128.192462,37.861755,3425.6853,27.675,3.182,354.786,0.739657776796983
118.0166,128.192454,37.861789,3425.1034368,27.627,3.403,354.917,0.739657776796983
118.0333,128.192447,37.861822,3424.5337656,27.579,3.623,355.046,0.739657776796983
118.05,128.192439,37.861856,3423.9762864000004,27.531,3.842,355.174,0.739657776796983
118.0666,128.192431,37.86189,3423.4306944,27.483,4.06,355.301,0.739657776796983
118.0833,128.192424,37.861924,3422.8975992,27.435,4.277,355.428,0.739657776796983
118.1,128.192416,37.861958,3422.3763912000004,27.387,4.493,355.554,0.739657776796983
118.1166,128.192409,37.861991,3421.8673752000004,27.339,4.708,355.679,0.739657776796983
118.1333,128.192402,37.862025,3421.3711608,27.291,4.921,355.803,0.739657776796983
118.15,128.192394,37.862059,3420.8871384,27.243,5.132,355.925,0.739657776796983
118.1666,128.192387,37.862093,3420.4159176,27.196,5.342,356.046,0.739657776796983
118.1833,128.19238,37.862127,3419.9568888000003,27.149,5.55,356.167,0.739657776796983
118.2,128.192373,37.862161,3419.5106616000003,27.103,5.758,356.286,0.739657776796983
118.2166,128.192367,37.862195,3419.0769312,27.057,5.965,356.405,0.739657776796983
118.2333,128.19236,37.862229,3418.6560024,27.011,6.171,356.523,0.739657776796983
118.25,128.192353,37.862263,3418.2478752,26.966,6.377,356.641,0.739657776796983
118.2666,128.192347,37.862297,3417.8522448,26.922,6.582,356.758,0.739657776796983
118.2833,128.19234,37.862332,3417.4694160000004,26.878,6.787,356.875,0.739657776796983
118.3,128.192334,37.862366,3417.099084,26.835,6.992,356.991,0.739657776796983
118.3166,128.192327,37.8624,3416.7418584,26.793,7.196,357.107,0.739657776796983
118.3333,128.192321,37.862434,3416.3974344000003,26.751,7.4,357.223,0.739657776796983
118.35,128.192315,37.862468,3416.0658120000003,26.711,7.604,357.338,0.739657776796983
118.3666,128.192309,37.862502,3415.7469912,26.67,7.808,357.453,0.739657776796983
118.3833,128.192303,37.862537,3415.440972,26.631,8.011,357.567,0.739657776796983
118.4,128.192297,37.862571,3415.1480592000003,26.593,8.215,357.681,0.739657776796983
118.4166,128.192291,37.862605,3414.867948,26.555,8.418,357.795,0.739657776796983
118.4333,128.192285,37.86264,3414.6009432,26.518,8.621,357.909,0.739657776796983
118.45,128.192279,37.862674,3414.3470448,26.482,8.824,358.022,0.739657776796983
118.4666,128.192274,37.862708,3414.1059480000004,26.446,9.027,358.135,0.739657776796983
118.4833,128.192268,37.862743,3413.8779576,26.411,9.229,358.248,0.739657776796983
118.5,128.192263,37.862777,3413.6627688000003,26.378,9.432,358.36,0.739657776796983
118.5166,128.192257,37.862811,3413.4609912,26.344,9.634,358.472,0.739657776796983
118.5333,128.192252,37.862846,3413.2720152,26.312,9.837,358.584,0.739657776796983
118.55,128.192247,37.86288,3413.0961456,26.28,10.039,358.696,0.739657776796983
118.5666,128.192242,37.862914,3412.9333824000005,26.249,10.241,358.808,0.739657776796983
118.5833,128.192237,37.862949,3412.7840304000006,26.219,10.443,358.919,0.739657776796983
118.6,128.192232,37.862983,3412.64748,26.19,10.645,359.03,0.739657776796983
118.6166,128.192227,37.863018,3412.5243408,26.161,10.847,359.141,0.739657776796983
118.6333,128.192222,37.863052,3412.414308,26.133,11.049,359.252,0.739657776796983
118.65,128.192218,37.863087,3412.3173816000003,26.106,11.251,359.363,0.739657776796983
118.6666,128.192213,37.863121,3412.2335616,26.079,11.452,359.473,0.739657776796983
118.6833,128.192208,37.863156,3412.1628480000004,26.053,11.654,359.583,0.739657776796983
118.7,128.192204,37.86319,3412.1055456000004,26.028,11.856,359.694,0.739657776796983
118.7166,128.1922,37.863225,3412.0613496,26.003,12.057,359.804,0.739657776796983
118.7333,128.192195,37.863259,3412.0305648,25.979,12.259,359.913,0.739657776796983
118.75,128.192191,37.863294,3412.0128864000003,25.956,12.46,0.023,0.739657776796983
118.7666,128.192187,37.863328,3412.0086192000003,25.933,12.662,0.133,0.739657776796983
118.7833,128.192183,37.863363,3412.0174584,25.911,12.863,0.243,0.739657776796983
118.8,128.192179,37.863397,3412.039404,25.89,13.065,0.352,0.739657776796983
118.8166,128.192175,37.863432,3412.0747608,25.869,13.266,0.461,0.739657776796983
118.8333,128.192171,37.863466,3412.1235288,25.849,13.467,0.571,0.739657776796983
118.85,128.192168,37.863501,3412.1854032000006,25.83,13.669,0.68,0.739657776796983
118.8666,128.192164,37.863535,3412.260384,25.811,13.87,0.789,0.739657776796983
118.8833,128.192161,37.86357,3412.3487760000003,25.793,14.071,0.898,0.739657776796983
118.9,128.192157,37.863604,3412.4505792,25.775,14.272,1.007,0.739657776796983
118.9166,128.192154,37.863639,3412.5654888000004,25.758,14.474,1.116,0.739657776796983
118.9333,128.192151,37.863673,3412.6938096000003,25.742,14.675,1.225,0.739657776796983
118.95,128.192147,37.863708,3412.8355416000004,25.726,14.876,1.334,0.739657776796983
118.9666,128.192144,37.863742,3412.99038,25.711,15.077,1.443,0.739657776796983
118.9833,128.192141,37.863777,3413.1586296,25.696,15.278,1.552,0.739657776796983
119.0,128.192138,37.863811,3413.3399856,25.682,15.479,1.661,0.739657776796983
119.0166,128.192135,37.863846,3413.5347528,25.668,15.68,1.769,0.739657776796983
119.0333,128.192133,37.86388,3413.7426264,25.655,15.881,1.878,0.739657776796983
119.05,128.19213,37.863915,3413.9639112,25.643,16.082,1.987,0.739657776796983
119.0666,128.192127,37.863949,3414.1986072000004,25.631,16.283,2.096,0.739657776796983
119.0833,128.192125,37.863984,3414.4464096,25.62,16.484,2.205,0.739657776796983
119.1,128.192122,37.864018,3414.7076232000004,25.609,16.685,2.313,0.739657776796983
119.1166,128.19212,37.864053,3414.9822480000003,25.599,16.886,2.422,0.739657776796983
119.1333,128.192118,37.864087,3415.2699792000003,25.589,17.087,2.531,0.739657776796983
119.15,128.192116,37.864122,3415.5708168000006,25.58,17.288,2.64,0.739657776796983
119.1666,128.192113,37.864156,3415.8850656,25.571,17.489,2.749,0.739657776796983
119.1833,128.192111,37.86419,3416.2127256000003,25.563,17.689,2.858,0.739657776796983
119.2,128.192109,37.864225,3416.5534920000005,25.555,17.89,2.967,0.739657776796983
119.2166,128.192108,37.864259,3416.9076696,25.548,18.091,3.075,0.739657776796983
119.2333,128.192106,37.864294,3417.2749536,25.541,18.292,3.185,0.739657776796983
119.25,128.192104,37.864328,3417.6553440000002,25.535,18.493,3.294,0.739657776796983
119.2666,128.192102,37.864362,3418.0491456000004,25.53,18.693,3.403,0.739657776796983
119.2833,128.192101,37.864397,3418.4560536,25.525,18.894,3.512,0.739657776796983
119.3,128.192099,37.864431,3418.8763728000004,25.52,19.095,3.621,0.739657776796983
119.3166,128.192098,37.864465,3419.3097984000005,25.516,19.295,3.731,0.739657776796983
119.3333,128.192097,37.8645,3419.7548064000002,25.512,19.497,3.84,0.739657776796983
119.35,128.192095,37.864534,3420.2132256000004,25.51,19.699,3.95,0.739657776796983
119.3666,128.192094,37.864568,3420.6838368000003,25.507,19.901,4.061,0.739657776796983
119.3833,128.192093,37.864602,3421.1672496,25.505,20.104,4.172,0.739657776796983
119.4,128.192092,37.864636,3421.6628544,25.504,20.307,4.283,0.739657776796983
119.4166,128.192091,37.86467,3422.170956,25.503,20.51,4.394,0.739657776796983
119.4333,128.192091,37.864704,3422.6915544000003,25.502,20.713,4.505,0.739657776796983
119.45,128.19209,37.864738,3423.2243448,25.502,20.916,4.616,0.739657776796983
119.4666,128.192089,37.864772,3423.769632,25.502,21.119,4.728,0.739657776796983
119.4833,128.192089,37.864806,3424.3271112,25.503,21.322,4.839,0.739657776796983
119.5,128.192088,37.86484,3424.8967824,25.504,21.525,4.951,0.739657776796983
119.5166,128.192088,37.864874,3425.4789504000005,25.505,21.727,5.062,0.739657776796983
119.5333,128.192087,37.864908,3426.0730056,25.506,21.93,5.174,0.739657776796983
119.55,128.192087,37.864942,3426.678948,25.508,22.132,5.286,0.739657776796983
119.5666,128.192087,37.864975,3427.2973872000002,25.51,22.334,5.397,0.739657776796983
119.5833,128.192087,37.865009,3427.9277136,25.512,22.536,5.509,0.739657776796983
119.6,128.192087,37.865043,3428.5699272,25.514,22.737,5.621,0.739657776796983
119.6166,128.192087,37.865076,3429.2240280000005,25.517,22.938,5.733,0.739657776796983
119.6333,128.192087,37.86511,3429.8900160000003,25.52,23.139,5.844,0.739657776796983
119.65,128.192087,37.865143,3430.5678912000003,25.524,23.34,5.956,0.739657776796983
119.6666,128.192087,37.865177,3431.2576536,25.527,23.54,6.068,0.739657776796983
119.6833,128.192087,37.86521,3431.9589984000004,25.531,23.74,6.18,0.739657776796983
119.7,128.192088,37.865244,3432.6722304000004,25.535,23.94,6.292,0.739657776796983
119.7166,128.192088,37.865277,3433.3970448,25.54,24.14,6.404,0.739657776796983
119.7333,128.192089,37.86531,3434.1334416000004,25.545,24.339,6.516,0.739657776796983
119.75,128.192089,37.865343,3434.8814208000003,25.55,24.538,6.628,0.739657776796983
119.7666,128.19209,37.865376,3435.6412872000005,25.555,24.737,6.741,0.739657776796983
119.7833,128.192091,37.86541,3436.4124312,25.561,24.935,6.853,0.739657776796983
119.8,128.192092,37.865443,3437.1951576000006,25.567,25.133,6.965,0.739657776796983
119.8166,128.192093,37.865476,3437.9894664000003,25.573,25.331,7.077,0.739657776796983
119.8333,128.192094,37.865509,3438.7950528,25.58,25.528,7.19,0.739657776796983
119.85,128.192095,37.865541,3439.6119168000005,25.587,25.726,7.302,0.739657776796983
119.8666,128.192096,37.865574,3440.4403632,25.594,25.922,7.414,0.739657776796983
119.8833,128.192097,37.865607,3441.2800872000003,25.602,26.119,7.527,0.739657776796983
119.9,128.192098,37.86564,3442.1310888000003,25.61,26.315,7.639,0.739657776796983
119.9166,128.192099,37.865672,3442.9930632,25.618,26.511,7.752,0.739657776796983
119.9333,128.192101,37.865705,3443.8666200000002,25.627,26.706,7.864,0.739657776796983
119.95,128.192102,37.865737,3444.7511496,25.636,26.902,7.977,0.739657776796983
119.9666,128.192104,37.86577,3445.6469568,25.646,27.097,8.09,0.739657776796983
119.9833,128.192106,37.865802,3446.5537368000005,25.655,27.291,8.203,0.739657776796983
120.0,128.192107,37.865835,3447.4714896000005,25.665,27.486,8.315,0.739657776796983
120.0166,128.192109,37.865867,3448.4002152,25.676,27.68,8.428,0.739657776796983
120.0333,128.192111,37.865899,3449.3402184,25.687,27.873,8.541,0.739657776796983
120.05,128.192113,37.865932,3450.2908896000004,25.698,28.067,8.655,0.739657776796983
120.0666,128.192115,37.865964,3451.2525336,25.709,28.26,8.768,0.739657776796983
120.0833,128.192117,37.865996,3452.2248456,25.721,28.453,8.881,0.739657776796983
120.1,128.192119,37.866028,3453.2081304000003,25.733,28.646,8.994,0.739657776796983
120.1166,128.192121,37.86606,3454.2020832,25.746,28.838,9.108,0.739657776796983
120.1333,128.192123,37.866092,3455.2070088,25.759,29.03,9.222,0.739657776796983
120.15,128.192125,37.866123,3456.2222976000003,25.773,29.222,9.335,0.739657776796983
120.1666,128.192128,37.866155,3457.2482544,25.786,29.414,9.449,0.739657776796983
120.1833,128.19213,37.866187,3458.2848792,25.801,29.605,9.563,0.739657776796983
120.2,128.192133,37.866219,3459.332172,25.815,29.796,9.677,0.739657776796983
120.2166,128.192135,37.86625,3460.3898280000003,25.83,29.987,9.791,0.739657776796983
120.2333,128.192138,37.866282,3461.458152,25.846,30.177,9.906,0.739657776796983
120.25,128.192141,37.866313,3462.5365344,25.862,30.368,10.02,0.739657776796983
120.2666,128.192143,37.866344,3463.6255848000005,25.878,30.558,10.135,0.739657776796983
120.2833,128.192146,37.866376,3464.7249984000005,25.894,30.747,10.25,0.739657776796983
120.3,128.192149,37.866407,3465.8344704,25.912,30.937,10.365,0.739657776796983
120.3166,128.192152,37.866438,3466.9543056,25.929,31.126,10.48,0.739657776796983
120.3333,128.192155,37.866469,3468.084504,25.947,31.315,10.595,0.739657776796983
120.35,128.192158,37.8665,3469.224456,25.965,31.504,10.71,0.739657776796983
120.3666,128.192161,37.866531,3470.3750760000003,25.984,31.692,10.826,0.739657776796983
120.3833,128.192164,37.866562,3471.5354496,26.003,31.88,10.942,0.739657776796983
120.4,128.192168,37.866593,3472.7058816000003,26.023,32.068,11.058,0.739657776796983
120.4166,128.192171,37.866624,3473.8860672,26.043,32.256,11.174,0.739657776796983
120.4333,128.192174,37.866655,3475.0766160000003,26.063,32.444,11.29,0.739657776796983
120.45,128.192178,37.866685,3476.2769184000003,26.084,32.631,11.406,0.739657776796983
120.4666,128.192181,37.866716,3477.4869744000002,26.105,32.818,11.523,0.739657776796983
120.4833,128.192185,37.866746,3478.706784,26.127,33.004,11.64,0.739657776796983
120.5,128.192189,37.866777,3479.9366520000003,26.149,33.191,11.757,0.739657776796983
120.5166,128.192192,37.866807,3481.1759688,26.172,33.377,11.874,0.739657776796983
120.5333,128.192196,37.866838,3482.4250392000004,26.195,33.563,11.991,0.739657776796983
120.55,128.1922,37.866868,3483.6835584,26.219,33.749,12.109,0.739657776796983
120.5666,128.192204,37.866898,3484.9518312,26.243,33.934,12.227,0.739657776796983
120.5833,128.192208,37.866928,3486.2298576000003,26.267,34.119,12.345,0.739657776796983
120.6,128.192212,37.866958,3487.517028,26.292,34.304,12.463,0.739657776796983
120.6166,128.192216,37.866988,3488.8136472,26.317,34.489,12.582,0.739657776796983
120.6333,128.19222,37.867018,3490.12002,26.343,34.673,12.7,0.739657776796983
120.65,128.192224,37.867048,3491.4355368,26.369,34.858,12.819,0.739657776796983
120.6666,128.192228,37.867078,3492.7601976,26.396,35.042,12.938,0.739657776796983
120.6833,128.192232,37.867107,3494.0943072000005,26.423,35.225,13.058,0.739657776796983
120.7,128.192237,37.867137,3495.4375608,26.451,35.409,13.178,0.739657776796983
120.7166,128.192241,37.867166,3496.7899584,26.479,35.592,13.298,0.739657776796983
120.7333,128.192246,37.867196,3498.1515000000004,26.508,35.775,13.418,0.739657776796983
120.75,128.19225,37.867225,3499.5221856,26.537,35.958,13.538,0.739657776796983
120.7666,128.192255,37.867254,3500.9017104,26.567,36.141,13.659,0.739657776796983
120.7833,128.192259,37.867284,3502.2903792,26.597,36.323,13.78,0.739657776796983
120.8,128.192264,37.867313,3503.6881920000005,26.627,36.505,13.901,0.739657776796983
120.8166,128.192269,37.867342,3505.0945392000003,26.658,36.687,14.023,0.739657776796983
120.8333,128.192273,37.867371,3506.5100304000002,26.69,36.869,14.145,0.739657776796983
120.85,128.192278,37.8674,3507.934056,26.722,37.05,14.267,0.739657776796983
120.8666,128.192283,37.867429,3509.3669208,26.755,37.231,14.389,0.739657776796983
120.8833,128.192288,37.867457,3510.8086248,26.788,37.412,14.512,0.739657776796983
120.9,128.192293,37.867486,3512.2588632,26.821,37.593,14.635,0.739657776796983
120.9166,128.192298,37.867515,3513.7176360000003,26.856,37.773,14.759,0.739657776796983
120.9333,128.192303,37.867543,3515.1849432000004,26.89,37.954,14.882,0.739657776796983
120.95,128.192308,37.867572,3516.6607848000003,26.925,38.133,15.006,0.739657776796983
120.9666,128.192313,37.8676,3518.1451608,26.961,38.313,15.13,0.739657776796983
120.9833,128.192319,37.867629,3519.6380712000005,26.997,38.493,15.255,0.739657776796983
121.0,128.192324,37.867657,3521.1392112000003,27.034,38.672,15.38,0.739657776796983
121.0166,128.192329,37.867685,3522.6488856,27.071,38.851,15.505,0.739657776796983
121.0333,128.192335,37.867713,3524.1667896000004,27.109,39.03,15.631,0.739657776796983
121.05,128.19234,37.867741,3525.6926184000004,27.147,39.208,15.757,0.739657776796983
121.0666,128.192346,37.867769,3527.2269816000003,27.186,39.386,15.883,0.739657776796983
121.0833,128.192351,37.867797,3528.7692696,27.225,39.564,16.01,0.739657776796983
121.1,128.192357,37.867825,3530.3197872000005,27.265,39.742,16.137,0.739657776796983
121.1166,128.192362,37.867852,3531.8785344000003,27.305,39.92,16.264,0.739657776796983
121.1333,128.192368,37.86788,3533.4449016,27.346,40.097,16.392,0.739657776796983
121.15,128.192374,37.867907,3535.0194984000004,27.388,40.274,16.52,0.739657776796983
121.1666,128.19238,37.867935,3536.6017152,27.43,40.451,16.648,0.739657776796983
121.1833,128.192386,37.867962,3538.1921616000004,27.472,40.627,16.777,0.739657776796983
121.2,128.192391,37.86799,3539.7902280000003,27.515,40.803,16.906,0.739657776796983
121.2166,128.192397,37.868017,3541.3959144000005,27.559,40.979,17.036,0.739657776796983
121.2333,128.192403,37.868044,3543.0095256000004,27.603,41.155,17.166,0.739657776796983
121.25,128.192409,37.868071,3544.6307568,27.648,41.33,17.296,0.739657776796983
121.2666,128.192415,37.868098,3546.259608,27.694,41.506,17.427,0.739657776796983
121.2833,128.192422,37.868125,3547.8960792000003,27.739,41.68,17.558,0.739657776796983
121.3,128.192428,37.868152,3549.5401704,27.786,41.855,17.69,0.739657776796983
121.3166,128.192434,37.868178,3551.1915768,27.833,42.03,17.822,0.739657776796983
121.3333,128.19244,37.868205,3552.8506032000005,27.881,42.204,17.954,0.739657776796983
121.35,128.192446,37.868232,3554.5169448,27.929,42.378,18.087,0.739657776796983
121.3666,128.192453,37.868258,3556.1906016,27.978,42.551,18.22,0.739657776796983
121.3833,128.192459,37.868284,3557.8715736000004,28.028,42.725,18.354,0.739657776796983
121.4,128.192466,37.868311,3559.559556,28.078,42.898,18.488,0.739657776796983
121.4166,128.192472,37.868337,3561.2551584,28.128,43.07,18.623,0.739657776796983
121.4333,128.192479,37.868363,3562.9577712000005,28.18,43.243,18.758,0.739657776796983
121.45,128.192485,37.868389,3564.6673944,28.231,43.415,18.893,0.739657776796983
121.4666,128.192492,37.868415,3566.3840280000004,28.284,43.587,19.029,0.739657776796983
121.4833,128.192498,37.868441,3568.1079768,28.337,43.759,19.165,0.739657776796983
121.5,128.192505,37.868467,3569.8386312000002,28.391,43.93,19.302,0.739657776796983
121.5166,128.192512,37.868493,3571.576296,28.445,44.102,19.44,0.739657776796983
121.5333,128.192519,37.868518,3573.3209712000003,28.5,44.272,19.577,0.739657776796983
121.55,128.192525,37.868544,3575.072352,28.556,44.443,19.716,0.739657776796983
121.5666,128.192532,37.86857,3576.8304384000003,28.612,44.613,19.855,0.739657776796983
121.5833,128.192539,37.868595,3578.5952304,28.669,44.784,19.994,0.739657776796983
121.6,128.192546,37.86862,3580.3670328000003,28.727,44.953,20.134,0.739657776796983
121.6166,128.192553,37.868646,3582.1452360000003,28.785,45.123,20.274,0.739657776796983
121.6333,128.19256,37.868671,3583.9301448,28.844,45.292,20.415,0.739657776796983
121.65,128.192567,37.868696,3585.7214544000003,28.903,45.461,20.556,0.739657776796983
121.6666,128.192574,37.868721,3587.5194696,28.964,45.63,20.698,0.739657776796983
121.6833,128.192581,37.868746,3589.3238856,29.025,45.798,20.84,0.739657776796983
121.7,128.192588,37.86877,3591.1347024,29.086,45.966,20.983,0.739657776796983
121.7166,128.192596,37.868795,3592.95192,29.148,46.134,21.127,0.739657776796983
121.7333,128.192603,37.86882,3594.7755384,29.211,46.301,21.271,0.739657776796983
121.75,128.19261,37.868844,3596.6052528000005,29.275,46.469,21.415,0.739657776796983
121.7666,128.192618,37.868869,3598.4410632,29.339,46.635,21.56,0.739657776796983
121.7833,128.192625,37.868893,3600.2832744,29.404,46.802,21.706,0.739657776796983
121.8,128.192632,37.868918,3602.1318864,29.47,46.968,21.852,0.739657776796983
121.8166,128.19264,37.868942,3603.9862896000004,29.536,47.134,21.999,0.739657776796983
121.8333,128.192647,37.868966,3605.8467888,29.604,47.3,22.147,0.739657776796983
121.85,128.192655,37.86899,3607.713384,29.671,47.466,22.295,0.739657776796983
121.8666,128.192662,37.869014,3609.5857704,29.74,47.631,22.443,0.739657776796983
121.8833,128.19267,37.869038,3611.4642528000004,29.809,47.796,22.592,0.739657776796983
121.9,128.192677,37.869062,3613.3482215999998,29.88,47.96,22.742,0.739657776796983
121.9166,128.192685,37.869085,3615.2382864,29.95,48.124,22.893,0.739657776796983
121.9333,128.192693,37.869109,3617.1341424,30.022,48.288,23.044,0.739657776796983
121.95,128.1927,37.869133,3619.0357896000005,30.094,48.452,23.196,0.739657776796983
121.9666,128.192708,37.869156,3620.9432280000005,30.167,48.615,23.348,0.739657776796983
121.9833,128.192716,37.86918,3622.8561528000005,30.241,48.778,23.501,0.739657776796983
122.0,128.192724,37.869203,3624.7745640000003,30.316,48.941,23.655,0.739657776796983
122.0166,128.192731,37.869226,3626.6987664000003,30.391,49.103,23.809,0.739657776796983
122.0333,128.192739,37.869249,3628.6281504000003,30.467,49.265,23.964,0.739657776796983
122.05,128.192747,37.869272,3630.5633256000006,30.544,49.427,24.119,0.739657776796983
122.0666,128.192755,37.869295,3632.5036824000003,30.622,49.589,24.276,0.739657776796983
122.0833,128.192763,37.869318,3634.4495256000005,30.701,49.75,24.433,0.739657776796983
122.1,128.192771,37.869341,3636.4008552000005,30.78,49.911,24.59,0.739657776796983
122.1166,128.192779,37.869363,3638.3570616,30.86,50.071,24.749,0.739657776796983
122.1333,128.192787,37.869386,3640.3187544,30.941,50.231,24.908,0.739657776796983
122.15,128.192795,37.869409,3642.2856288,31.023,50.391,25.068,0.739657776796983
122.1666,128.192803,37.869431,3644.2576848000003,31.106,50.551,25.228,0.739657776796983
122.1833,128.192812,37.869453,3646.2349224,31.19,50.71,25.39,0.739657776796983
122.2,128.19282,37.869476,3648.2170368,31.274,50.869,25.552,0.739657776796983
122.2166,128.192828,37.869498,3650.2043328000004,31.36,51.027,25.715,0.739657776796983
122.2333,128.192836,37.86952,3652.1965056000004,31.446,51.186,25.878,0.739657776796983
122.25,128.192844,37.869542,3654.1935552000004,31.533,51.344,26.043,0.739657776796983
122.2666,128.192853,37.869564,3656.1957864,31.622,51.502,26.208,0.739657776796983
122.2833,128.192861,37.869586,3658.2025896000005,31.711,51.66,26.375,0.739657776796983
122.3,128.192869,37.869607,3660.2142696,31.801,51.817,26.542,0.739657776796983
122.3166,128.192878,37.869629,3662.2305216,31.893,51.974,26.71,0.739657776796983
122.3333,128.192886,37.86965,3664.2516504000005,31.985,52.131,26.879,0.739657776796983
122.35,128.192895,37.869672,3666.277656,32.079,52.288,27.049,0.739657776796983
122.3666,128.192903,37.869693,3668.3079288,32.174,52.445,27.22,0.739657776796983
122.3833,128.192912,37.869715,3670.3430784000006,32.27,52.601,27.392,0.739657776796983
122.4,128.19292,37.869736,3672.3824952,32.366,52.757,27.565,0.739657776796983
122.4166,128.192929,37.869757,3674.4267888000004,32.464,52.913,27.739,0.739657776796983
122.4333,128.192937,37.869778,3676.4750448,32.564,53.069,27.914,0.739657776796983
122.45,128.192946,37.869799,3678.5281776,32.664,53.224,28.089,0.739657776796983
122.4666,128.192954,37.86982,3680.5855776000003,32.765,53.379,28.266,0.739657776796983
122.4833,128.192963,37.869841,3682.6472448,32.868,53.534,28.444,0.739657776796983
122.5,128.192972,37.869861,3684.7131792,32.972,53.688,28.623,0.739657776796983
122.5166,128.19298,37.869882,3686.7833808,33.076,53.843,28.803,0.739657776796983
122.5333,128.192989,37.869902,3688.8578496,33.182,53.997,28.984,0.739657776796983
122.55,128.192998,37.869923,3690.9362808,33.29,54.15,29.166,0.739657776796983
122.5666,128.193007,37.869943,3693.0189792,33.398,54.304,29.349,0.739657776796983
122.5833,128.193015,37.869963,3695.1059448,33.508,54.457,29.533,0.739657776796983
122.6,128.193024,37.869984,3697.1965680000003,33.619,54.61,29.718,0.739657776796983
122.6166,128.193033,37.870004,3699.2914584,33.731,54.762,29.905,0.739657776796983
122.6333,128.193042,37.870024,3701.3903112000003,33.844,54.915,30.092,0.739657776796983
122.65,128.193051,37.870044,3703.4931264,33.958,55.067,30.281,0.739657776796983
122.6666,128.19306,37.870063,3705.5995992,34.074,55.218,30.47,0.739657776796983
122.6833,128.193068,37.870083,3707.7100344,34.191,55.369,30.661,0.739657776796983
122.7,128.193077,37.870103,3709.8244320000003,34.31,55.521,30.853,0.739657776796983
122.7166,128.193086,37.870122,3711.9424872000004,34.429,55.671,31.046,0.739657776796983
122.7333,128.193095,37.870142,3714.0642000000003,34.55,55.822,31.241,0.739657776796983
122.75,128.193104,37.870161,3716.1898752,34.672,55.972,31.436,0.739657776796983
122.7666,128.193113,37.87018,3718.3189032000005,34.795,56.121,31.633,0.739657776796983
122.7833,128.193122,37.8702,3720.4515888,34.92,56.27,31.831,0.739657776796983
122.8,128.193131,37.870219,3722.5879320000004,35.046,56.419,32.03,0.739657776796983
122.8166,128.193141,37.870238,3724.7279328000004,35.173,56.568,32.231,0.739657776796983
122.8333,128.19315,37.870257,3726.8709816,35.302,56.716,32.432,0.739657776796983
122.85,128.193159,37.870276,3729.0179928000002,35.432,56.864,32.635,0.739657776796983
122.8666,128.193168,37.870294,3731.168052,35.564,57.012,32.839,0.739657776796983
122.8833,128.193177,37.870313,3733.321464,35.696,57.159,33.045,0.739657776796983
122.9,128.193186,37.870332,3735.4782288,35.83,57.306,33.251,0.739657776796983
122.9166,128.193195,37.87035,3737.6383464000005,35.966,57.452,33.459,0.739657776796983
122.9333,128.193205,37.870369,3739.8024264,36.047,57.599,33.665,0.739657776796983
122.95,128.193214,37.870387,3741.9704688,36.075,57.748,33.868,0.739657776796983
122.9666,128.193223,37.870405,3744.1427784000007,36.051,57.897,34.07,0.739657776796983
122.9833,128.193232,37.870423,3746.3196600000006,35.977,58.046,34.27,0.739657776796983
123.0,128.193242,37.870441,3748.5011136000003,35.854,58.196,34.468,0.739657776796983
123.0166,128.193251,37.870459,3750.6877488000005,35.684,58.347,34.665,0.739657776796983
123.0333,128.19326,37.870477,3752.8792608,35.47,58.498,34.861,0.739657776796983
123.05,128.19327,37.870494,3755.0759544000002,35.213,58.65,35.056,0.739657776796983
123.0666,128.193279,37.870512,3757.2784392000003,34.915,58.803,35.25,0.739657776796983
123.0833,128.193289,37.870529,3759.4861056000004,34.578,58.957,35.443,0.739657776796983
123.1,128.193298,37.870546,3761.6989536,34.205,59.113,35.634,0.739657776796983
123.1166,128.193307,37.870563,3763.9166784000004,33.799,59.27,35.824,0.739657776796983
123.1333,128.193317,37.87058,3766.1398896000005,33.36,59.429,36.012,0.739657776796983
123.15,128.193326,37.870597,3768.3679776000004,32.891,59.59,36.199,0.739657776796983
123.1666,128.193336,37.870614,3770.6009424,32.395,59.754,36.385,0.739657776796983
123.1833,128.193345,37.87063,3772.838784,31.874,59.92,36.568,0.739657776796983
123.2,128.193355,37.870647,3775.0815024000003,31.329,60.089,36.749,0.739657776796983
123.2166,128.193364,37.870663,3777.3290976000003,30.762,60.261,36.928,0.739657776796983
123.2333,128.193374,37.87068,3779.5815696,30.174,60.436,37.103,0.739657776796983
123.25,128.193383,37.870696,3781.8386136000004,29.569,60.613,37.276,0.739657776796983
123.2666,128.193393,37.870712,3784.1005344000005,28.947,60.794,37.445,0.739657776796983
123.2833,128.193402,37.870727,3786.3670272000004,28.309,60.978,37.611,0.739657776796983
123.3,128.193411,37.870743,3788.6377872000003,27.658,61.166,37.772,0.739657776796983
123.3166,128.193421,37.870759,3790.913424,26.995,61.356,37.929,0.739657776796983
123.3333,128.19343,37.870774,3793.1936328000006,26.321,61.55,38.081,0.739657776796983
123.35,128.19344,37.87079,3795.4781088,25.636,61.747,38.228,0.739657776796983
123.3666,128.193449,37.870805,3797.766852,24.943,61.947,38.37,0.739657776796983
123.3833,128.193458,37.87082,3800.0601672,24.243,62.15,38.505,0.739657776796983
123.4,128.193468,37.870835,3802.3577496000003,23.535,62.356,38.635,0.739657776796983
123.4166,128.193477,37.87085,3804.6595992,22.822,62.566,38.758,0.739657776796983
123.4333,128.193486,37.870865,3806.965716,22.104,62.778,38.875,0.739657776796983
123.45,128.193496,37.87088,3809.2761,21.382,62.994,38.984,0.739657776796983
123.4666,128.193505,37.870894,3811.5904464000005,20.656,63.212,39.086,0.739657776796983
123.4833,128.193514,37.870909,3813.9087552000005,19.927,63.433,39.181,0.739657776796983
123.5,128.193523,37.870923,3816.2313312,19.196,63.658,39.268,0.739657776796983
123.5166,128.193533,37.870937,3818.5575648,18.462,63.885,39.346,0.739657776796983
123.5333,128.193542,37.870951,3820.8871512,17.815,64.113,39.425,0.739657776796983
123.55,128.193551,37.870965,3823.2197856,17.255,64.343,39.504,0.739657776796983
123.5666,128.19356,37.870979,3825.5551632,16.776,64.575,39.582,0.739657776796983
123.5833,128.193569,37.870993,3827.8929792,16.373,64.808,39.659,0.739657776796983
123.6,128.193578,37.871007,3830.2332336,16.04,65.043,39.732,0.739657776796983
123.6166,128.193587,37.871021,3832.5753168000006,15.77,65.28,39.802,0.739657776796983
123.6333,128.193596,37.871035,3834.918924,15.56,65.519,39.867,0.739657776796983
123.65,128.193605,37.871048,3837.2640552000003,15.404,65.759,39.929,0.739657776796983
123.6666,128.193613,37.871062,3839.6104056000004,15.298,66.001,39.987,0.739657776796983
123.6833,128.193622,37.871075,3841.9579752000004,15.237,66.243,40.042,0.739657776796983
123.7,128.193631,37.871089,3844.3061544,15.218,66.486,40.092,0.739657776796983
123.7166,128.19364,37.871102,3846.6558576,15.238,66.729,40.14,0.739657776796983
123.7333,128.193649,37.871115,3849.0070848000005,15.292,66.973,40.185,0.739657776796983
123.75,128.193657,37.871128,3851.3595312,15.379,67.215,40.228,0.739657776796983
123.7666,128.193666,37.871141,3853.7131968,15.494,67.458,40.268,0.739657776796983
123.7833,128.193675,37.871155,3856.0686912,15.636,67.699,40.307,0.739657776796983
123.8,128.193683,37.871168,3858.4254048000003,15.802,67.938,40.346,0.739657776796983
123.8166,128.193692,37.87118,3860.7839472,15.989,68.177,40.384,0.739657776796983
123.8333,128.193701,37.871193,3863.1437088000002,16.196,68.414,40.422,0.739657776796983
123.85,128.193709,37.871206,3865.5049943999998,16.42,68.649,40.461,0.739657776796983
123.8666,128.193718,37.871219,3867.8681088000003,16.66,68.882,40.502,0.739657776796983
123.8833,128.193726,37.871231,3870.2324424,16.915,69.114,40.545,0.739657776796983
123.9,128.193735,37.871244,3872.5986048000004,17.182,69.344,40.59,0.739657776796983
123.9166,128.193743,37.871256,3874.9659864,17.46,69.572,40.639,0.739657776796983
123.9333,128.193751,37.871269,3877.3348920000003,17.749,69.797,40.692,0.739657776796983
123.95,128.19376,37.871281,3879.7053216,18.046,70.021,40.748,0.739657776796983
123.9666,128.193768,37.871293,3882.0772752000003,18.352,70.243,40.81,0.739657776796983
123.9833,128.193776,37.871305,3884.450448,18.664,70.463,40.877,0.739657776796983
124.0,128.193784,37.871317,3886.8251448,18.983,70.682,40.95,0.739657776796983
124.0166,128.193793,37.871329,3889.2013656,19.308,70.898,41.029,0.739657776796983
124.0333,128.193801,37.871341,3891.5785008000003,19.637,71.112,41.114,0.739657776796983
124.05,128.193809,37.871353,3893.9571600000004,19.971,71.325,41.207,0.739657776796983
124.0666,128.193817,37.871365,3896.3367336,20.309,71.536,41.307,0.739657776796983
124.0833,128.193825,37.871376,3898.7178312,20.651,71.745,41.415,0.739657776796983
124.1,128.193833,37.871388,3901.0998432,20.995,71.952,41.531,0.739657776796983
124.1166,128.193841,37.871399,3903.4830744,21.343,72.157,41.655,0.739657776796983
124.1333,128.193849,37.871411,3905.86722,21.694,72.361,41.788,0.739657776796983
124.15,128.193857,37.871422,3908.25228,22.047,72.563,41.93,0.739657776796983
124.1666,128.193865,37.871433,3910.6382544000003,22.402,72.763,42.082,0.739657776796983
124.1833,128.193873,37.871444,3913.0254480000003,22.76,72.962,42.242,0.739657776796983
124.2,128.19388,37.871455,3915.4132512,23.12,73.159,42.412,0.739657776796983
124.2166,128.193888,37.871466,3917.801664,23.483,73.355,42.592,0.739657776796983
124.2333,128.193896,37.871477,3920.1912960000004,23.848,73.548,42.782,0.739657776796983
124.25,128.193904,37.871488,3922.5812328000006,24.216,73.741,42.983,0.739657776796983
124.2666,128.193911,37.871499,3924.972084,24.586,73.932,43.193,0.739657776796983
124.2833,128.193919,37.871509,3927.36324,24.959,74.121,43.414,0.739657776796983
124.3,128.193927,37.87152,3929.7553104,25.334,74.308,43.646,0.739657776796983
124.3166,128.193934,37.871531,3932.1476856,25.713,74.495,43.888,0.739657776796983
124.3333,128.193942,37.871541,3934.5406704,26.095,74.679,44.141,0.739657776796983
124.35,128.19395,37.871551,3936.9339600000003,26.481,74.862,44.406,0.739657776796983
124.3666,128.193957,37.871562,3939.3275544000003,26.87,75.044,44.681,0.739657776796983
124.3833,128.193965,37.871572,3941.7217584,27.263,75.224,44.967,0.739657776796983
124.4,128.193972,37.871582,3944.1159624000006,27.66,75.402,45.265,0.739657776796983
124.4166,128.193979,37.871592,3946.5107760000005,28.062,75.579,45.575,0.739657776796983
124.4333,128.193987,37.871602,3948.9055896000004,28.468,75.755,45.895,0.739657776796983
124.45,128.193994,37.871612,3951.3007079999998,28.88,75.929,46.228,0.739657776796983
124.4666,128.194002,37.871622,3953.6958264,29.297,76.102,46.572,0.739657776796983
124.4833,128.194009,37.871631,3956.0909448,29.719,76.273,46.928,0.739657776796983
124.5,128.194016,37.871641,3958.4863680000003,30.147,76.442,47.296,0.739657776796983
124.5166,128.194024,37.871651,3960.8817912000004,30.582,76.61,47.676,0.739657776796983
124.5333,128.194031,37.87166,3963.2772144000005,31.023,76.776,48.068,0.739657776796983
124.55,128.194038,37.87167,3965.6723328000003,31.471,76.941,48.472,0.739657776796983
124.5666,128.194045,37.871679,3968.067756,31.927,77.105,48.889,0.739657776796983
124.5833,128.194052,37.871688,3970.4628744,32.389,77.266,49.318,0.739657776796983
124.6,128.194059,37.871697,3972.857688,32.86,77.426,49.76,0.739657776796983
124.6166,128.194067,37.871707,3975.2525016,33.339,77.585,50.215,0.739657776796983
124.6333,128.194074,37.871716,3977.6470104,33.827,77.742,50.682,0.739657776796983
124.65,128.194081,37.871725,3980.0412144,34.323,77.897,51.163,0.739657776796983
124.6666,128.194088,37.871734,3982.4351136,34.829,78.05,51.656,0.739657776796983
124.6833,128.194095,37.871742,3984.828708,35.344,78.202,52.163,0.739657776796983
124.7,128.194102,37.871751,3987.2219976,35.869,78.352,52.683,0.739657776796983
124.7166,128.194109,37.87176,3989.6146776000005,36.404,78.501,53.217,0.739657776796983
124.7333,128.194116,37.871769,3992.0073576000004,36.908,78.648,53.757,0.739657776796983
124.75,128.194123,37.871777,3994.3997328000005,37.381,78.795,54.305,0.739657776796983
124.7666,128.194129,37.871785,3996.792108,37.824,78.941,54.861,0.739657776796983
124.7833,128.194136,37.871794,3999.1841784000003,38.24,79.086,55.425,0.739657776796983
124.8,128.194143,37.871802,4001.5765536,38.628,79.23,55.997,0.739657776796983
124.8166,128.19415,37.87181,4003.9689288,38.992,79.372,56.579,0.739657776796983
124.8333,128.194157,37.871818,4006.361304,39.331,79.514,57.17,0.739657776796983
124.85,128.194163,37.871826,4008.7539840000004,39.649,79.656,57.772,0.739657776796983
124.8666,128.19417,37.871834,4011.1466640000003,39.946,79.796,58.384,0.739657776796983
124.8833,128.194177,37.871842,4013.5393440000003,40.225,79.937,59.007,0.739657776796983
124.9,128.194183,37.871849,4015.9317192000003,40.488,80.077,59.642,0.739657776796983
124.9166,128.19419,37.871857,4018.3243992,40.736,80.217,60.29,0.739657776796983
124.9333,128.194196,37.871864,4020.7167744,40.972,80.357,60.951,0.739657776796983
124.95,128.194203,37.871872,4023.1091496,41.198,80.497,61.626,0.739657776796983
124.9666,128.194209,37.871879,4025.50122,41.415,80.638,62.315,0.739657776796983
124.9833,128.194215,37.871886,4027.8929856,41.626,80.779,63.02,0.739657776796983
125.0,128.194222,37.871893,4030.2844464000004,41.833,80.921,63.739,0.739657776796983
125.0166,128.194228,37.8719,4032.6756024,42.037,81.064,64.475,0.739657776796983
125.0333,128.194234,37.871907,4035.0664536,42.241,81.207,65.228,0.739657776796983
125.05,128.19424,37.871914,4037.4566952,42.446,81.351,65.998,0.739657776796983
125.0666,128.194246,37.87192,4039.846632,42.655,81.496,66.786,0.739657776796983
125.0833,128.194252,37.871927,4042.2359592000003,42.869,81.642,67.593,0.739657776796983
125.1,128.194258,37.871933,4044.6249816,43.09,81.789,68.419,0.739657776796983
125.1166,128.194264,37.87194,4047.0130896000005,43.322,81.937,69.265,0.739657776796983
125.1333,128.19427,37.871946,4049.4008928000003,43.565,82.086,70.133,0.739657776796983
125.15,128.194276,37.871952,4051.7877816,43.822,82.237,71.023,0.739657776796983
125.1666,128.194282,37.871958,4054.1743656000003,44.095,82.388,71.937,0.739657776796983
125.1833,128.194288,37.871964,4056.5600352000006,44.387,82.54,72.876,0.739657776796983
125.2,128.194293,37.87197,4058.9447904,44.701,82.693,73.842,0.739657776796983
125.2166,128.194299,37.871976,4061.3289360000003,45.038,82.848,74.836,0.739657776796983
125.2333,128.194305,37.871982,4063.7121672,45.402,83.003,75.86,0.739657776796983
125.25,128.19431,37.871987,4066.0947888,45.796,83.159,76.916,0.739657776796983
125.2666,128.194316,37.871993,4068.476496,46.223,83.316,78.007,0.739657776796983
125.2833,128.194321,37.871998,4070.856984,46.686,83.474,79.136,0.739657776796983
125.3,128.194326,37.872004,4073.2368624000005,47.19,83.633,80.304,0.739657776796983
125.3166,128.194332,37.872009,4075.6155215999997,47.738,83.792,81.517,0.739657776796983
125.3333,128.194337,37.872014,4077.996924,48.33,83.952,82.772,0.739657776796983
125.35,128.194342,37.872019,4080.3774120000003,48.97,84.111,84.073,0.739657776796983
125.3666,128.194347,37.872024,4082.7585096000003,49.662,84.271,85.424,0.739657776796983
125.3833,128.194352,37.872029,4085.1396072000002,50.412,84.43,86.83,0.739657776796983
125.4,128.194357,37.872034,4087.5207048,51.225,84.59,88.294,0.739657776796983
125.4166,128.194362,37.872039,4089.9024120000004,52.108,84.749,89.824,0.739657776796983
125.4333,128.194367,37.872044,4092.2838144,53.067,84.909,91.426,0.739657776796983
125.45,128.194372,37.872048,4094.6655216,54.11,85.068,93.107,0.739657776796983
125.4666,128.194376,37.872053,4097.0472288,55.246,85.227,94.874,0.739657776796983
125.4833,128.194381,37.872057,4099.4286312,56.485,85.385,96.737,0.739657776796983
125.5,128.194385,37.872062,4101.810338400001,57.836,85.542,98.707,0.739657776796983
125.5166,128.19439,37.872066,4104.1917408,59.312,85.698,100.795,0.739657776796983
125.5333,128.194394,37.872071,4106.5731432,60.925,85.853,103.013,0.739657776796983
125.55,128.194399,37.872075,4108.9542408,62.691,86.006,105.376,0.739657776796983
125.5666,128.194403,37.872079,4111.3353384,64.626,86.156,107.9,0.739657776796983
125.5833,128.194407,37.872083,4113.7158264,66.747,86.303,110.603,0.739657776796983
125.6,128.194411,37.872087,4116.096314400001,69.074,86.446,113.503,0.739657776796983
125.6166,128.194415,37.872091,4118.476497600001,71.626,86.585,116.62,0.739657776796983
125.6333,128.194419,37.872095,4120.856376000001,74.425,86.718,119.977,0.739657776796983
125.65,128.194423,37.872099,4123.2356448,77.493,86.845,123.593,0.739657776796983
125.6666,128.194427,37.872102,4125.6149136,80.849,86.963,127.489,0.739657776796983
125.6833,128.194431,37.872106,4127.993268,84.509,87.073,131.681,0.739657776796983
125.7,128.194435,37.87211,4130.3713176,88.485,87.171,136.18,0.739657776796983
125.7166,128.194438,37.872113,4132.7487576,92.778,87.257,140.987,0.739657776796983
125.7333,128.194442,37.872117,4135.1258928,97.378,87.329,146.093,0.739657776796983
125.75,128.194445,37.87212,4137.5021136000005,102.262,87.384,151.473,0.739657776796983
125.7666,128.194449,37.872123,4139.8780296,107.385,87.421,157.085,0.739657776796983
125.7833,128.194452,37.872127,4142.2530312,112.687,87.439,162.867,0.739657776796983
125.8,128.194455,37.87213,4144.6274232000005,118.091,87.437,168.744,0.739657776796983
125.8166,128.194458,37.872133,4147.000900800001,123.512,87.412,174.63,0.739657776796983
125.8333,128.194461,37.872136,4149.3737688,128.865,87.366,180.439,0.739657776796983
125.85,128.194464,37.872139,4151.7460272,134.068,87.299,186.092,0.739657776796983
125.8666,128.194467,37.872142,4154.1170664,139.057,87.211,191.524,0.739657776796983
125.8833,128.19447,37.872145,4156.487496000001,143.783,87.104,196.687,0.739657776796983
125.9,128.194473,37.872148,4158.8567064,148.217,86.979,201.552,0.739657776796983
125.9166,128.194475,37.872151,4161.2253072,152.345,86.836,206.105,0.739657776796983
125.9333,128.194478,37.872153,4163.5942128,156.145,86.682,210.284,0.739657776796983
125.95,128.194481,37.872156,4165.962204,159.618,86.522,214.09,0.739657776796983
125.9666,128.194483,37.872159,4168.3295856,162.79,86.362,217.552,0.739657776796983
125.9833,128.194485,37.872161,4170.696357600001,165.697,86.207,220.708,0.739657776796983
126.0,128.194488,37.872164,4173.06252,168.381,86.063,223.604,0.739657776796983
126.0166,128.19449,37.872167,4175.4280728,170.89,85.935,226.29,0.739657776796983
126.0333,128.194492,37.872169,4177.7930160000005,173.272,85.824,228.816,0.739657776796983
126.05,128.194494,37.872172,4180.1573496,175.569,85.728,231.229,0.739657776796983
126.0666,128.194496,37.872174,4182.521378400001,177.815,85.647,233.565,0.739657776796983
126.0833,128.194499,37.872177,4184.8851024000005,-179.962,85.579,235.852,0.739657776796983
126.1,128.194501,37.872179,4187.247912000001,-177.745,85.522,238.113,0.739657776796983
126.1166,128.194503,37.872181,4189.6104168,-175.519,85.474,240.364,0.739657776796983
126.1333,128.194504,37.872184,4191.972616800001,-173.273,85.434,242.617,0.739657776796983
126.15,128.194506,37.872186,4194.3342072000005,-171.001,85.4,244.882,0.739657776796983
126.1666,128.194508,37.872188,4196.695188,-168.699,85.37,247.165,0.739657776796983
126.1833,128.19451,37.872191,4199.0555592,-166.365,85.343,249.469,0.739657776796983
126.2,128.194512,37.872193,4201.415625600001,-164.0,85.317,251.796,0.739657776796983
126.2166,128.194514,37.872195,4203.7750824,-161.607,85.292,254.145,0.739657776796983
126.2333,128.194515,37.872197,4206.1342344,-159.188,85.266,256.514,0.739657776796983
126.25,128.194517,37.872199,4208.492472,-156.751,85.238,258.898,0.739657776796983
126.2666,128.194518,37.872202,4210.8504048,-154.302,85.208,261.293,0.739657776796983
126.2833,128.19452,37.872204,4213.2080328,-151.848,85.174,263.692,0.739657776796983
126.3,128.194521,37.872206,4215.5650512,-149.398,85.136,266.088,0.739657776796983
126.3166,128.194523,37.872208,4217.9214600000005,-146.961,85.094,268.473,0.739657776796983
126.3333,128.194524,37.87221,4220.277564,-144.546,85.047,270.84,0.739657776796983
126.35,128.194526,37.872212,4222.6330584,-142.162,84.994,273.179,0.739657776796983
126.3666,128.194527,37.872214,4224.9879432,-139.82,84.936,275.482,0.739657776796983
126.3833,128.194528,37.872216,4227.3425232,-137.527,84.873,277.742,0.739657776796983
126.4,128.19453,37.872218,4229.6964936,-135.292,84.804,279.95,0.739657776796983
126.4166,128.194531,37.87222,4232.0501592,-133.122,84.73,282.102,0.739657776796983
126.4333,128.194532,37.872222,4234.4032152,-131.022,84.651,284.191,0.739657776796983
126.45,128.194533,37.872224,4236.7556616,-128.997,84.568,286.213,0.739657776796983
126.4666,128.194534,37.872226,4239.1078032000005,-127.05,84.48,288.165,0.739657776796983
126.4833,128.194535,37.872228,4241.4593352,-125.185,84.388,290.046,0.739657776796983
126.5,128.194536,37.87223,4243.810562400001,-123.402,84.292,291.853,0.739657776796983
126.5166,128.194537,37.872231,4246.16118,-121.702,84.194,293.587,0.739657776796983
126.5333,128.194538,37.872233,4248.5114928,-120.086,84.093,295.248,0.739657776796983
126.55,128.194539,37.872235,4250.861196000001,-118.551,83.991,296.837,0.739657776796983
126.5666,128.19454,37.872237,4253.2105943999995,-117.097,83.886,298.356,0.739657776796983
126.5833,128.194541,37.872239,4255.5593832,-115.722,83.781,299.806,0.739657776796983
126.6,128.194542,37.872241,4257.9078672,-114.423,83.676,301.19,0.739657776796983
126.6166,128.194543,37.872242,4260.2557416,-113.198,83.57,302.51,0.739657776796983
126.6333,128.194544,37.872244,4262.6033112000005,-112.045,83.465,303.769,0.739657776796983
126.65,128.194544,37.872246,4264.9502712,-110.959,83.36,304.97,0.739657776796983
126.6666,128.194545,37.872248,4267.2969264,-109.939,83.257,306.115,0.739657776796983
126.6833,128.194546,37.87225,4269.6432768,-108.98,83.155,307.208,0.739657776796983
126.7,128.194546,37.872251,4271.9890176,-108.081,83.056,308.252,0.739657776796983
126.7166,128.194547,37.872253,4274.3347584,-107.238,82.958,309.248,0.739657776796983
126.7333,128.194548,37.872255,4276.6795848,-106.448,82.863,310.201,0.739657776796983
126.75,128.194548,37.872257,4279.0244112,-105.709,82.772,311.112,0.739657776796983
126.7666,128.194549,37.872258,4281.368628,-105.016,82.683,311.985,0.739657776796983
126.7833,128.194549,37.87226,4283.71254,-104.369,82.598,312.82,0.739657776796983
126.8,128.19455,37.872262,4286.0561472,-103.764,82.516,313.622,0.739657776796983
126.8166,128.19455,37.872264,4288.3994496000005,-103.198,82.438,314.392,0.739657776796983
126.8333,128.194551,37.872265,4290.7421424,-102.67,82.365,315.132,0.739657776796983
126.85,128.194551,37.872267,4293.0848352,-102.177,82.295,315.844,0.739657776796983
126.8666,128.194552,37.872269,4295.4269184,-101.716,82.23,316.53,0.739657776796983
126.8833,128.194552,37.872271,4297.7686968,-101.286,82.17,317.192,0.739657776796983
126.9,128.194553,37.872272,4300.1101704,-100.885,82.114,317.831,0.739657776796983
126.9166,128.194553,37.872274,4302.451339200001,-100.51,82.063,318.45,0.739657776796983
126.9333,128.194554,37.872276,4304.792203200001,-100.16,82.016,319.049,0.739657776796983
126.95,128.194554,37.872278,4307.132457600001,-99.834,81.975,319.63,0.739657776796983
126.9666,128.194554,37.872279,4309.472712000001,-99.529,81.939,320.194,0.739657776796983
126.9833,128.194555,37.872281,4311.8123568,-99.243,81.907,320.743,0.739657776796983
127.0,128.194555,37.872283,4314.1520016,-98.976,81.881,321.278,0.739657776796983
127.0166,128.194555,37.872284,4316.4910368,-98.726,81.86,321.799,0.739657776796983
127.0333,128.194556,37.872286,4318.830072,-98.492,81.844,322.309,0.739657776796983
127.05,128.194556,37.872288,4321.168497600001,-98.272,81.833,322.807,0.739657776796983
127.0666,128.194556,37.87229,4323.506618400001,-98.065,81.828,323.294,0.739657776796983
127.0833,128.194556,37.872291,4325.8444344,-97.869,81.827,323.773,0.739657776796983
127.1,128.194557,37.872293,4328.1819456,-97.684,81.832,324.242,0.739657776796983
127.1166,128.194557,37.872295,4330.519152,-97.509,81.841,324.704,0.739657776796983
127.1333,128.194557,37.872297,4332.855444000001,-97.351,81.857,325.129,0.739657776796983
127.15,128.194557,37.872299,4335.1911264,-97.235,81.878,325.491,0.739657776796983
127.1666,128.194557,37.8723,4337.526504,-97.19,81.903,325.762,0.739657776796983
127.1833,128.194558,37.872302,4339.8609672,-97.241,81.933,325.917,0.739657776796983
127.2,128.194558,37.872304,4342.1951256,-97.41,81.967,325.933,0.739657776796983
127.2166,128.194558,37.872306,4344.5283696,-97.717,82.004,325.791,0.739657776796983
127.2333,128.194558,37.872307,4346.861004,-98.184,82.045,325.469,0.739657776796983
127.25,128.194558,37.872309,4349.1930288,-98.833,82.086,324.944,0.739657776796983
127.2666,128.194559,37.872311,4351.524139200001,-99.675,82.129,324.206,0.739657776796983
127.2833,128.194559,37.872313,4353.8549448,-100.703,82.17,323.262,0.739657776796983
127.3,128.194559,37.872315,4356.184836,-101.907,82.21,322.123,0.739657776796983
127.3166,128.194559,37.872317,4358.5141176,-103.276,82.248,320.798,0.739657776796983
127.3333,128.194559,37.872318,4360.8424848,-104.801,82.28,319.299,0.739657776796983
127.35,128.194559,37.87232,4363.170852,-106.469,82.307,317.637,0.739657776796983
127.3666,128.19456,37.872322,4365.4983048,-108.268,82.327,315.825,0.739657776796983
127.3833,128.19456,37.872324,4367.825148,-110.186,82.338,313.877,0.739657776796983
127.4,128.19456,37.872326,4370.151381600001,-112.208,82.339,311.806,0.739657776796983
127.4166,128.19456,37.872328,4372.4773104,-114.318,82.328,309.628,0.739657776796983
127.4333,128.19456,37.872329,4374.8026296,-116.499,82.305,307.361,0.739657776796983
127.45,128.19456,37.872331,4377.1273392,-118.733,82.269,305.024,0.739657776796983
127.4666,128.19456,37.872333,4379.4514392,-120.999,82.219,302.637,0.739657776796983
127.4833,128.19456,37.872335,4381.7752344,-123.279,82.155,300.218,0.739657776796983
127.5,128.19456,37.872337,4384.0981152,-125.555,82.077,297.787,0.739657776796983
127.5166,128.19456,37.872339,4386.4203864,-127.81,81.984,295.359,0.739657776796983
127.5333,128.19456,37.87234,4388.742048,-130.029,81.878,292.949,0.739657776796983
127.55,128.19456,37.872342,4391.0631,-132.199,81.759,290.572,0.739657776796983
127.5666,128.19456,37.872344,4393.3835424,-134.309,81.626,288.239,0.739657776796983
127.5833,128.19456,37.872346,4395.703375200001,-136.348,81.482,285.958,0.739657776796983
127.6,128.19456,37.872348,4398.022598400001,-138.31,81.326,283.737,0.739657776796983
127.6166,128.19456,37.872349,4400.3409072,-140.19,81.16,281.583,0.739657776796983
127.6333,128.194559,37.872351,4402.6586064,-141.982,80.985,279.498,0.739657776796983
127.65,128.194559,37.872353,4404.975391200001,-143.684,80.802,277.486,0.739657776796983
127.6666,128.194559,37.872355,4407.2915664,-145.295,80.611,275.548,0.739657776796983
127.6833,128.194559,37.872356,4409.6068272,-146.815,80.413,273.683,0.739657776796983
127.7,128.194558,37.872358,4411.9214784000005,-148.245,80.21,271.892,0.739657776796983
127.7166,128.194558,37.87236,4414.2352152,-149.585,80.002,270.173,0.739657776796983
127.7333,128.194558,37.872362,4416.548952,-150.853,79.793,268.543,0.739657776796983
127.75,128.194557,37.872363,4418.8617744,-152.044,79.586,267.008,0.739657776796983
127.7666,128.194557,37.872365,4421.173987200001,-153.156,79.386,265.569,0.739657776796983
127.7833,128.194556,37.872367,4423.4849808,-154.187,79.196,264.227,0.739657776796983
127.8,128.194556,37.872368,4425.7953648,-155.137,79.021,262.983,0.739657776796983
127.8166,128.194555,37.87237,4428.1045296,-156.009,78.863,261.83,0.739657776796983
127.8333,128.194555,37.872372,4430.412475200001,-156.808,78.725,260.763,0.739657776796983
127.85,128.194554,37.872373,4432.7192016,-157.541,78.607,259.773,0.739657776796983
127.8666,128.194553,37.872375,4435.024708800001,-158.218,78.507,258.851,0.739657776796983
127.8833,128.194552,37.872376,4437.3293016,-158.843,78.425,257.99,0.739657776796983
127.9,128.194551,37.872378,4439.632370400001,-159.424,78.361,257.182,0.739657776796983
127.9166,128.194551,37.872379,4441.93422,-159.964,78.313,256.422,0.739657776796983
127.9333,128.19455,37.872381,4444.2351552,-160.469,78.28,255.704,0.739657776796983
127.95,128.194549,37.872382,4446.534566400001,-160.943,78.261,255.023,0.739657776796983
127.9666,128.194548,37.872383,4448.8330632,-161.388,78.255,254.375,0.739657776796983
127.9833,128.194547,37.872385,4451.1303408,-161.809,78.261,253.757,0.739657776796983
128.0,128.194545,37.872386,4453.4263992,-162.207,78.277,253.164,0.739657776796983
128.0166,128.194544,37.872387,4455.7215432,-162.584,78.304,252.596,0.739657776796983
128.0333,128.194543,37.872389,4458.0151632,-162.941,78.339,252.049,0.739657776796983
128.05,128.194542,37.87239,4460.3081736,-163.281,78.382,251.522,0.739657776796983
128.0666,128.19454,37.872391,4462.599660000001,-163.604,78.432,251.013,0.739657776796983
128.0833,128.194539,37.872392,4464.890232000001,-163.91,78.489,250.521,0.739657776796983
128.1,128.194538,37.872394,4467.1795848,-164.201,78.552,250.045,0.739657776796983
128.1166,128.194536,37.872395,4469.4680232,-164.478,78.62,249.584,0.739657776796983
128.1333,128.194535,37.872396,4471.7555472,-164.74,78.693,249.137,0.739657776796983
128.15,128.194533,37.872397,4474.041852,-164.987,78.771,248.704,0.739657776796983
128.1666,128.194532,37.872398,4476.3272424,-165.221,78.852,248.284,0.739657776796983
128.1833,128.19453,37.872399,4478.611413600001,-165.441,78.937,247.877,0.739657776796983
128.2,128.194528,37.8724,4480.8946704,-165.648,79.025,247.482,0.739657776796983
128.2166,128.194527,37.872401,4483.1770128,-165.841,79.116,247.1,0.739657776796983
128.2333,128.194525,37.872402,4485.4584408,-166.021,79.208,246.729,0.739657776796983
128.25,128.194523,37.872403,4487.7386496,-166.187,79.303,246.371,0.739657776796983
128.2666,128.194522,37.872404,4490.017944,-166.34,79.398,246.024,0.739657776796983
128.2833,128.19452,37.872405,4492.296324,-166.479,79.495,245.69,0.739657776796983
128.3,128.194518,37.872406,4494.5737896,-166.605,79.593,245.368,0.739657776796983
128.3166,128.194516,37.872407,4496.850340800001,-166.716,79.691,245.058,0.739657776796983
128.3333,128.194514,37.872408,4499.125977600001,-166.813,79.79,244.761,0.739657776796983
128.35,128.194512,37.872409,4501.4003952,-166.896,79.889,244.477,0.739657776796983
128.3666,128.19451,37.872409,4503.6742032,-166.964,79.988,244.206,0.739657776796983
128.3833,128.194508,37.87241,4505.946792000001,-167.017,80.086,243.949,0.739657776796983
128.4,128.194506,37.872411,4508.2187712,-167.054,80.185,243.705,0.739657776796983
128.4166,128.194504,37.872412,4510.4895312,-167.076,80.283,243.477,0.739657776796983
128.4333,128.194502,37.872413,4512.7596816000005,-167.081,80.38,243.263,0.739657776796983
128.45,128.1945,37.872413,4515.0289176,-167.07,80.477,243.064,0.739657776796983
128.4666,128.194498,37.872414,4517.2972392,-167.043,80.573,242.882,0.739657776796983
128.4833,128.194495,37.872415,4519.5643416,-166.998,80.668,242.715,0.739657776796983
128.5,128.194493,37.872415,4521.830834400001,-166.936,80.762,242.566,0.739657776796983
128.5166,128.194491,37.872416,4524.0967176,-166.855,80.855,242.433,0.739657776796983
128.5333,128.194489,37.872416,4526.3613816,-166.757,80.946,242.318,0.739657776796983
128.55,128.194486,37.872417,4528.625436,-166.64,81.037,242.222,0.739657776796983
128.5666,128.194484,37.872418,4530.8882712,-166.504,81.127,242.144,0.739657776796983
128.5833,128.194482,37.872418,4533.1504968,-166.349,81.215,242.085,0.739657776796983
128.6,128.194479,37.872419,4535.4121128,-166.174,81.301,242.045,0.739657776796983
128.6166,128.194477,37.872419,4537.672814400001,-165.98,81.387,242.026,0.739657776796983
128.6333,128.194475,37.87242,4539.9326016,-165.765,81.471,242.027,0.739657776796983
128.65,128.194472,37.87242,4542.1914744000005,-165.53,81.553,242.049,0.739657776796983
128.6666,128.19447,37.872421,4544.4497376,-165.275,81.634,242.092,0.739657776796983
128.6833,128.194467,37.872421,4546.707086400001,-164.998,81.713,242.156,0.739657776796983
128.7,128.194465,37.872422,4548.963825600001,-164.701,81.791,242.242,0.739657776796983
128.7166,128.194462,37.872422,4551.2196504,-164.382,81.866,242.351,0.739657776796983
128.7333,128.19446,37.872422,4553.4748656,-164.042,81.941,242.482,0.739657776796983
128.75,128.194457,37.872423,4555.7291664,-163.681,82.013,242.635,0.739657776796983
128.7666,128.194455,37.872423,4557.9825528,-163.298,82.084,242.812,0.739657776796983
128.7833,128.194452,37.872423,4560.2353296,-162.893,82.152,243.011,0.739657776796983
128.8,128.19445,37.872424,4562.4874968,-162.467,82.219,243.234,0.739657776796983
128.8166,128.194447,37.872424,4564.7387496,-162.019,82.284,243.479,0.739657776796983
128.8333,128.194444,37.872424,4566.9893928,-161.549,82.347,243.748,0.739657776796983
128.85,128.194442,37.872425,4569.2391216,-161.059,82.409,244.041,0.739657776796983
128.8666,128.194439,37.872425,4571.4882408,-160.547,82.468,244.356,0.739657776796983
128.8833,128.194436,37.872425,4573.7364456000005,-160.014,82.525,244.694,0.739657776796983
128.9,128.194434,37.872425,4575.9840408,-159.46,82.58,245.056,0.739657776796983
128.9166,128.194431,37.872426,4578.2307216,-158.886,82.633,245.44,0.739657776796983
128.9333,128.194428,37.872426,4580.4767928,-158.293,82.683,245.846,0.739657776796983
128.95,128.194426,37.872426,4582.722254400001,-157.68,82.732,246.274,0.739657776796983
128.9666,128.194423,37.872426,4584.9668016000005,-157.048,82.778,246.723,0.739657776796983
128.9833,128.19442,37.872426,4587.210739200001,-156.397,82.822,247.194,0.739657776796983
129.0,128.194417,37.872427,4589.4540672,-155.729,82.863,247.684,0.739657776796983
129.0166,128.194414,37.872427,4591.6964808,-155.044,82.903,248.195,0.739657776796983
129.0333,128.194412,37.872427,4593.9382848000005,-154.343,82.94,248.725,0.739657776796983
129.05,128.194409,37.872427,4596.1794792,-153.626,82.974,249.273,0.739657776796983
129.0666,128.194406,37.872427,4598.4197592,-152.895,83.006,249.839,0.739657776796983
129.0833,128.194403,37.872427,4600.6594296,-152.15,83.036,250.421,0.739657776796983
129.1,128.1944,37.872427,4602.8984904,-151.393,83.063,251.02,0.739657776796983
129.1166,128.194397,37.872427,4605.1366368,-150.624,83.088,251.633,0.739657776796983
129.1333,128.194395,37.872427,4607.374478400001,-149.844,83.11,252.26,0.739657776796983
129.15,128.194392,37.872427,4609.611405600001,-149.055,83.13,252.9,0.739657776796983
129.1666,128.194389,37.872428,4611.8477232000005,-148.258,83.147,253.552,0.739657776796983
129.1833,128.194386,37.872428,4614.0834312,-147.453,83.162,254.215,0.739657776796983
129.2,128.194383,37.872428,4616.3182248,-146.643,83.174,254.887,0.739657776796983
129.2166,128.19438,37.872428,4618.5527136,-145.827,83.184,255.567,0.739657776796983
129.2333,128.194377,37.872428,4620.786288,-145.008,83.191,256.255,0.739657776796983
129.25,128.194374,37.872428,4623.019252800001,-144.187,83.196,256.948,0.739657776796983
129.2666,128.194371,37.872428,4625.251608,-143.364,83.199,257.647,0.739657776796983
129.2833,128.194368,37.872428,4627.4833536,-142.541,83.199,258.35,0.739657776796983
129.3,128.194365,37.872428,4629.714489600001,-141.719,83.197,259.055,0.739657776796983
129.3166,128.194362,37.872428,4631.9447112,-140.9,83.192,259.761,0.739657776796983
129.3333,128.194359,37.872428,4634.174628000001,-140.084,83.186,260.468,0.739657776796983
129.35,128.194356,37.872428,4636.4036304,-139.272,83.177,261.175,0.739657776796983
129.3666,128.194353,37.872427,4638.632328000001,-138.466,83.166,261.88,0.739657776796983
129.3833,128.19435,37.872427,4640.860111200001,-137.667,83.154,262.582,0.739657776796983
129.4,128.194347,37.872427,4643.087589600001,-136.874,83.139,263.28,0.739657776796983
129.4166,128.194344,37.872427,4645.3141536,-136.091,83.122,263.974,0.739657776796983
129.4333,128.194341,37.872427,4647.5404128,-135.316,83.104,264.662,0.739657776796983
129.45,128.194338,37.872427,4649.7657576,-134.551,83.084,265.345,0.739657776796983
129.4666,128.194335,37.872427,4651.9907976,-133.798,83.062,266.02,0.739657776796983
129.4833,128.194332,37.872427,4654.2149232,-133.055,83.038,266.688,0.739657776796983
129.5,128.194329,37.872427,4656.438744,-132.325,83.014,267.347,0.739657776796983
129.5166,128.194326,37.872427,4658.6616504,-131.608,82.988,267.998,0.739657776796983
129.5333,128.194323,37.872427,4660.884252,-130.925,82.958,268.617,0.739657776796983
129.55,128.19432,37.872427,4663.105939200001,-130.299,82.923,269.183,0.739657776796983
129.5666,128.194317,37.872426,4665.327016800001,-129.752,82.88,269.673,0.739657776796983
129.5833,128.194313,37.872426,4667.5474848,-129.304,82.827,270.068,0.739657776796983
129.6,128.19431,37.872426,4669.7670384,-128.968,82.765,270.353,0.739657776796983
129.6166,128.194307,37.872426,4671.985677600001,-128.757,82.691,270.516,0.739657776796983
129.6333,128.194304,37.872426,4674.2037072,-128.681,82.604,270.546,0.739657776796983
129.65,128.194301,37.872426,4676.4205176000005,-128.751,82.503,270.433,0.739657776796983
129.6666,128.194298,37.872426,4678.6367184,-128.962,82.388,270.181,0.739657776796983
129.6833,128.194294,37.872426,4680.8517,-129.307,82.258,269.798,0.739657776796983
129.7,128.194291,37.872425,4683.0657672,-129.776,82.114,269.293,0.739657776796983
129.7166,128.194288,37.872425,4685.2792248000005,-130.358,81.956,268.676,0.739657776796983
129.7333,128.194285,37.872425,4687.4914632,-131.044,81.782,267.959,0.739657776796983
129.75,128.194282,37.872425,4689.702787200001,-131.818,81.593,267.155,0.739657776796983
129.7666,128.194278,37.872425,4691.9135016,-132.664,81.389,266.281,0.739657776796983
129.7833,128.194275,37.872424,4694.1229968,-133.568,81.172,265.352,0.739657776796983
129.8,128.194272,37.872424,4696.3315776,-134.516,80.94,264.381,0.739657776796983
129.8166,128.194269,37.872424,4698.5395488,-135.497,80.695,263.38,0.739657776796983
129.8333,128.194265,37.872424,4700.7463008,-136.498,80.438,262.361,0.739657776796983
129.85,128.194262,37.872424,4702.9524432,-137.512,80.167,261.332,0.739657776796983
129.8666,128.194259,37.872423,4705.157671200001,-138.529,79.885,260.302,0.739657776796983
129.8833,128.194255,37.872423,4707.361984800001,-139.543,79.592,259.278,0.739657776796983
129.9,128.194252,37.872423,4709.565384,-140.549,79.287,258.265,0.739657776796983
129.9166,128.194248,37.872422,4711.7678688000005,-141.542,78.973,257.268,0.739657776796983
129.9333,128.194245,37.872422,4713.9694392,-142.516,78.649,256.292,0.739657776796983
129.95,128.194241,37.872422,4716.1697904,-143.469,78.317,255.341,0.739657776796983
129.9666,128.194238,37.872421,4718.369532000001,-144.398,77.978,254.418,0.739657776796983
129.9833,128.194234,37.872421,4720.568054400001,-145.301,77.633,253.523,0.739657776796983
130.0,128.194231,37.872421,4722.7659672,-146.177,77.281,252.659,0.739657776796983
130.0166,128.194227,37.87242,4724.9626608,-147.025,76.925,251.826,0.739657776796983
130.0333,128.194224,37.87242,4727.1581352,-147.846,76.566,251.024,0.739657776796983
130.05,128.19422,37.872419,4729.3526952,-148.639,76.203,250.254,0.739657776796983
130.0666,128.194217,37.872419,4731.5463408000005,-149.406,75.837,249.513,0.739657776796983
130.0833,128.194213,37.872418,4733.738462400001,-150.146,75.471,248.803,0.739657776796983
130.1,128.194209,37.872418,4735.9296696,-150.861,75.103,248.121,0.739657776796983
130.1166,128.194205,37.872417,4738.1196576,-151.552,74.735,247.468,0.739657776796983
130.1333,128.194202,37.872417,4740.3084264,-152.219,74.367,246.842,0.739657776796983
130.15,128.194198,37.872416,4742.495976,-152.864,74.001,246.242,0.739657776796983
130.1666,128.194194,37.872415,4744.6823064,-153.488,73.636,245.667,0.739657776796983
130.1833,128.19419,37.872415,4746.8671128,-154.092,73.273,245.116,0.739657776796983
130.2,128.194186,37.872414,4749.050700000001,-154.677,72.912,244.588,0.739657776796983
130.2166,128.194182,37.872413,4751.2327632,-155.245,72.554,244.081,0.739657776796983
130.2333,128.194178,37.872413,4753.4136072,-155.795,72.2,243.595,0.739657776796983
130.25,128.194174,37.872412,4755.5929272,-156.33,71.849,243.128,0.739657776796983
130.2666,128.19417,37.872411,4757.7704184,-156.85,71.502,242.68,0.739657776796983
130.2833,128.194166,37.87241,4759.9466904,-157.355,71.159,242.249,0.739657776796983
130.3,128.194162,37.872409,4762.1214384,-157.848,70.82,241.834,0.739657776796983
130.3166,128.194158,37.872408,4764.294662400001,-158.328,70.486,241.435,0.739657776796983
130.3333,128.194154,37.872407,4766.466057600001,-158.797,70.157,241.051,0.739657776796983
130.35,128.19415,37.872407,4768.6359288,-159.254,69.833,240.681,0.739657776796983
130.3666,128.194145,37.872406,4770.8039712,-159.701,69.513,240.324,0.739657776796983
130.3833,128.194141,37.872405,4772.9704896,-160.138,69.199,239.979,0.739657776796983
130.4,128.194137,37.872404,4775.1348744,-160.567,68.889,239.646,0.739657776796983
130.4166,128.194132,37.872402,4777.297735200001,-160.986,68.584,239.324,0.739657776796983
130.4333,128.194128,37.872401,4779.4587672,-161.397,68.284,239.011,0.739657776796983
130.45,128.194124,37.8724,4781.617970400001,-161.8,67.988,238.709,0.739657776796983
130.4666,128.194119,37.872399,4783.77504,-162.195,67.698,238.415,0.739657776796983
130.4833,128.194115,37.872398,4785.9302808,-162.583,67.411,238.131,0.739657776796983
130.5,128.19411,37.872397,4788.0836928,-162.964,67.13,237.854,0.739657776796983
130.5166,128.194105,37.872395,4790.2349712000005,-163.337,66.853,237.585,0.739657776796983
130.5333,128.194101,37.872394,4792.384116,-163.703,66.58,237.324,0.739657776796983
130.55,128.194096,37.872393,4794.531432000001,-164.062,66.311,237.07,0.739657776796983
130.5666,128.194091,37.872391,4796.6763096,-164.414,66.047,236.823,0.739657776796983
130.5833,128.194087,37.87239,4798.8193584,-164.758,65.786,236.583,0.739657776796983
130.6,128.194082,37.872389,4800.960273600001,-165.096,65.53,236.349,0.739657776796983
130.6166,128.194077,37.872387,4803.0987504,-165.425,65.277,236.121,0.739657776796983
130.6333,128.194072,37.872386,4805.2350936,-165.748,65.028,235.899,0.739657776796983
130.65,128.194067,37.872384,4807.3693032,-166.063,64.783,235.683,0.739657776796983
130.6666,128.194062,37.872383,4809.5010744,-166.37,64.541,235.472,0.739657776796983
130.6833,128.194057,37.872381,4811.6304072,-166.669,64.302,235.267,0.739657776796983
130.7,128.194052,37.872379,4813.7576064,-166.961,64.067,235.068,0.739657776796983
130.7166,128.194047,37.872378,4815.8823672,-167.244,63.835,234.874,0.739657776796983
130.7333,128.194042,37.872376,4818.0049944,-167.519,63.606,234.685,0.739657776796983
130.75,128.194036,37.872374,4820.124878400001,-167.785,63.38,234.501,0.739657776796983
130.7666,128.194031,37.872372,4822.242324,-168.042,63.157,234.322,0.739657776796983
130.7833,128.194026,37.872371,4824.357636,-168.291,62.937,234.148,0.739657776796983
130.8,128.19402,37.872369,4826.4702048,-168.531,62.719,233.979,0.739657776796983
130.8166,128.194015,37.872367,4828.5800304,-168.762,62.504,233.814,0.739657776796983
130.8333,128.19401,37.872365,4830.6877224,-168.984,62.291,233.655,0.739657776796983
130.85,128.194004,37.872363,4832.792671200001,-169.196,62.081,233.5,0.739657776796983
130.8666,128.193999,37.872361,4834.8948768,-169.399,61.873,233.35,0.739657776796983
130.8833,128.193993,37.872359,4836.994644,-169.592,61.667,233.204,0.739657776796983
130.9,128.193987,37.872357,4839.091668,-169.776,61.463,233.063,0.739657776796983
130.9166,128.193982,37.872355,4841.185948800001,-169.95,61.261,232.927,0.739657776796983
130.9333,128.193976,37.872353,4843.2774864,-170.113,61.06,232.795,0.739657776796983
130.95,128.19397,37.87235,4845.3665856,-170.267,60.862,232.668,0.739657776796983
130.9666,128.193965,37.872348,4847.452636800001,-170.411,60.665,232.545,0.739657776796983
130.9833,128.193959,37.872346,4849.5362496,-170.546,60.47,232.427,0.739657776796983
131.0,128.193953,37.872344,4851.6168144,-170.67,60.276,232.313,0.739657776796983
131.0166,128.193947,37.872341,4853.694636,-170.785,60.084,232.204,0.739657776796983
131.0333,128.193941,37.872339,4855.7694096000005,-170.89,59.894,232.099,0.739657776796983
131.05,128.193935,37.872336,4857.8417448,-170.986,59.704,231.998,0.739657776796983
131.0666,128.193929,37.872334,4859.9107272,-171.072,59.516,231.901,0.739657776796983
131.0833,128.193923,37.872332,4861.9772712,-171.149,59.329,231.808,0.739657776796983
131.1,128.193917,37.872329,4864.0404624,-171.218,59.143,231.719,0.739657776796983
131.1166,128.19391,37.872326,4866.1009104,-171.278,58.958,231.633,0.739657776796983
131.1333,128.193904,37.872324,4868.1583104,-171.329,58.774,231.552,0.739657776796983
131.15,128.193898,37.872321,4870.2129672,-171.372,58.592,231.474,0.739657776796983
131.1666,128.193892,37.872319,4872.264271200001,-171.408,58.41,231.399,0.739657776796983
131.1833,128.193885,37.872316,4874.3128320000005,-171.436,58.229,231.328,0.739657776796983
131.2,128.193879,37.872313,4876.3583448,-171.457,58.048,231.26,0.739657776796983
131.2166,128.193872,37.87231,4878.4005048,-171.471,57.869,231.195,0.739657776796983
131.2333,128.193866,37.872307,4880.4399216,-171.478,57.69,231.133,0.739657776796983
131.25,128.193859,37.872305,4882.4759856,-171.48,57.512,231.073,0.739657776796983
131.2666,128.193853,37.872302,4884.5090016,-171.476,57.335,231.016,0.739657776796983
131.2833,128.193846,37.872299,4886.5386648,-171.466,57.158,230.962,0.739657776796983
131.3,128.193839,37.872296,4888.565584800001,-171.452,56.982,230.91,0.739657776796983
131.3166,128.193833,37.872293,4890.5888472,-171.432,56.806,230.86,0.739657776796983
131.3333,128.193826,37.87229,4892.609671200001,-171.387,56.635,230.811,0.739657776796983
131.35,128.193819,37.872286,4894.6271424,-171.315,56.47,230.763,0.739657776796983
131.3666,128.193812,37.872283,4896.6418704,-171.217,56.315,230.718,0.739657776796983
131.3833,128.193805,37.87228,4898.6538552,-171.093,56.169,230.675,0.739657776796983
131.4,128.193798,37.872277,4900.6630968,-170.944,56.031,230.635,0.739657776796983
131.4166,128.193791,37.872274,4902.6699,-170.771,55.902,230.595,0.739657776796983
131.4333,128.193784,37.872271,4904.67396,-170.575,55.78,230.558,0.739657776796983
131.45,128.193777,37.872267,4906.6755816,-170.357,55.665,230.522,0.739657776796983
131.4666,128.19377,37.872264,4908.6750696,-170.117,55.556,230.486,0.739657776796983
131.4833,128.193763,37.872261,4910.671814400001,-169.856,55.454,230.452,0.739657776796983
131.5,128.193756,37.872257,4912.6664256,-169.576,55.357,230.418,0.739657776796983
131.5166,128.193749,37.872254,4914.6585984,-169.276,55.265,230.385,0.739657776796983
131.5333,128.193742,37.87225,4916.6483328,-168.959,55.179,230.353,0.739657776796983
131.55,128.193735,37.872247,4918.6359336000005,-168.624,55.096,230.32,0.739657776796983
131.5666,128.193727,37.872244,4920.6207912,-168.272,55.019,230.288,0.739657776796983
131.5833,128.19372,37.87224,4922.6035152,-167.905,54.945,230.255,0.739657776796983
131.6,128.193713,37.872236,4924.5838008,-167.524,54.875,230.223,0.739657776796983
131.6166,128.193705,37.872233,4926.561952800001,-167.128,54.808,230.19,0.739657776796983
131.6333,128.193698,37.872229,4928.5376664000005,-166.72,54.744,230.156,0.739657776796983
131.65,128.193691,37.872226,4930.5109416000005,-166.299,54.684,230.122,0.739657776796983
131.6666,128.193683,37.872222,4932.4820832,-165.867,54.627,230.088,0.739657776796983
131.6833,128.193676,37.872218,4934.450786400001,-165.424,54.572,230.052,0.739657776796983
131.7,128.193668,37.872215,4936.417356,-164.971,54.519,230.015,0.739657776796983
131.7166,128.193661,37.872211,4938.3814872,-164.509,54.469,229.978,0.739657776796983
131.7333,128.193653,37.872207,4940.343484800001,-164.039,54.421,229.939,0.739657776796983
131.75,128.193645,37.872203,4942.303044,-163.562,54.374,229.898,0.739657776796983
131.7666,128.193638,37.8722,4944.2604696,-163.077,54.33,229.857,0.739657776796983
131.7833,128.19363,37.872196,4946.2157616,-162.586,54.288,229.814,0.739657776796983
131.8,128.193623,37.872192,4948.1686152,-162.09,54.246,229.769,0.739657776796983
131.8166,128.193615,37.872188,4950.119335200001,-161.589,54.207,229.723,0.739657776796983
131.8333,128.193607,37.872184,4952.067616800001,-161.083,54.169,229.675,0.739657776796983
131.85,128.193599,37.87218,4954.0140696,-160.574,54.131,229.625,0.739657776796983
131.8666,128.193592,37.872176,4955.958084,-160.061,54.095,229.573,0.739657776796983
131.8833,128.193584,37.872172,4957.8999648,-159.546,54.061,229.519,0.739657776796983
131.9,128.193576,37.872168,4959.840016800001,-159.028,54.026,229.462,0.739657776796983
131.9166,128.193568,37.872164,4961.777630400001,-158.509,53.993,229.404,0.739657776796983
131.9333,128.19356,37.87216,4963.7128056,-158.015,53.963,229.348,0.739657776796983
131.95,128.193552,37.872156,4965.6458472,-157.547,53.939,229.296,0.739657776796983
131.9666,128.193545,37.872152,4967.5761456,-157.102,53.924,229.25,0.739657776796983
131.9833,128.193537,37.872148,4969.5043104,-156.68,53.918,229.211,0.739657776796983
132.0,128.193529,37.872143,4971.4297320000005,-156.28,53.92,229.177,0.739657776796983
132.0166,128.193521,37.872139,4973.3527152,-155.902,53.93,229.148,0.739657776796983
132.0333,128.193513,37.872135,4975.2729552,-155.544,53.947,229.125,0.739657776796983
132.05,128.193505,37.872131,4977.190452,-155.207,53.971,229.106,0.739657776796983
132.0666,128.193496,37.872126,4979.105205600001,-154.891,54.002,229.091,0.739657776796983
132.0833,128.193488,37.872122,4981.0169112,-154.593,54.039,229.08,0.739657776796983
132.1,128.19348,37.872118,4982.926178400001,-154.314,54.081,229.073,0.739657776796983
132.1166,128.193472,37.872113,4984.8320928,-154.053,54.129,229.07,0.739657776796983
132.1333,128.193464,37.872109,4986.735568800001,-153.809,54.181,229.07,0.739657776796983
132.15,128.193456,37.872104,4988.6363016000005,-153.581,54.238,229.072,0.739657776796983
132.1666,128.193447,37.8721,4990.534291200001,-153.368,54.3,229.078,0.739657776796983
132.1833,128.193439,37.872095,4992.4298424,-153.171,54.365,229.086,0.739657776796983
132.2,128.193431,37.87209,4994.3226504,-152.988,54.434,229.096,0.739657776796983
132.2166,128.193423,37.872086,4996.213020000001,-152.818,54.506,229.109,0.739657776796983
132.2333,128.193414,37.872081,4998.100951200001,-152.66,54.581,229.124,0.739657776796983
132.25,128.193406,37.872076,4999.986444,-152.514,54.659,229.141,0.739657776796983
132.2666,128.193398,37.872072,5001.8698032,-152.379,54.74,229.159,0.739657776796983
132.2833,128.193389,37.872067,5003.750419200001,-152.255,54.823,229.18,0.739657776796983
132.3,128.193381,37.872062,5005.628901600001,-152.141,54.908,229.201,0.739657776796983
132.3166,128.193372,37.872057,5007.504945600001,-152.036,54.995,229.225,0.739657776796983
132.3333,128.193364,37.872052,5009.379160800001,-151.94,55.083,229.249,0.739657776796983
132.35,128.193355,37.872048,5011.250632800001,-151.852,55.173,229.275,0.739657776796983
132.3666,128.193347,37.872043,5013.120276,-151.771,55.263,229.301,0.739657776796983
132.3833,128.193338,37.872038,5014.9877856,-151.698,55.355,229.328,0.739657776796983
132.4,128.19333,37.872033,5016.8531616,-151.632,55.447,229.357,0.739657776796983
132.4166,128.193321,37.872028,5018.716708800001,-151.572,55.54,229.386,0.739657776796983
132.4333,128.193313,37.872023,5020.5778176,-151.517,55.633,229.415,0.739657776796983
132.45,128.193304,37.872018,5022.437097600001,-151.468,55.727,229.445,0.739657776796983
132.4666,128.193296,37.872013,5024.2945488,-151.424,55.82,229.476,0.739657776796983
132.4833,128.193287,37.872008,5026.1498664,-151.384,55.914,229.507,0.739657776796983
132.5,128.193278,37.872003,5028.0033552,-151.348,56.008,229.539,0.739657776796983
132.5166,128.19327,37.871997,5029.855015200001,-151.316,56.101,229.571,0.739657776796983
132.5333,128.193261,37.871992,5031.704846400001,-151.287,56.194,229.603,0.739657776796983
132.55,128.193252,37.871987,5033.552544,-151.261,56.287,229.636,0.739657776796983
132.5666,128.193244,37.871982,5035.3987176,-151.238,56.379,229.669,0.739657776796983
132.5833,128.193235,37.871977,5037.2430624,-151.217,56.47,229.703,0.739657776796983
132.6,128.193226,37.871972,5039.0858832,-151.198,56.561,229.736,0.739657776796983
132.6166,128.193217,37.871966,5040.926570400001,-151.181,56.652,229.77,0.739657776796983
132.6333,128.193209,37.871961,5042.765733600001,-151.166,56.741,229.804,0.739657776796983
132.65,128.1932,37.871956,5044.6033728,-151.152,56.83,229.838,0.739657776796983
132.6666,128.193191,37.87195,5046.439183200001,-151.139,56.918,229.873,0.739657776796983
132.6833,128.193182,37.871945,5048.273469600001,-151.127,57.005,229.907,0.739657776796983
132.7,128.193173,37.87194,5050.106232,-151.116,57.091,229.942,0.739657776796983
132.7166,128.193164,37.871934,5051.937470400001,-151.105,57.176,229.977,0.739657776796983
132.7333,128.193156,37.871929,5053.76688,-151.095,57.26,230.011,0.739657776796983
132.75,128.193147,37.871924,5055.595070400001,-151.085,57.343,230.046,0.739657776796983
132.7666,128.193138,37.871918,5057.4217368,-151.075,57.425,230.082,0.739657776796983
132.7833,128.193129,37.871913,5059.246574400001,-151.065,57.506,230.117,0.739657776796983
132.8,128.19312,37.871907,5061.070192800001,-151.056,57.585,230.152,0.739657776796983
132.8166,128.193111,37.871902,5062.8922872,-151.045,57.664,230.188,0.739657776796983
132.8333,128.193102,37.871896,5064.7128576,-151.035,57.742,230.223,0.739657776796983
132.85,128.193093,37.871891,5066.5322088,-151.024,57.818,230.259,0.739657776796983
132.8666,128.193084,37.871885,5068.350036,-151.012,57.893,230.295,0.739657776796983
132.8833,128.193075,37.87188,5070.1663392,-151.0,57.968,230.331,0.739657776796983
132.9,128.193066,37.871874,5071.981423200001,-150.988,58.041,230.367,0.739657776796983
132.9166,128.193057,37.871869,5073.795288,-150.974,58.113,230.403,0.739657776796983
132.9333,128.193048,37.871863,5075.6076288,-150.96,58.183,230.439,0.739657776796983
132.95,128.193039,37.871858,5077.4187504,-150.945,58.253,230.475,0.739657776796983
132.9666,128.19303,37.871852,5079.228348,-150.929,58.321,230.512,0.739657776796983
132.9833,128.193021,37.871846,5081.0367264,-150.913,58.389,230.548,0.739657776796983
133.0,128.193012,37.871841,5082.8438856,-150.895,58.455,230.585,0.739657776796983
133.0166,128.193003,37.871835,5084.6498255999995,-150.877,58.52,230.621,0.739657776796983
133.0333,128.192993,37.871829,5086.4542416,-150.858,58.584,230.658,0.739657776796983
133.05,128.192984,37.871824,5088.2577432,-150.837,58.647,230.695,0.739657776796983
133.0666,128.192975,37.871818,5090.0600256,-150.816,58.709,230.732,0.739657776796983
133.0833,128.192966,37.871812,5091.860784,-150.794,58.769,230.769,0.739657776796983
133.1,128.192957,37.871807,5093.6606280000005,-150.771,58.829,230.806,0.739657776796983
133.1166,128.192948,37.871801,5095.4592528,-150.747,58.887,230.843,0.739657776796983
133.1333,128.192938,37.871795,5097.2566584,-150.705,58.943,230.875,0.739657776796983
133.15,128.192929,37.871789,5099.0531496,-150.648,58.993,230.9,0.739657776796983
133.1666,128.19292,37.871784,5100.8490312,-150.578,59.035,230.916,0.739657776796983
133.1833,128.192911,37.871778,5102.6436936,-150.496,59.067,230.919,0.739657776796983
133.2,128.192902,37.871772,5104.437746400001,-150.406,59.088,230.908,0.739657776796983
133.2166,128.192892,37.871766,5106.2308848,-150.308,59.096,230.884,0.739657776796983
133.2333,128.192883,37.871761,5108.023718400001,-150.2,59.093,230.846,0.739657776796983
133.25,128.192874,37.871755,5109.8159424000005,-150.083,59.08,230.795,0.739657776796983
133.2666,128.192864,37.871749,5111.6078615999995,-149.957,59.056,230.733,0.739657776796983
133.2833,128.192855,37.871743,5113.3991712,-149.821,59.022,230.659,0.739657776796983
133.3,128.192846,37.871738,5115.190176,-149.675,58.978,230.574,0.739657776796983
133.3166,128.192837,37.871732,5116.9805712,-149.519,58.926,230.479,0.739657776796983
133.3333,128.192827,37.871726,5118.770356800001,-149.352,58.865,230.374,0.739657776796983
133.35,128.192818,37.87172,5120.559837600001,-149.175,58.796,230.261,0.739657776796983
133.3666,128.192809,37.871714,5122.348404,-148.986,58.72,230.139,0.739657776796983
133.3833,128.192799,37.871709,5124.136970400001,-148.786,58.636,230.009,0.739657776796983
133.4,128.19279,37.871703,5125.9246224,-148.575,58.546,229.873,0.739657776796983
133.4166,128.192781,37.871697,5127.711969600001,-148.352,58.451,229.73,0.739657776796983
133.4333,128.192771,37.871691,5129.4984024,-148.117,58.349,229.581,0.739657776796983
133.45,128.192762,37.871685,5131.2845304,-147.87,58.243,229.426,0.739657776796983
133.4666,128.192752,37.87168,5133.0700488,-147.611,58.132,229.267,0.739657776796983
133.4833,128.192743,37.871674,5134.8546528,-147.339,58.016,229.103,0.739657776796983
133.5,128.192733,37.871668,5136.638952000001,-147.056,57.897,228.934,0.739657776796983
133.5166,128.192724,37.871662,5138.4226416,-146.759,57.774,228.762,0.739657776796983
133.5333,128.192715,37.871656,5140.2054167999995,-146.451,57.649,228.587,0.739657776796983
133.55,128.192705,37.87165,5141.9875824,-146.13,57.52,228.408,0.739657776796983
133.5666,128.192696,37.871644,5143.769138400001,-145.796,57.389,228.226,0.739657776796983
133.5833,128.192686,37.871638,5145.549779999999,-145.451,57.255,228.042,0.739657776796983
133.6,128.192677,37.871633,5147.329812,-145.093,57.12,227.855,0.739657776796983
133.6166,128.192667,37.871627,5149.1089296,-144.723,56.983,227.667,0.739657776796983
133.6333,128.192658,37.871621,5150.8874376,-144.341,56.845,227.476,0.739657776796983
133.65,128.192648,37.871615,5152.6650312,-143.946,56.705,227.283,0.739657776796983
133.6666,128.192639,37.871609,5154.4420152,-143.541,56.565,227.09,0.739657776796983
133.6833,128.192629,37.871603,5156.2180848,-143.123,56.424,226.894,0.739657776796983
133.7,128.19262,37.871597,5157.99324,-142.694,56.283,226.697,0.739657776796983
133.7166,128.19261,37.871591,5159.7674808,-142.253,56.141,226.5,0.739657776796983
133.7333,128.1926,37.871585,5161.5405024,-141.835,55.996,226.3,0.739657776796983
133.75,128.192591,37.871579,5163.312304800001,-141.442,55.845,226.096,0.739657776796983
133.7666,128.192581,37.871573,5165.082888000001,-141.079,55.687,225.883,0.739657776796983
133.7833,128.192572,37.871567,5166.851642400001,-140.744,55.519,225.659,0.739657776796983
133.8,128.192562,37.871561,5168.618872800001,-140.44,55.341,225.424,0.739657776796983
133.8166,128.192552,37.871555,5170.3842744,-140.165,55.154,225.177,0.739657776796983
133.8333,128.192543,37.871549,5172.148152000001,-139.917,54.958,224.92,0.739657776796983
133.85,128.192533,37.871543,5173.9095912,-139.696,54.755,224.653,0.739657776796983
133.8666,128.192523,37.871536,5175.669201600001,-139.5,54.544,224.376,0.739657776796983
133.8833,128.192514,37.87153,5177.426983200001,-139.327,54.326,224.092,0.739657776796983
133.9,128.192504,37.871524,5179.1820216,-139.177,54.101,223.8,0.739657776796983
133.9166,128.192494,37.871518,5180.9349264,-139.049,53.871,223.501,0.739657776796983
133.9333,128.192485,37.871511,5182.685392800001,-138.94,53.636,223.196,0.739657776796983
133.95,128.192475,37.871505,5184.4334208,-138.851,53.396,222.886,0.739657776796983
133.9666,128.192465,37.871499,5186.179315200001,-138.778,53.152,222.573,0.739657776796983
133.9833,128.192456,37.871492,5187.9227712,-138.722,52.905,222.255,0.739657776796983
134.0,128.192446,37.871486,5189.6637888,-138.682,52.654,221.935,0.739657776796983
134.0166,128.192436,37.87148,5191.402368,-138.655,52.401,221.613,0.739657776796983
134.0333,128.192426,37.871473,5193.138204,-138.642,52.146,221.29,0.739657776796983
134.05,128.192417,37.871467,5194.871906400001,-138.641,51.888,220.965,0.739657776796983
134.0666,128.192407,37.87146,5196.603170400001,-138.651,51.63,220.64,0.739657776796983
134.0833,128.192397,37.871453,5198.3316912,-138.673,51.37,220.315,0.739657776796983
134.1,128.192387,37.871447,5200.0577736000005,-138.704,51.11,219.991,0.739657776796983
134.1166,128.192378,37.87144,5201.7814176,-138.744,50.849,219.668,0.739657776796983
134.1333,128.192368,37.871433,5203.5023184,-138.792,50.588,219.347,0.739657776796983
134.15,128.192358,37.871427,5205.2204759999995,-138.848,50.327,219.027,0.739657776796983
134.1666,128.192348,37.87142,5206.9361952,-138.911,50.066,218.709,0.739657776796983
134.1833,128.192339,37.871413,5208.649476,-138.981,49.806,218.394,0.739657776796983
134.2,128.192329,37.871406,5210.359708800001,-139.056,49.547,218.081,0.739657776796983
134.2166,128.192319,37.871399,5212.0675032,-139.137,49.289,217.771,0.739657776796983
134.2333,128.192309,37.871392,5213.7725544,-139.222,49.033,217.465,0.739657776796983
134.25,128.192299,37.871385,5215.4745576,-139.312,48.777,217.162,0.739657776796983
134.2666,128.192289,37.871378,5217.1741224,-139.407,48.523,216.862,0.739657776796983
134.2833,128.19228,37.871371,5218.870944,-139.504,48.271,216.566,0.739657776796983
134.3,128.19227,37.871364,5220.5647176,-139.605,48.021,216.274,0.739657776796983
134.3166,128.19226,37.871357,5222.255748,-139.708,47.773,215.986,0.739657776796983
134.3333,128.19225,37.87135,5223.9440352,-139.815,47.527,215.701,0.739657776796983
134.35,128.19224,37.871343,5225.629274400001,-139.923,47.283,215.421,0.739657776796983
134.3666,128.192231,37.871335,5227.311465600001,-140.033,47.041,215.145,0.739657776796983
134.3833,128.192221,37.871328,5228.990913600001,-140.145,46.801,214.873,0.739657776796983
134.4,128.192211,37.871321,5230.6673136,-140.259,46.563,214.605,0.739657776796983
134.4166,128.192201,37.871314,5232.340665600001,-140.373,46.328,214.34,0.739657776796983
134.4333,128.192191,37.871306,5234.010969600001,-140.489,46.094,214.08,0.739657776796983
134.45,128.192181,37.871299,5235.6785303999995,-140.606,45.863,213.823,0.739657776796983
134.4666,128.192171,37.871291,5237.342738400001,-140.724,45.634,213.571,0.739657776796983
134.4833,128.192162,37.871284,5239.0038984,-140.841,45.408,213.322,0.739657776796983
134.5,128.192152,37.871276,5240.6617056000005,-140.96,45.183,213.077,0.739657776796983
134.5166,128.192142,37.871268,5242.316769600001,-141.078,44.961,212.836,0.739657776796983
134.5333,128.192132,37.871261,5243.9684808,-141.196,44.741,212.599,0.739657776796983
134.55,128.192122,37.871253,5245.6168392,-141.314,44.523,212.365,0.739657776796983
134.5666,128.192112,37.871245,5247.2621496,-141.431,44.307,212.136,0.739657776796983
134.5833,128.192103,37.871238,5248.9041072,-141.548,44.093,211.909,0.739657776796983
134.6,128.192093,37.87123,5250.5427119999995,-141.665,43.882,211.687,0.739657776796983
134.6166,128.192083,37.871222,5252.1782688,-141.78,43.672,211.467,0.739657776796983
134.6333,128.192073,37.871214,5253.810168,-141.894,43.465,211.252,0.739657776796983
134.65,128.192063,37.871206,5255.4390192,-142.007,43.259,211.039,0.739657776796983
134.6666,128.192053,37.871198,5257.0645176,-142.119,43.055,210.83,0.739657776796983
134.6833,128.192043,37.87119,5258.6863584,-142.23,42.854,210.625,0.739657776796983
134.7,128.192034,37.871182,5260.3051512,-142.338,42.654,210.422,0.739657776796983
134.7166,128.192024,37.871174,5261.9202864,-142.446,42.456,210.223,0.739657776796983
134.7333,128.192014,37.871166,5263.5320688,-142.551,42.26,210.027,0.739657776796983
134.75,128.192004,37.871157,5265.1401936,-142.655,42.066,209.834,0.739657776796983
134.7666,128.191994,37.871149,5266.744965600001,-142.757,41.873,209.644,0.739657776796983
134.7833,128.191984,37.871141,5268.3463848,-142.857,41.683,209.457,0.739657776796983
134.8,128.191975,37.871132,5269.9438416,-142.954,41.494,209.273,0.739657776796983
134.8166,128.191965,37.871124,5271.5382504,-143.05,41.306,209.092,0.739657776796983
134.8333,128.191955,37.871116,5273.1286968,-143.143,41.12,208.914,0.739657776796983
134.85,128.191945,37.871107,5274.7157904000005,-143.234,40.936,208.738,0.739657776796983
134.8666,128.191935,37.871099,5276.2992264,-143.322,40.753,208.565,0.739657776796983
134.8833,128.191925,37.87109,5277.8790048,-143.408,40.572,208.394,0.739657776796983
134.9,128.191916,37.871081,5279.4551255999995,-143.492,40.392,208.226,0.739657776796983
134.9166,128.191906,37.871073,5281.0275888,-143.573,40.213,208.061,0.739657776796983
134.9333,128.191896,37.871064,5282.5963944000005,-143.652,40.036,207.898,0.739657776796983
134.95,128.191886,37.871055,5284.161542400001,-143.728,39.86,207.737,0.739657776796983
134.9666,128.191876,37.871047,5285.722728000001,-143.801,39.685,207.578,0.739657776796983
134.9833,128.191867,37.871038,5287.280560800001,-143.872,39.512,207.422,0.739657776796983
135.0,128.191857,37.871029,5288.8344312,-143.939,39.34,207.268,0.739657776796983
135.0166,128.191847,37.87102,5290.384644,-144.005,39.169,207.116,0.739657776796983
135.0333,128.191837,37.871011,5291.9308944,-144.067,38.999,206.966,0.739657776796983
135.05,128.191827,37.871002,5293.473487200001,-144.127,38.83,206.818,0.739657776796983
135.0666,128.191818,37.870993,5295.0121176,-144.184,38.662,206.672,0.739657776796983
135.0833,128.191808,37.870984,5296.5470904,-144.238,38.495,206.528,0.739657776796983
135.1,128.191798,37.870975,5298.0781008,-144.29,38.329,206.386,0.739657776796983
135.1166,128.191788,37.870965,5299.6054536,-144.339,38.164,206.245,0.739657776796983
135.1333,128.191779,37.870956,5301.128844,-144.385,38.0,206.106,0.739657776796983
135.15,128.191769,37.870947,5302.648272,-144.429,37.836,205.969,0.739657776796983
135.1666,128.191759,37.870938,5304.163737600001,-144.47,37.674,205.833,0.739657776796983
135.1833,128.191749,37.870928,5305.6755456,-144.508,37.512,205.699,0.739657776796983
135.2,128.19174,37.870919,5307.1833912,-144.543,37.351,205.567,0.739657776796983
135.2166,128.19173,37.870909,5308.6869696,-144.576,37.191,205.436,0.739657776796983
135.2333,128.19172,37.8709,5310.1868904,-144.607,37.031,205.306,0.739657776796983
135.25,128.19171,37.87089,5311.6828488,-144.635,36.872,205.178,0.739657776796983
135.2666,128.191701,37.870881,5313.1748448,-144.66,36.714,205.051,0.739657776796983
135.2833,128.191691,37.870871,5314.6625736000005,-144.683,36.556,204.925,0.739657776796983
135.3,128.191681,37.870862,5316.1466448,-144.703,36.399,204.8,0.739657776796983
135.3166,128.191671,37.870852,5317.6264488,-144.721,36.242,204.677,0.739657776796983
135.3333,128.191662,37.870842,5319.1022904,-144.737,36.086,204.555,0.739657776796983
135.35,128.191652,37.870832,5320.5741696000005,-144.75,35.93,204.433,0.739657776796983
135.3666,128.191642,37.870822,5322.042086400001,-144.761,35.775,204.313,0.739657776796983
135.3833,128.191633,37.870813,5323.505736,-144.77,35.62,204.194,0.739657776796983
135.4,128.191623,37.870803,5324.9654232,-144.777,35.466,204.076,0.739657776796983
135.4166,128.191613,37.870793,5326.4208432,-144.782,35.312,203.958,0.739657776796983
135.4333,128.191604,37.870783,5327.872300800001,-144.784,35.159,203.842,0.739657776796983
135.45,128.191594,37.870773,5329.319796000001,-144.784,35.006,203.727,0.739657776796983
135.4666,128.191585,37.870763,5330.763024000001,-144.783,34.853,203.612,0.739657776796983
135.4833,128.191575,37.870752,5332.2022896,-144.779,34.7,203.498,0.739657776796983
135.5,128.191565,37.870742,5333.637288000001,-144.774,34.548,203.385,0.739657776796983
135.5166,128.191556,37.870732,5335.068019200001,-144.767,34.396,203.272,0.739657776796983
135.5333,128.191546,37.870722,5336.494788000001,-144.758,34.245,203.16,0.739657776796983
135.55,128.191536,37.870711,5337.9172896,-144.747,34.093,203.049,0.739657776796983
135.5666,128.191527,37.870701,5339.335524000001,-144.734,33.942,202.938,0.739657776796983
135.5833,128.191517,37.870691,5340.749796,-144.72,33.791,202.828,0.739657776796983
135.6,128.191508,37.87068,5342.1598008,-144.705,33.641,202.719,0.739657776796983
135.6166,128.191498,37.87067,5343.565538400001,-144.688,33.49,202.61,0.739657776796983
135.6333,128.191489,37.870659,5344.9670088,-144.669,33.34,202.502,0.739657776796983
135.65,128.191479,37.870649,5346.3645168,-144.649,33.19,202.394,0.739657776796983
135.6666,128.19147,37.870638,5347.7574528,-144.627,33.04,202.286,0.739657776796983
135.6833,128.19146,37.870627,5349.1464264,-144.604,32.89,202.179,0.739657776796983
135.7,128.19145,37.870617,5350.531132800001,-144.58,32.741,202.073,0.739657776796983
135.7166,128.191441,37.870606,5351.911572,-144.555,32.591,201.966,0.739657776796983
135.7333,128.191431,37.870595,5353.287439199999,-144.528,32.442,201.861,0.739657776796983
135.75,128.191422,37.870584,5354.659344,-144.5,32.292,201.755,0.739657776796983
135.7666,128.191413,37.870573,5356.0269816,-144.472,32.143,201.65,0.739657776796983
135.7833,128.191403,37.870562,5357.390352,-144.442,31.994,201.545,0.739657776796983
135.8,128.191394,37.870551,5358.7491504,-144.411,31.845,201.44,0.739657776796983
135.8166,128.191384,37.87054,5360.1039864,-144.379,31.696,201.336,0.739657776796983
135.8333,128.191375,37.870529,5361.4542504,-144.346,31.548,201.232,0.739657776796983
135.85,128.191365,37.870518,5362.800247200001,-144.312,31.399,201.128,0.739657776796983
135.8666,128.191356,37.870507,5364.1419768000005,-144.277,31.25,201.024,0.739657776796983
135.8833,128.191346,37.870496,5365.479439199999,-144.242,31.102,200.92,0.739657776796983
135.9,128.191337,37.870485,5366.812329599999,-144.205,30.953,200.817,0.739657776796983
135.9166,128.191328,37.870473,5368.1409527999995,-144.168,30.805,200.714,0.739657776796983
135.9333,128.191318,37.870462,5369.4653088000005,-144.13,30.656,200.611,0.739657776796983
135.95,128.191309,37.870451,5370.785397600001,-144.092,30.508,200.508,0.739657776796983
135.9666,128.1913,37.870439,5372.100914400001,-144.052,30.36,200.405,0.739657776796983
135.9833,128.19129,37.870428,5373.412164,-144.012,30.211,200.302,0.739657776796983
136.0,128.191281,37.870417,5374.719146400001,-143.972,30.063,200.2,0.739657776796983
136.0166,128.191272,37.870405,5376.021556800001,-143.931,29.915,200.097,0.739657776796983
136.0333,128.191262,37.870394,5377.3193952,-143.889,29.766,199.995,0.739657776796983
136.05,128.191253,37.870382,5378.6129664,-143.847,29.618,199.893,0.739657776796983
136.0666,128.191244,37.87037,5379.902270400001,-143.804,29.47,199.791,0.739657776796983
136.0833,128.191234,37.870359,5381.1870024,-143.761,29.322,199.688,0.739657776796983
136.1,128.191225,37.870347,5382.4674672,-143.717,29.174,199.586,0.739657776796983
136.1166,128.191216,37.870335,5383.74336,-143.673,29.025,199.484,0.739657776796983
136.1333,128.191207,37.870323,5385.0149856,-143.628,28.877,199.382,0.739657776796983
136.15,128.191198,37.870312,5386.282039199999,-143.583,28.729,199.28,0.739657776796983
136.1666,128.191188,37.8703,5387.5445208,-143.538,28.581,199.178,0.739657776796983
136.1833,128.191179,37.870288,5388.8027352,-143.492,28.433,199.076,0.739657776796983
136.2,128.19117,37.870276,5390.0563776,-143.446,28.285,198.974,0.739657776796983
136.2166,128.191161,37.870264,5391.305448,-143.399,28.137,198.872,0.739657776796983
136.2333,128.191152,37.870252,5392.5502512,-143.352,27.988,198.77,0.739657776796983
136.25,128.191143,37.87024,5393.790482400001,-143.305,27.84,198.668,0.739657776796983
136.2666,128.191133,37.870228,5395.0261416,-143.257,27.692,198.566,0.739657776796983
136.2833,128.191124,37.870215,5396.257228800001,-143.209,27.544,198.463,0.739657776796983
136.3,128.191115,37.870203,5397.4840488,-143.161,27.396,198.361,0.739657776796983
136.3166,128.191106,37.870191,5398.706296800001,-143.112,27.248,198.259,0.739657776796983
136.3333,128.191097,37.870179,5399.9239728,-143.064,27.1,198.157,0.739657776796983
136.35,128.191088,37.870166,5401.1370768,-143.015,26.951,198.055,0.739657776796983
136.3666,128.191079,37.870154,5402.3456088,-142.965,26.803,197.952,0.739657776796983
136.3833,128.19107,37.870142,5403.5495688,-142.915,26.655,197.85,0.739657776796983
136.4,128.191061,37.870129,5404.7492616,-142.865,26.507,197.747,0.739657776796983
136.4166,128.191052,37.870117,5405.9440776,-142.815,26.359,197.645,0.739657776796983
136.4333,128.191043,37.870104,5407.1346264,-142.765,26.211,197.542,0.739657776796983
136.45,128.191034,37.870092,5408.3206032,-142.714,26.062,197.44,0.739657776796983
136.4666,128.191025,37.870079,5409.5017032,-142.663,25.914,197.337,0.739657776796983
136.4833,128.191016,37.870067,5410.678536,-142.612,25.766,197.235,0.739657776796983
136.5,128.191007,37.870054,5411.8504920000005,-142.56,25.618,197.132,0.739657776796983
136.5166,128.190998,37.870041,5413.0181808,-142.508,25.469,197.029,0.739657776796983
136.5333,128.190989,37.870028,5414.180992800001,-142.456,25.321,196.926,0.739657776796983
136.55,128.190981,37.870016,5415.339537600001,-142.404,25.173,196.823,0.739657776796983
136.5666,128.190972,37.870003,5416.493205600001,-142.351,25.025,196.72,0.739657776796983
136.5833,128.190963,37.86999,5417.642301600001,-142.299,24.877,196.617,0.739657776796983
136.6,128.190954,37.869977,5418.7868256,-142.245,24.728,196.514,0.739657776796983
136.6166,128.190945,37.869964,5419.926472800001,-142.192,24.58,196.411,0.739657776796983
136.6333,128.190936,37.869951,5421.0618527999995,-142.138,24.432,196.307,0.739657776796983
136.65,128.190928,37.869938,5422.1923560000005,-142.084,24.284,196.204,0.739657776796983
136.6666,128.190919,37.869925,5423.318287200001,-142.03,24.135,196.1,0.739657776796983
136.6833,128.19091,37.869912,5424.4396464,-141.976,23.987,195.997,0.739657776796983
136.7,128.190901,37.869899,5425.556433600001,-141.921,23.839,195.893,0.739657776796983
136.7166,128.190893,37.869886,5426.668344,-141.866,23.691,195.789,0.739657776796983
136.7333,128.190884,37.869872,5427.775682400001,-141.811,23.543,195.686,0.739657776796983
136.75,128.190875,37.869859,5428.878144,-141.755,23.394,195.582,0.739657776796983
136.7666,128.190867,37.869846,5429.976033600001,-141.699,23.246,195.478,0.739657776796983
136.7833,128.190858,37.869833,5431.069351200001,-141.643,23.098,195.374,0.739657776796983
136.8,128.19085,37.869819,5432.157792000001,-141.586,22.95,195.27,0.739657776796983
136.8166,128.190841,37.869806,5433.2416608,-141.529,22.801,195.165,0.739657776796983
136.8333,128.190832,37.869792,5434.3209576,-141.472,22.653,195.061,0.739657776796983
136.85,128.190824,37.869779,5435.395377600001,-141.414,22.505,194.957,0.739657776796983
136.8666,128.190815,37.869765,5436.4649208,-141.357,22.357,194.852,0.739657776796983
136.8833,128.190807,37.869752,5437.5301968,-141.298,22.209,194.748,0.739657776796983
136.9,128.190798,37.869738,5438.5902912,-141.24,22.061,194.643,0.739657776796983
136.9166,128.19079,37.869725,5439.6458136,-141.181,21.913,194.538,0.739657776796983
136.9333,128.190781,37.869711,5440.6964592,-141.122,21.764,194.434,0.739657776796983
136.95,128.190773,37.869697,5441.742532800001,-141.062,21.616,194.329,0.739657776796983
136.9666,128.190764,37.869684,5442.7840344,-141.002,21.468,194.224,0.739657776796983
136.9833,128.190756,37.86967,5443.8203544,-140.942,21.32,194.119,0.739657776796983
137.0,128.190748,37.869656,5444.8521024,-140.881,21.172,194.014,0.739657776796983
137.0166,128.190739,37.869642,5445.878973600001,-140.82,21.024,193.908,0.739657776796983
137.0333,128.190731,37.869628,5446.901272800001,-140.759,20.876,193.803,0.739657776796983
137.05,128.190723,37.869614,5447.9186952,-140.697,20.728,193.698,0.739657776796983
137.0666,128.190714,37.8696,5448.9312408000005,-140.634,20.58,193.592,0.739657776796983
137.0833,128.190706,37.869586,5449.9392144,-140.572,20.432,193.487,0.739657776796983
137.1,128.190698,37.869572,5450.9420064000005,-140.509,20.285,193.381,0.739657776796983
137.1166,128.190689,37.869558,5451.9402264,-140.445,20.137,193.275,0.739657776796983
137.1333,128.190681,37.869544,5452.933569600001,-140.382,19.989,193.17,0.739657776796983
137.15,128.190673,37.86953,5453.9223408,-140.317,19.841,193.064,0.739657776796983
137.1666,128.190665,37.869516,5454.9059304,-140.253,19.693,192.958,0.739657776796983
137.1833,128.190657,37.869502,5455.884948,-140.187,19.546,192.851,0.739657776796983
137.2,128.190649,37.869488,5456.8590888,-140.122,19.398,192.745,0.739657776796983
137.2166,128.19064,37.869473,5457.828047999999,-140.056,19.25,192.639,0.739657776796983
137.2333,128.190632,37.869459,5458.7924352,-139.99,19.103,192.533,0.739657776796983
137.25,128.190624,37.869445,5459.7519456,-139.923,18.955,192.426,0.739657776796983
137.2666,128.190616,37.86943,5460.7065792,-139.856,18.807,192.32,0.739657776796983
137.2833,128.190608,37.869416,5461.6566408,-139.788,18.66,192.213,0.739657776796983
137.3,128.1906,37.869401,5462.6015208,-139.72,18.513,192.106,0.739657776796983
137.3166,128.190592,37.869387,5463.541524,-139.651,18.365,191.999,0.739657776796983
137.3333,128.190584,37.869372,5464.4766504,-139.582,18.218,191.892,0.739657776796983
137.35,128.190576,37.869358,5465.4069,-139.512,18.07,191.785,0.739657776796983
137.3666,128.190568,37.869343,5466.3322728,-139.443,17.923,191.678,0.739657776796983
137.3833,128.19056,37.869329,5467.2527688,-139.372,17.776,191.571,0.739657776796983
137.4,128.190553,37.869314,5468.168388000001,-139.301,17.629,191.463,0.739657776796983
137.4166,128.190545,37.869299,5469.0788256,-139.23,17.482,191.356,0.739657776796983
137.4333,128.190537,37.869285,5469.9846912,-139.158,17.335,191.248,0.739657776796983
137.45,128.190529,37.86927,5470.8853751999995,-139.086,17.188,191.141,0.739657776796983
137.4666,128.190521,37.869255,5471.7811824,-139.013,17.041,191.033,0.739657776796983
137.4833,128.190513,37.86924,5472.6721128,-138.94,16.894,190.925,0.739657776796983
137.5,128.190506,37.869225,5473.5581664,-138.866,16.747,190.817,0.739657776796983
137.5166,128.190498,37.86921,5474.4393432,-138.792,16.6,190.709,0.739657776796983
137.5333,128.19049,37.869195,5475.315338400001,-138.717,16.454,190.601,0.739657776796983
137.55,128.190483,37.86918,5476.186456800001,-138.642,16.307,190.492,0.739657776796983
137.5666,128.190475,37.869165,5477.0526984,-138.566,16.161,190.384,0.739657776796983
137.5833,128.190467,37.86915,5477.9140632,-138.49,16.014,190.275,0.739657776796983
137.6,128.19046,37.869135,5478.7702464,-138.413,15.868,190.166,0.739657776796983
137.6166,128.190452,37.86912,5479.6215528,-138.336,15.721,190.058,0.739657776796983
137.6333,128.190445,37.869105,5480.467677600001,-138.258,15.575,189.949,0.739657776796983
137.65,128.190437,37.86909,5481.3092304,-138.18,15.429,189.84,0.739657776796983
137.6666,128.19043,37.869075,5482.1452968,-138.102,15.283,189.73,0.739657776796983
137.6833,128.190422,37.869059,5482.976791200001,-138.022,15.137,189.621,0.739657776796983
137.7,128.190415,37.869044,5483.8031040000005,-137.943,14.991,189.512,0.739657776796983
137.7166,128.190407,37.869029,5484.6242352,-137.863,14.845,189.402,0.739657776796983
137.7333,128.1904,37.869014,5485.4407944,-137.782,14.699,189.293,0.739657776796983
137.75,128.190393,37.868998,5486.2518672,-137.701,14.554,189.183,0.739657776796983
137.7666,128.190385,37.868983,5487.0580632,-137.619,14.408,189.073,0.739657776796983
137.7833,128.190378,37.868967,5487.859382400001,-137.537,14.263,188.963,0.739657776796983
137.8,128.190371,37.868952,5488.655520000001,-137.455,14.117,188.853,0.739657776796983
137.8166,128.190363,37.868936,5489.4467808,-137.371,13.972,188.742,0.739657776796983
137.8333,128.190356,37.868921,5490.23286,-137.288,13.827,188.632,0.739657776796983
137.85,128.190349,37.868905,5491.0140624,-137.204,13.682,188.521,0.739657776796983
137.8666,128.190342,37.86889,5491.7900832000005,-137.119,13.537,188.41,0.739657776796983
137.8833,128.190335,37.868874,5492.5609224,-137.034,13.392,188.3,0.739657776796983
137.9,128.190328,37.868858,5493.3268848,-136.948,13.247,188.189,0.739657776796983
137.9166,128.19032,37.868843,5494.087665600001,-136.862,13.102,188.077,0.739657776796983
137.9333,128.190313,37.868827,5494.843569600001,-136.776,12.958,187.966,0.739657776796983
137.95,128.190306,37.868811,5495.593987200001,-136.689,12.813,187.855,0.739657776796983
137.9666,128.190299,37.868795,5496.3398328,-136.601,12.669,187.743,0.739657776796983
137.9833,128.190292,37.86878,5497.080192,-136.513,12.525,187.631,0.739657776796983
138.0,128.190285,37.868764,5497.815674400001,-136.424,12.38,187.52,0.739657776796983
138.0166,128.190279,37.868748,5498.5459752,-136.335,12.236,187.407,0.739657776796983
138.0333,128.190272,37.868732,5499.2713992,-136.245,12.092,187.295,0.739657776796983
138.05,128.190265,37.868716,5499.991336800001,-136.155,11.949,187.183,0.739657776796983
138.0666,128.190258,37.8687,5500.706397600001,-136.065,11.805,187.07,0.739657776796983
138.0833,128.190251,37.868684,5501.4165816,-135.974,11.661,186.958,0.739657776796983
138.1,128.190244,37.868668,5502.121279200001,-135.882,11.518,186.845,0.739657776796983
138.1166,128.190238,37.868652,5502.8211,-135.79,11.375,186.732,0.739657776796983
138.1333,128.190231,37.868636,5503.5154344,-135.697,11.232,186.619,0.739657776796983
138.15,128.190224,37.86862,5504.204892000001,-135.604,11.089,186.506,0.739657776796983
138.1666,128.190217,37.868604,5504.889168000001,-135.51,10.946,186.392,0.739657776796983
138.1833,128.190211,37.868587,5505.5685672,-135.416,10.803,186.278,0.739657776796983
138.2,128.190204,37.868571,5506.24248,-135.322,10.66,186.165,0.739657776796983
138.2166,128.190198,37.868555,5506.911516,-135.227,10.518,186.051,0.739657776796983
138.2333,128.190191,37.868539,5507.575065600001,-135.131,10.375,185.937,0.739657776796983
138.25,128.190185,37.868522,5508.233738400001,-135.035,10.233,185.822,0.739657776796983
138.2666,128.190178,37.868506,5508.8872296,-134.938,10.091,185.708,0.739657776796983
138.2833,128.190172,37.86849,5509.5355392,-134.841,9.949,185.593,0.739657776796983
138.3,128.190165,37.868473,5510.1786672,-134.744,9.807,185.478,0.739657776796983
138.3166,128.190159,37.868457,5510.8166136,-134.645,9.666,185.363,0.739657776796983
138.3333,128.190153,37.86844,5511.449378400001,-134.547,9.524,185.248,0.739657776796983
138.35,128.190146,37.868424,5512.0769616,-134.448,9.383,185.133,0.739657776796983
138.3666,128.19014,37.868407,5512.6993632,-134.348,9.242,185.017,0.739657776796983
138.3833,128.190134,37.868391,5513.316888,-134.248,9.101,184.901,0.739657776796983
138.4,128.190127,37.868374,5513.9289264,-134.147,8.96,184.786,0.739657776796983
138.4166,128.190121,37.868358,5514.535783200001,-134.046,8.819,184.669,0.739657776796983
138.4333,128.190115,37.868341,5515.1374584000005,-133.945,8.679,184.553,0.739657776796983
138.45,128.190109,37.868324,5515.7339520000005,-133.843,8.538,184.437,0.739657776796983
138.4666,128.190103,37.868308,5516.325264,-133.74,8.398,184.32,0.739657776796983
138.4833,128.190097,37.868291,5516.9113944,-133.637,8.258,184.203,0.739657776796983
138.5,128.190091,37.868274,5517.4923432,-133.533,8.118,184.086,0.739657776796983
138.5166,128.190085,37.868257,5518.0681104000005,-133.429,7.979,183.969,0.739657776796983
138.5333,128.190079,37.868241,5518.6383912,-133.325,7.839,183.851,0.739657776796983
138.55,128.190073,37.868224,5519.2037952,-133.22,7.7,183.734,0.739657776796983
138.5666,128.190067,37.868207,5519.7637128,-133.114,7.561,183.616,0.739657776796983
138.5833,128.190061,37.86819,5520.3187536000005,-133.008,7.422,183.498,0.739657776796983
138.6,128.190055,37.868173,5520.868308,-132.902,7.283,183.38,0.739657776796983
138.6166,128.190049,37.868156,5521.4126808,-132.795,7.144,183.261,0.739657776796983
138.6333,128.190044,37.868139,5521.951872000001,-132.687,7.006,183.143,0.739657776796983
138.65,128.190038,37.868122,5522.4855768,-132.579,6.868,183.024,0.739657776796983
138.6666,128.190032,37.868105,5523.0144048,-132.471,6.73,182.905,0.739657776796983
138.6833,128.190027,37.868088,5523.5377464,-132.362,6.592,182.785,0.739657776796983
138.7,128.190021,37.868071,5524.056211200001,-132.252,6.454,182.666,0.739657776796983
138.7166,128.190015,37.868054,5524.5688848,-132.142,6.317,182.546,0.739657776796983
138.7333,128.19001,37.868037,5525.0766816000005,-132.032,6.179,182.426,0.739657776796983
138.75,128.190004,37.86802,5525.5792968000005,-131.921,6.042,182.306,0.739657776796983
138.7666,128.189999,37.868003,5526.0764256,-131.809,5.905,182.186,0.739657776796983
138.7833,128.189993,37.867985,5526.5683728,-131.697,5.769,182.065,0.739657776796983
138.8,128.189988,37.867968,5527.055138400001,-131.585,5.632,181.945,0.739657776796983
138.8166,128.189983,37.867951,5527.5367224,-131.472,5.496,181.824,0.739657776796983
138.8333,128.189977,37.867934,5528.012820000001,-131.358,5.36,181.703,0.739657776796983
138.85,128.189972,37.867916,5528.483736,-131.245,5.224,181.581,0.739657776796983
138.8666,128.189967,37.867899,5528.949470400001,-131.13,5.089,181.46,0.739657776796983
138.8833,128.189961,37.867881,5529.4100232,-131.015,4.953,181.338,0.739657776796983
138.9,128.189956,37.867864,5529.8650896,-130.9,4.818,181.216,0.739657776796983
138.9166,128.189951,37.867847,5530.314974400001,-130.784,4.683,181.093,0.739657776796983
138.9333,128.189946,37.867829,5530.7593728,-130.667,4.549,180.971,0.739657776796983
138.95,128.189941,37.867812,5531.1988944,-130.551,4.414,180.848,0.739657776796983
138.9666,128.189936,37.867794,5531.632929599999,-130.433,4.28,180.725,0.739657776796983
138.9833,128.189931,37.867777,5532.061783200001,-130.315,4.146,180.602,0.739657776796983
139.0,128.189926,37.867759,5532.485150400001,-130.197,4.012,180.479,0.739657776796983
139.0166,128.189921,37.867742,5532.903336,-130.078,3.878,180.355,0.739657776796983
139.0333,128.189916,37.867724,5533.31634,-129.959,3.745,180.231,0.739657776796983
139.05,128.189911,37.867706,5533.7238576,-129.839,3.612,180.107,0.739657776796983
139.0666,128.189906,37.867689,5534.1264984,-129.718,3.479,179.983,0.739657776796983
139.0833,128.189902,37.867671,5534.523348,-129.598,3.346,179.858,0.739657776796983
139.1,128.189897,37.867653,5534.9153208,-129.476,3.214,179.733,0.739657776796983
139.1166,128.189892,37.867636,5535.3018071999995,-129.354,3.082,179.608,0.739657776796983
139.1333,128.189888,37.867618,5535.6828072,-129.232,2.95,179.483,0.739657776796983
139.15,128.189883,37.8676,5536.0589304,-129.109,2.819,179.358,0.739657776796983
139.1666,128.189878,37.867582,5536.4295672,-128.986,2.687,179.232,0.739657776796983
139.1833,128.189874,37.867565,5536.7947176,-128.862,2.556,179.106,0.739657776796983
139.2,128.189869,37.867547,5537.1546864,-128.738,2.425,178.98,0.739657776796983
139.2166,128.189865,37.867529,5537.5094736,-128.613,2.295,178.853,0.739657776796983
139.2333,128.18986,37.867511,5537.8590792,-128.488,2.164,178.726,0.739657776796983
139.25,128.189856,37.867493,5538.2031984,-128.362,2.034,178.599,0.739657776796983
139.2666,128.189852,37.867475,5538.5418312,-128.236,1.904,178.472,0.739657776796983
139.2833,128.189847,37.867457,5538.8755872,-128.109,1.775,178.345,0.739657776796983
139.3,128.189843,37.867439,5539.203552000001,-127.982,1.646,178.217,0.739657776796983
139.3166,128.189839,37.867421,5539.52664,-127.854,1.517,178.089,0.739657776796983
139.3333,128.189835,37.867403,5539.844241600001,-127.726,1.388,177.961,0.739657776796983
139.35,128.189831,37.867385,5540.1566616,-127.597,1.259,177.833,0.739657776796983
139.3666,128.189827,37.867367,5540.4635952,-127.468,1.131,177.704,0.739657776796983
139.3833,128.189823,37.867349,5540.765347200001,-127.338,1.003,177.575,0.739657776796983
139.4,128.189819,37.867331,5541.0616128,-127.208,0.876,177.446,0.739657776796983
139.4166,128.189815,37.867313,5541.352696800001,-127.077,0.748,177.316,0.739657776796983
139.4333,128.189811,37.867295,5541.6385992000005,-126.946,0.621,177.187,0.739657776796983
139.45,128.189807,37.867276,5541.919015200001,-126.814,0.495,177.057,0.739657776796983
139.4666,128.189803,37.867258,5542.1942496,-126.682,0.368,176.926,0.739657776796983
139.4833,128.189799,37.86724,5542.4643024,-126.549,0.242,176.796,0.739657776796983
139.5,128.189795,37.867222,5542.728868800001,-126.416,0.116,176.665,0.739657776796983
139.5166,128.189792,37.867204,5542.9879488,-126.282,-0.008,176.534,0.739657776796983
139.5333,128.189788,37.867185,5543.242152000001,-126.148,-0.134,176.403,0.739657776796983
139.55,128.189784,37.867167,5543.490564000001,-126.014,-0.259,176.272,0.739657776796983
139.5666,128.189781,37.867149,5543.7340992,-125.878,-0.383,176.14,0.739657776796983
139.5833,128.189777,37.86713,5543.972148,-125.743,-0.508,176.008,0.739657776796983
139.6,128.189774,37.867112,5544.2047104,-125.607,-0.632,175.876,0.739657776796983
139.6166,128.18977,37.867094,5544.432396,-125.47,-0.755,175.743,0.739657776796983
139.6333,128.189767,37.867075,5544.654595200001,-125.333,-0.879,175.61,0.739657776796983
139.65,128.189764,37.867057,5544.871308,-125.195,-1.002,175.477,0.739657776796983
139.6666,128.18976,37.867038,5545.0828392,-125.057,-1.125,175.344,0.739657776796983
139.6833,128.189757,37.86702,5545.2891887999995,-124.919,-1.247,175.21,0.739657776796983
139.7,128.189754,37.867001,5545.490052000001,-124.78,-1.369,175.077,0.739657776796983
139.7166,128.189751,37.866983,5545.6857336,-124.64,-1.491,174.943,0.739657776796983
139.7333,128.189748,37.866964,5545.875928800001,-124.5,-1.613,174.808,0.739657776796983
139.75,128.189744,37.866946,5546.0609424,-124.359,-1.734,174.674,0.739657776796983
139.7666,128.189741,37.866927,5546.240774400001,-124.218,-1.855,174.539,0.739657776796983
139.7833,128.189738,37.866909,5546.4154248,-124.077,-1.975,174.403,0.739657776796983
139.8,128.189735,37.86689,5546.584588799999,-123.935,-2.095,174.268,0.739657776796983
139.8166,128.189733,37.866871,5546.7482664,-123.793,-2.215,174.132,0.739657776796983
139.8333,128.18973,37.866853,5546.9070672,-123.65,-2.335,173.996,0.739657776796983
139.85,128.189727,37.866834,5547.0603816,-123.506,-2.454,173.86,0.739657776796983
139.8666,128.189724,37.866815,5547.2082096,-123.362,-2.573,173.724,0.739657776796983
139.8833,128.189721,37.866797,5547.350856000001,-123.218,-2.691,173.587,0.739657776796983
139.9,128.189719,37.866778,5547.4883208,-123.073,-2.809,173.45,0.739657776796983
139.9166,128.189716,37.866759,5547.620604,-122.928,-2.927,173.313,0.739657776796983
139.9333,128.189714,37.866741,5547.747400800001,-122.782,-3.044,173.175,0.739657776796983
139.95,128.189711,37.866722,5547.869016,-122.635,-3.161,173.037,0.739657776796983
139.9666,128.189709,37.866703,5547.9854496,-122.489,-3.278,172.899,0.739657776796983
139.9833,128.189706,37.866684,5548.096396800001,-122.341,-3.394,172.761,0.739657776796983
140.0,128.189704,37.866665,5548.2021624,-122.194,-3.51,172.622,0.739657776796983
140.0166,128.189701,37.866647,5548.302746400001,-122.045,-3.626,172.483,0.739657776796983
140.0333,128.189699,37.866628,5548.3981488,-121.897,-3.741,172.344,0.739657776796983
140.05,128.189697,37.866609,5548.488064800001,-121.747,-3.856,172.204,0.739657776796983
140.0666,128.189695,37.86659,5548.5727992,-121.598,-3.97,172.065,0.739657776796983
140.0833,128.189693,37.866571,5548.652352000001,-121.448,-4.084,171.925,0.739657776796983
140.1,128.189691,37.866552,5548.7264184000005,-121.297,-4.198,171.784,0.739657776796983
140.1166,128.189688,37.866533,5548.7953032,-121.146,-4.311,171.644,0.739657776796983
140.1333,128.189686,37.866514,5548.859006400001,-120.994,-4.424,171.503,0.739657776796983
140.15,128.189685,37.866495,5548.917528000001,-120.842,-4.537,171.362,0.739657776796983
140.1666,128.189683,37.866476,5548.970868,-120.69,-4.649,171.22,0.739657776796983
140.1833,128.189681,37.866457,5549.0187216,-120.537,-4.761,171.079,0.739657776796983
140.2,128.189679,37.866438,5549.0613936,-120.384,-4.872,170.937,0.739657776796983
140.2166,128.189677,37.866419,5549.098884000001,-120.23,-4.983,170.795,0.739657776796983
140.2333,128.189676,37.8664,5549.1311928000005,-120.075,-5.094,170.652,0.739657776796983
140.25,128.189674,37.866381,5549.1583200000005,-119.921,-5.204,170.509,0.739657776796983
140.2666,128.189672,37.866362,5549.180265600001,-119.765,-5.314,170.366,0.739657776796983
140.2833,128.189671,37.866343,5549.196724800001,-119.61,-5.423,170.223,0.739657776796983
140.3,128.189669,37.866324,5549.2080024,-119.453,-5.532,170.079,0.739657776796983
140.3166,128.189668,37.866305,5549.2140984,-119.297,-5.641,169.936,0.739657776796983
140.3333,128.189667,37.866286,5549.2153176,-119.14,-5.749,169.791,0.739657776796983
140.35,128.189665,37.866266,5549.2110504,-118.982,-5.857,169.647,0.739657776796983
140.3666,128.189664,37.866247,5549.201601600001,-118.824,-5.964,169.502,0.739657776796983
140.3833,128.189663,37.866228,5549.1866664,-118.666,-6.071,169.357,0.739657776796983
140.4,128.189662,37.866209,5549.1668544,-118.507,-6.178,169.212,0.739657776796983
140.4166,128.18966,37.86619,5549.1418608,-118.347,-6.284,169.067,0.739657776796983
140.4333,128.189659,37.866171,5549.1116856,-118.187,-6.39,168.921,0.739657776796983
140.45,128.189658,37.866151,5549.076328800001,-118.027,-6.495,168.775,0.739657776796983
140.4666,128.189657,37.866132,5549.0357904,-117.866,-6.6,168.628,0.739657776796983
140.4833,128.189657,37.866113,5548.989765600001,-117.705,-6.704,168.482,0.739657776796983
140.5,128.189656,37.866094,5548.938864000001,-117.544,-6.808,168.335,0.739657776796983
140.5166,128.189655,37.866074,5548.8827808,-117.382,-6.912,168.188,0.739657776796983
140.5333,128.189654,37.866055,5548.821516,-117.219,-7.015,168.04,0.739657776796983
140.55,128.189653,37.866036,5548.755069600001,-117.056,-7.118,167.893,0.739657776796983
140.5666,128.189653,37.866016,5548.683746400001,-116.893,-7.22,167.745,0.739657776796983
140.5833,128.189652,37.865997,5548.606936800001,-116.729,-7.322,167.597,0.739657776796983
140.6,128.189652,37.865978,5548.5252504,-116.565,-7.423,167.448,0.739657776796983
140.6166,128.189651,37.865958,5548.438077600001,-116.4,-7.524,167.299,0.739657776796983
140.6333,128.189651,37.865939,5548.346028000001,-116.235,-7.625,167.15,0.739657776796983
140.65,128.189651,37.86592,5548.2487968000005,-116.069,-7.725,167.001,0.739657776796983
140.6666,128.18965,37.8659,5548.146384000001,-115.904,-7.824,166.851,0.739657776796983
140.6833,128.18965,37.865881,5548.0390944,-115.737,-7.923,166.701,0.739657776796983
140.7,128.18965,37.865861,5547.9266232,-115.57,-8.022,166.551,0.739657776796983
140.7166,128.18965,37.865842,5547.808970400001,-115.403,-8.12,166.401,0.739657776796983
140.7333,128.18965,37.865823,5547.686136,-115.235,-8.218,166.25,0.739657776796983
140.75,128.18965,37.865803,5547.558120000001,-115.067,-8.315,166.099,0.739657776796983
140.7666,128.18965,37.865784,5547.4252272,-114.899,-8.412,165.948,0.739657776796983
140.7833,128.18965,37.865764,5547.2874575999995,-114.73,-8.509,165.797,0.739657776796983
140.8,128.18965,37.865745,5547.144201600001,-114.561,-8.604,165.645,0.739657776796983
140.8166,128.18965,37.865725,5546.9960688,-114.391,-8.7,165.493,0.739657776796983
140.8333,128.18965,37.865706,5546.8430592,-114.221,-8.795,165.341,0.739657776796983
140.85,128.189651,37.865686,5546.684868,-114.05,-8.889,165.188,0.739657776796983
140.8666,128.189651,37.865667,5546.521495200001,-113.879,-8.983,165.035,0.739657776796983
140.8833,128.189651,37.865647,5546.3532456,-113.708,-9.077,164.882,0.739657776796983
140.9,128.189652,37.865628,5546.1798144,-113.536,-9.17,164.729,0.739657776796983
140.9166,128.189652,37.865608,5546.001506400001,-113.364,-9.262,164.575,0.739657776796983
140.9333,128.189653,37.865589,5545.8180168,-113.192,-9.354,164.422,0.739657776796983
140.95,128.189654,37.865569,5545.6296504,-113.019,-9.446,164.267,0.739657776796983
140.9666,128.189654,37.86555,5545.4364072,-112.845,-9.537,164.113,0.739657776796983
140.9833,128.189655,37.86553,5545.237982400001,-112.672,-9.628,163.959,0.739657776796983
141.0,128.189656,37.86551,5545.0346808,-112.498,-9.718,163.804,0.739657776796983
141.0166,128.189657,37.865491,5544.826197600001,-112.323,-9.808,163.649,0.739657776796983
141.0333,128.189658,37.865471,5544.6131424000005,-112.148,-9.897,163.493,0.739657776796983
141.05,128.189659,37.865452,5544.3946008,-111.973,-9.985,163.338,0.739657776796983
141.0666,128.18966,37.865432,5544.1714872,-111.797,-10.073,163.182,0.739657776796983
141.0833,128.189661,37.865412,5543.9434968000005,-111.621,-10.161,163.025,0.739657776796983
141.1,128.189662,37.865393,5543.710324800001,-111.445,-10.248,162.869,0.739657776796983
141.1166,128.189663,37.865373,5543.472276,-111.268,-10.335,162.712,0.739657776796983
141.1333,128.189665,37.865353,5543.2293504,-111.091,-10.421,162.556,0.739657776796983
141.15,128.189666,37.865334,5542.9812432,-110.914,-10.506,162.398,0.739657776796983
141.1666,128.189668,37.865314,5542.728564,-110.736,-10.592,162.241,0.739657776796983
141.1833,128.189669,37.865295,5542.471008,-110.558,-10.676,162.083,0.739657776796983
141.2,128.189671,37.865275,5542.2082704,-110.379,-10.76,161.925,0.739657776796983
141.2166,128.189672,37.865255,5541.9409608000005,-110.2,-10.844,161.767,0.739657776796983
141.2333,128.189674,37.865236,5541.6684696,-110.021,-10.927,161.609,0.739657776796983
141.25,128.189676,37.865216,5541.391406400001,-109.841,-11.009,161.45,0.739657776796983
141.2666,128.189677,37.865196,5541.109161599999,-109.661,-11.091,161.291,0.739657776796983
141.2833,128.189679,37.865176,5540.8223448,-109.481,-11.173,161.132,0.739657776796983
141.3,128.189681,37.865157,5540.530651200001,-109.3,-11.254,160.973,0.739657776796983
141.3166,128.189683,37.865137,5540.2340808,-109.119,-11.334,160.813,0.739657776796983
141.3333,128.189685,37.865117,5539.9326336,-108.938,-11.414,160.654,0.739657776796983
141.35,128.189687,37.865098,5539.6266144,-108.756,-11.493,160.494,0.739657776796983
141.3666,128.189689,37.865078,5539.3154136,-108.574,-11.572,160.333,0.739657776796983
141.3833,128.189692,37.865058,5538.9999456000005,-108.392,-11.65,160.173,0.739657776796983
141.4,128.189694,37.865038,5538.679296,-108.209,-11.728,160.012,0.739657776796983
141.4166,128.189696,37.865019,5538.354074400001,-108.026,-11.805,159.851,0.739657776796983
141.4333,128.189699,37.864999,5538.023976,-107.843,-11.882,159.69,0.739657776796983
141.45,128.189701,37.864979,5537.6890008,-107.659,-11.958,159.529,0.739657776796983
141.4666,128.189704,37.86496,5537.3494536,-107.475,-12.034,159.367,0.739657776796983
141.4833,128.189706,37.86494,5537.0053344,-107.291,-12.109,159.205,0.739657776796983
141.5,128.189709,37.86492,5536.656033600001,-107.106,-12.183,159.043,0.739657776796983
141.5166,128.189712,37.8649,5536.302465600001,-106.922,-12.257,158.881,0.739657776796983
141.5333,128.189715,37.864881,5535.9440208,-106.736,-12.331,158.718,0.739657776796983
141.55,128.189717,37.864861,5535.581004000001,-106.551,-12.404,158.555,0.739657776796983
141.5666,128.18972,37.864841,5535.213110400001,-106.365,-12.476,158.392,0.739657776796983
141.5833,128.189723,37.864821,5534.8406448000005,-106.179,-12.548,158.229,0.739657776796983
141.6,128.189726,37.864802,5534.463607199999,-105.993,-12.619,158.066,0.739657776796983
141.6166,128.18973,37.864782,5534.081997600001,-105.806,-12.69,157.902,0.739657776796983
141.6333,128.189733,37.864762,5533.6955112000005,-105.619,-12.76,157.738,0.739657776796983
141.65,128.189736,37.864742,5533.3044528,-105.432,-12.829,157.574,0.739657776796983
141.6666,128.189739,37.864723,5532.908822400001,-105.244,-12.898,157.41,0.739657776796983
141.6833,128.189743,37.864703,5532.5086200000005,-105.057,-12.967,157.246,0.739657776796983
141.7,128.189746,37.864683,5532.103845600001,-104.868,-13.035,157.081,0.739657776796983
141.7166,128.18975,37.864663,5531.6944992,-104.68,-13.102,156.916,0.739657776796983
141.7333,128.189753,37.864643,5531.2805808,-104.492,-13.169,156.751,0.739657776796983
141.75,128.189757,37.864624,5530.8620904,-104.303,-13.235,156.586,0.739657776796983
141.7666,128.189761,37.864604,5530.439332800001,-104.114,-13.3,156.421,0.739657776796983
141.7833,128.189764,37.864584,5530.0116984,-103.924,-13.365,156.255,0.739657776796983
141.8,128.189768,37.864564,5529.579492000001,-103.735,-13.43,156.089,0.739657776796983
141.8166,128.189772,37.864545,5529.1430184,-103.545,-13.494,155.923,0.739657776796983
141.8333,128.189776,37.864525,5528.7019728000005,-103.355,-13.557,155.757,0.739657776796983
141.85,128.18978,37.864505,5528.256660000001,-103.164,-13.62,155.591,0.739657776796983
141.8666,128.189784,37.864485,5527.806470400001,-102.974,-13.682,155.424,0.739657776796983
141.8833,128.189788,37.864466,5527.352013600001,-102.783,-13.744,155.257,0.739657776796983
141.9,128.189793,37.864446,5526.8932896,-102.592,-13.805,155.09,0.739657776796983
141.9166,128.189797,37.864426,5526.4299936,-102.4,-13.865,154.923,0.739657776796983
141.9333,128.189801,37.864406,5525.9621256,-102.209,-13.925,154.756,0.739657776796983
141.95,128.189806,37.864386,5525.4899904,-102.017,-13.984,154.589,0.739657776796983
141.9666,128.18981,37.864367,5525.013588000001,-101.825,-14.043,154.421,0.739657776796983
141.9833,128.189815,37.864347,5524.5326136,-101.633,-14.101,154.253,0.739657776796983
142.0,128.189819,37.864327,5524.047372,-101.441,-14.158,154.085,0.739657776796983
142.0166,128.189824,37.864307,5523.557863200001,-101.248,-14.215,153.917,0.739657776796983
142.0333,128.189829,37.864288,5523.0640872,-101.055,-14.272,153.749,0.739657776796983
142.05,128.189834,37.864268,5522.5657392,-100.862,-14.327,153.58,0.739657776796983
142.0666,128.189839,37.864248,5522.063124,-100.669,-14.383,153.412,0.739657776796983
142.0833,128.189844,37.864228,5521.5562416,-100.476,-14.437,153.243,0.739657776796983
142.1,128.189849,37.864209,5521.0453968,-100.282,-14.491,153.074,0.739657776796983
142.1166,128.189854,37.864189,5520.52998,-100.088,-14.545,152.905,0.739657776796983
142.1333,128.189859,37.864169,5520.010296,-99.894,-14.597,152.736,0.739657776796983
142.15,128.189864,37.86415,5519.486344800001,-99.7,-14.65,152.566,0.739657776796983
142.1666,128.18987,37.86413,5518.9581264,-99.506,-14.701,152.397,0.739657776796983
142.1833,128.189875,37.86411,5518.4259456,-99.311,-14.752,152.227,0.739657776796983
142.2,128.189881,37.86409,5517.889497600001,-99.117,-14.803,152.057,0.739657776796983
142.2166,128.189886,37.864071,5517.3487824,-98.922,-14.853,151.888,0.739657776796983
142.2333,128.189892,37.864051,5516.8041048000005,-98.727,-14.902,151.718,0.739657776796983
142.25,128.189897,37.864031,5516.254855200001,-98.532,-14.95,151.547,0.739657776796983
142.2666,128.189903,37.864012,5515.701948,-98.337,-14.999,151.377,0.739657776796983
142.2833,128.189909,37.863992,5515.1444688,-98.141,-15.046,151.207,0.739657776796983
142.3,128.189915,37.863972,5514.583332,-97.946,-15.093,151.036,0.739657776796983
142.3166,128.189921,37.863953,5514.017928,-97.75,-15.139,150.866,0.739657776796983
142.3333,128.189927,37.863933,5513.448256800001,-97.554,-15.185,150.695,0.739657776796983
142.35,128.189933,37.863913,5512.874928,-97.359,-15.23,150.524,0.739657776796983
142.3666,128.189939,37.863894,5512.297332,-97.163,-15.274,150.353,0.739657776796983
142.3833,128.189945,37.863874,5511.7154688,-96.966,-15.318,150.182,0.739657776796983
142.4,128.189952,37.863854,5511.129948,-96.77,-15.361,150.011,0.739657776796983
142.4166,128.189958,37.863835,5510.5404648,-96.574,-15.404,149.84,0.739657776796983
142.4333,128.189965,37.863815,5509.9467144,-96.378,-15.446,149.668,0.739657776796983
142.45,128.189971,37.863795,5509.3493064,-96.181,-15.487,149.497,0.739657776796983
142.4666,128.189978,37.863776,5508.7476312,-95.985,-15.528,149.325,0.739657776796983
142.4833,128.189984,37.863756,5508.1422984,-95.788,-15.568,149.154,0.739657776796983
142.5,128.189991,37.863736,5507.5330032,-95.591,-15.608,148.982,0.739657776796983
142.5166,128.189998,37.863717,5506.9197456,-95.394,-15.647,148.81,0.739657776796983
142.5333,128.190005,37.863697,5506.3025256,-95.197,-15.685,148.638,0.739657776796983
142.55,128.190012,37.863678,5505.681648,-95.001,-15.723,148.466,0.739657776796983
142.5666,128.190019,37.863658,5505.056808,-94.804,-15.76,148.294,0.739657776796983
142.5833,128.190026,37.863639,5504.428310400001,-94.606,-15.796,148.122,0.739657776796983
142.6,128.190033,37.863619,5503.795850400001,-94.409,-15.832,147.95,0.739657776796983
142.6166,128.19004,37.8636,5503.159732800001,-94.212,-15.868,147.778,0.739657776796983
142.6333,128.190048,37.86358,5502.5196528,-94.015,-15.902,147.606,0.739657776796983
142.65,128.190055,37.86356,5501.8759152,-93.818,-15.936,147.433,0.739657776796983
142.6666,128.190063,37.863541,5501.228520000001,-93.62,-15.97,147.261,0.739657776796983
142.6833,128.19007,37.863521,5500.5771624,-93.423,-16.003,147.088,0.739657776796983
142.7,128.190078,37.863502,5499.922147200001,-93.225,-16.035,146.916,0.739657776796983
142.7166,128.190086,37.863482,5499.2637792000005,-93.028,-16.067,146.743,0.739657776796983
142.7333,128.190093,37.863463,5498.6017536,-92.852,-16.099,146.571,0.739657776796983
142.75,128.190101,37.863444,5497.936070400001,-92.696,-16.131,146.398,0.739657776796983
142.7666,128.190109,37.863424,5497.2670344,-92.561,-16.164,146.225,0.739657776796983
142.7833,128.190117,37.863405,5496.5943408,-92.447,-16.197,146.052,0.739657776796983
142.8,128.190125,37.863385,5495.9179896,-92.353,-16.23,145.879,0.739657776796983
142.8166,128.190133,37.863366,5495.2382856,-92.278,-16.263,145.706,0.739657776796983
142.8333,128.190142,37.863347,5494.554924000001,-92.222,-16.297,145.532,0.739657776796983
142.85,128.19015,37.863327,5493.8679048,-92.186,-16.331,145.359,0.739657776796983
142.8666,128.190158,37.863308,5493.1775328,-92.168,-16.365,145.186,0.739657776796983
142.8833,128.190167,37.863289,5492.483808,-92.167,-16.4,145.012,0.739657776796983
142.9,128.190176,37.863269,5491.7864256,-92.185,-16.435,144.838,0.739657776796983
142.9166,128.190184,37.86325,5491.0853856,-92.219,-16.47,144.663,0.739657776796983
142.9333,128.190193,37.863231,5490.380992800001,-92.269,-16.506,144.489,0.739657776796983
142.95,128.190202,37.863212,5489.6729424000005,-92.335,-16.542,144.314,0.739657776796983
142.9666,128.190211,37.863192,5488.9615392,-92.416,-16.579,144.138,0.739657776796983
142.9833,128.19022,37.863173,5488.2464784,-92.512,-16.616,143.962,0.739657776796983
143.0,128.190229,37.863154,5487.528064800001,-92.621,-16.655,143.786,0.739657776796983
143.0166,128.190238,37.863135,5486.8059936,-92.744,-16.693,143.609,0.739657776796983
143.0333,128.190247,37.863116,5486.080264800001,-92.88,-16.733,143.432,0.739657776796983
143.05,128.190257,37.863097,5485.3511832,-93.028,-16.774,143.254,0.739657776796983
143.0666,128.190266,37.863078,5484.618444,-93.187,-16.815,143.076,0.739657776796983
143.0833,128.190276,37.863059,5483.882047200001,-93.357,-16.857,142.898,0.739657776796983
143.1,128.190285,37.86304,5483.1422976,-93.537,-16.901,142.718,0.739657776796983
143.1166,128.190295,37.863021,5482.3985856,-93.726,-16.945,142.539,0.739657776796983
143.1333,128.190305,37.863002,5481.6515208,-93.925,-16.991,142.359,0.739657776796983
143.15,128.190315,37.862983,5480.9007984,-94.131,-17.038,142.178,0.739657776796983
143.1666,128.190325,37.862964,5480.146418400001,-94.345,-17.087,141.997,0.739657776796983
143.1833,128.190335,37.862945,5479.388076,-94.567,-17.136,141.815,0.739657776796983
143.2,128.190345,37.862926,5478.6263808,-94.794,-17.187,141.633,0.739657776796983
143.2166,128.190355,37.862907,5477.861028,-95.028,-17.24,141.45,0.739657776796983
143.2333,128.190365,37.862888,5477.0917128,-95.267,-17.294,141.267,0.739657776796983
143.25,128.190375,37.86287,5476.31874,-95.51,-17.349,141.084,0.739657776796983
143.2666,128.190386,37.862851,5475.5418048,-95.758,-17.407,140.9,0.739657776796983
143.2833,128.190396,37.862832,5474.761211999999,-96.009,-17.466,140.715,0.739657776796983
143.3,128.190407,37.862814,5473.976961599999,-96.263,-17.526,140.53,0.739657776796983
143.3166,128.190418,37.862795,5473.188444,-96.52,-17.589,140.345,0.739657776796983
143.3333,128.190428,37.862776,5472.3962688,-96.778,-17.653,140.159,0.739657776796983
143.35,128.190439,37.862758,5471.600436000001,-97.039,-17.719,139.973,0.739657776796983
143.3666,128.19045,37.862739,5470.800336,-97.3,-17.786,139.786,0.739657776796983
143.3833,128.190461,37.86272,5469.996273600001,-97.562,-17.856,139.599,0.739657776796983
143.4,128.190472,37.862702,5469.1885536,-97.825,-17.928,139.412,0.739657776796983
143.4166,128.190483,37.862683,5468.3765664,-98.087,-18.001,139.224,0.739657776796983
143.4333,128.190495,37.862665,5467.5606168,-98.349,-18.076,139.035,0.739657776796983
143.45,128.190506,37.862646,5466.7407048000005,-98.609,-18.154,138.847,0.739657776796983
143.4666,128.190517,37.862628,5465.9165256,-98.869,-18.233,138.658,0.739657776796983
143.4833,128.190529,37.86261,5465.088079200001,-99.127,-18.314,138.469,0.739657776796983
143.5,128.19054,37.862591,5464.2559752,-99.383,-18.397,138.279,0.739657776796983
143.5166,128.190552,37.862573,5463.4192992,-99.637,-18.482,138.089,0.739657776796983
143.5333,128.190564,37.862555,5462.578660800001,-99.888,-18.569,137.899,0.739657776796983
143.55,128.190575,37.862536,5461.733755200001,-100.137,-18.659,137.708,0.739657776796983
143.5666,128.190587,37.862518,5460.8845824,-100.382,-18.75,137.517,0.739657776796983
143.5833,128.190599,37.8625,5460.0308376,-100.625,-18.842,137.326,0.739657776796983
143.6,128.190611,37.862482,5459.1731303999995,-100.864,-18.937,137.134,0.739657776796983
143.6166,128.190623,37.862464,5458.311156000001,-101.099,-19.034,136.943,0.739657776796983
143.6333,128.190635,37.862446,5457.4446096,-101.331,-19.133,136.751,0.739657776796983
143.65,128.190647,37.862427,5456.573796000001,-101.559,-19.233,136.558,0.739657776796983
143.6666,128.19066,37.862409,5455.6984104,-101.783,-19.336,136.366,0.739657776796983
143.6833,128.190672,37.862391,5454.8187576,-102.002,-19.44,136.173,0.739657776796983
143.7,128.190685,37.862373,5453.934532800001,-102.218,-19.546,135.98,0.739657776796983
143.7166,128.190697,37.862355,5453.0460408,-102.429,-19.654,135.787,0.739657776796983
143.7333,128.19071,37.862338,5452.152672,-102.635,-19.764,135.593,0.739657776796983
143.75,128.190722,37.86232,5451.2550360000005,-102.838,-19.875,135.4,0.739657776796983
143.7666,128.190735,37.862302,5450.352828,-103.036,-19.988,135.206,0.739657776796983
143.7833,128.190748,37.862284,5449.446048,-103.23,-20.103,135.012,0.739657776796983
143.8,128.190761,37.862266,5448.534391200001,-103.419,-20.219,134.818,0.739657776796983
143.8166,128.190774,37.862248,5447.6181624,-103.604,-20.337,134.623,0.739657776796983
143.8333,128.190787,37.862231,5446.697666399999,-103.785,-20.457,134.429,0.739657776796983
143.85,128.1908,37.862213,5445.7719888,-103.961,-20.578,134.234,0.739657776796983
143.8666,128.190813,37.862195,5444.8417392,-104.134,-20.701,134.039,0.739657776796983
143.8833,128.190827,37.862178,5443.9069176,-104.302,-20.825,133.844,0.739657776796983
143.9,128.19084,37.86216,5442.967219200001,-104.466,-20.951,133.649,0.739657776796983
143.9166,128.190853,37.862143,5442.0229487999995,-104.626,-21.078,133.454,0.739657776796983
143.9333,128.190867,37.862125,5441.073496800001,-104.782,-21.207,133.258,0.739657776796983
143.95,128.19088,37.862108,5440.1194728,-104.934,-21.337,133.063,0.739657776796983
143.9666,128.190894,37.86209,5439.160572,-105.082,-21.468,132.867,0.739657776796983
143.9833,128.190908,37.862073,5438.1967944,-105.227,-21.6,132.671,0.739657776796983
144.0,128.190921,37.862056,5437.2278352,-105.367,-21.734,132.475,0.739657776796983
144.0166,128.190935,37.862038,5436.254304,-105.505,-21.869,132.279,0.739657776796983
144.0333,128.190949,37.862021,5435.275896,-105.639,-22.005,132.082,0.739657776796983
144.05,128.190963,37.862004,5434.292306400001,-105.769,-22.142,131.886,0.739657776796983
144.0666,128.190977,37.861987,5433.3038400000005,-105.896,-22.28,131.689,0.739657776796983
144.0833,128.190991,37.86197,5432.310192000001,-106.02,-22.419,131.493,0.739657776796983
144.1,128.191005,37.861953,5431.3116672,-106.141,-22.559,131.296,0.739657776796983
144.1166,128.19102,37.861936,5430.308265600001,-106.259,-22.699,131.099,0.739657776796983
144.1333,128.191034,37.861919,5429.2996824,-106.375,-22.841,130.901,0.739657776796983
144.15,128.191048,37.861902,5428.2859176,-106.487,-22.984,130.704,0.739657776796983
144.1666,128.191063,37.861885,5427.267276,-106.597,-23.127,130.507,0.739657776796983
144.1833,128.191077,37.861868,5426.243148,-106.704,-23.271,130.309,0.739657776796983
144.2,128.191092,37.861851,5425.2141432,-106.809,-23.416,130.111,0.739657776796983
144.2166,128.191107,37.861834,5424.179956800001,-106.912,-23.562,129.913,0.739657776796983
144.2333,128.191121,37.861817,5423.1405888,-107.012,-23.708,129.715,0.739657776796983
144.25,128.191136,37.861801,5422.0960392,-107.111,-23.855,129.517,0.739657776796983
144.2666,128.191151,37.861784,5421.046308,-107.207,-24.002,129.318,0.739657776796983
144.2833,128.191166,37.861767,5419.991395200001,-107.302,-24.15,129.12,0.739657776796983
144.3,128.191181,37.861751,5418.931300800001,-107.394,-24.298,128.921,0.739657776796983
144.3166,128.191196,37.861734,5417.865720000001,-107.485,-24.447,128.722,0.739657776796983
144.3333,128.191211,37.861718,5416.7949576,-107.575,-24.597,128.523,0.739657776796983
144.35,128.191226,37.861701,5415.7187088,-107.663,-24.747,128.323,0.739657776796983
144.3666,128.191241,37.861685,5414.6375832,-107.749,-24.897,128.124,0.739657776796983
144.3833,128.191257,37.861668,5413.5506663999995,-107.835,-25.047,127.924,0.739657776796983
144.4,128.191272,37.861652,5412.458568,-107.919,-25.198,127.724,0.739657776796983
144.4166,128.191288,37.861636,5411.361288000001,-108.002,-25.35,127.524,0.739657776796983
144.4333,128.191303,37.86162,5410.2585216,-108.084,-25.501,127.324,0.739657776796983
144.45,128.191319,37.861603,5409.1502688,-108.165,-25.653,127.123,0.739657776796983
144.4666,128.191334,37.861587,5408.0365296,-108.245,-25.806,126.923,0.739657776796983
144.4833,128.19135,37.861571,5406.9176088,-108.324,-25.958,126.722,0.739657776796983
144.5,128.191366,37.861555,5405.7932016,-108.403,-26.111,126.52,0.739657776796983
144.5166,128.191381,37.861539,5404.663308,-108.481,-26.264,126.319,0.739657776796983
144.5333,128.191397,37.861523,5403.527928,-108.559,-26.417,126.118,0.739657776796983
144.55,128.191413,37.861507,5402.3867568000005,-108.636,-26.571,125.916,0.739657776796983
144.5666,128.191429,37.861491,5401.240404,-108.713,-26.724,125.714,0.739657776796983
144.5833,128.191445,37.861476,5400.0885648,-108.789,-26.878,125.511,0.739657776796983
144.6,128.191461,37.86146,5398.930934399999,-108.865,-27.032,125.309,0.739657776796983
144.6166,128.191478,37.861444,5397.7681224,-108.941,-27.186,125.106,0.739657776796983
144.6333,128.191494,37.861428,5396.599519200001,-109.016,-27.34,124.903,0.739657776796983
144.65,128.19151,37.861413,5395.4254296,-109.092,-27.495,124.7,0.739657776796983
144.6666,128.191527,37.861397,5394.2455488,-109.168,-27.65,124.496,0.739657776796983
144.6833,128.191543,37.861382,5393.0601816,-109.243,-27.804,124.293,0.739657776796983
144.7,128.191559,37.861366,5391.869023200001,-109.319,-27.959,124.089,0.739657776796983
144.7166,128.191576,37.861351,5390.6723784000005,-109.394,-28.114,123.884,0.739657776796983
144.7333,128.191593,37.861335,5389.470247200001,-109.47,-28.269,123.68,0.739657776796983
144.75,128.191609,37.86132,5388.262324800001,-109.546,-28.424,123.475,0.739657776796983
144.7666,128.191626,37.861305,5387.048611200001,-109.622,-28.58,123.27,0.739657776796983
144.7833,128.191643,37.86129,5385.8291064000005,-109.699,-28.735,123.065,0.739657776796983
144.8,128.19166,37.861274,5384.604115200001,-109.776,-28.891,122.859,0.739657776796983
144.8166,128.191676,37.861259,5383.373332800001,-109.853,-29.046,122.653,0.739657776796983
144.8333,128.191693,37.861244,5382.136759200001,-109.93,-29.202,122.447,0.739657776796983
144.85,128.19171,37.861229,5380.8943944,-110.008,-29.358,122.241,0.739657776796983
144.8666,128.191727,37.861214,5379.646238400001,-110.086,-29.514,122.034,0.739657776796983
144.8833,128.191744,37.861199,5378.392291200001,-110.165,-29.67,121.827,0.739657776796983
144.9,128.191762,37.861185,5377.1328576,-110.244,-29.827,121.62,0.739657776796983
144.9166,128.191779,37.86117,5375.867328,-110.323,-29.983,121.413,0.739657776796983
144.9333,128.191796,37.861155,5374.5960072,-110.403,-30.139,121.205,0.739657776796983
144.95,128.191813,37.86114,5373.3185904,-110.484,-30.296,120.997,0.739657776796983
144.9666,128.191831,37.861126,5372.0356872,-110.565,-30.453,120.789,0.739657776796983
144.9833,128.191848,37.861111,5370.746688000001,-110.646,-30.61,120.58,0.739657776796983
145.0,128.191866,37.861097,5369.451897600001,-110.729,-30.767,120.371,0.739657776796983
145.0166,128.191883,37.861082,5368.1513159999995,-110.811,-30.924,120.162,0.739657776796983
145.0333,128.191901,37.861068,5366.844638400001,-110.894,-31.082,119.953,0.739657776796983
145.05,128.191918,37.861053,5365.532169600001,-110.978,-31.239,119.743,0.739657776796983
145.0666,128.191936,37.861039,5364.2136048,-111.063,-31.397,119.533,0.739657776796983
145.0833,128.191954,37.861025,5362.888944,-111.148,-31.555,119.323,0.739657776796983
145.1,128.191972,37.861011,5361.558492,-111.233,-31.713,119.112,0.739657776796983
145.1166,128.191989,37.860997,5360.2222488,-111.319,-31.871,118.901,0.739657776796983
145.1333,128.192007,37.860983,5358.8796048,-111.406,-32.03,118.69,0.739657776796983
145.15,128.192025,37.860969,5357.531169600001,-111.493,-32.188,118.479,0.739657776796983
145.1666,128.192043,37.860955,5356.1769432,-111.581,-32.347,118.267,0.739657776796983
145.1833,128.192061,37.860941,5354.8163159999995,-111.67,-32.506,118.055,0.739657776796983
145.2,128.192079,37.860927,5353.449592800001,-111.759,-32.665,117.842,0.739657776796983
145.2166,128.192098,37.860913,5352.077078400001,-111.849,-32.825,117.63,0.739657776796983
145.2333,128.192116,37.860899,5350.6981632,-111.939,-32.985,117.417,0.739657776796983
145.25,128.192134,37.860886,5349.3134568000005,-112.03,-33.145,117.204,0.739657776796983
145.2666,128.192152,37.860872,5347.9223496,-112.121,-33.305,116.99,0.739657776796983
145.2833,128.19217,37.860859,5346.5251464,-112.213,-33.465,116.776,0.739657776796983
145.3,128.192189,37.860845,5345.121847200001,-112.306,-33.626,116.562,0.739657776796983
145.3166,128.192207,37.860832,5343.712452000001,-112.399,-33.787,116.348,0.739657776796983
145.3333,128.192226,37.860818,5342.2969608,-112.492,-33.948,116.133,0.739657776796983
145.35,128.192244,37.860805,5340.8750688,-112.587,-34.11,115.918,0.739657776796983
145.3666,128.192263,37.860792,5339.4470808,-112.681,-34.271,115.702,0.739657776796983
145.3833,128.192281,37.860779,5338.012692,-112.776,-34.433,115.487,0.739657776796983
145.4,128.1923,37.860766,5336.5722072,-112.872,-34.596,115.271,0.739657776796983
145.4166,128.192319,37.860753,5335.1256264,-112.969,-34.758,115.054,0.739657776796983
145.4333,128.192337,37.86074,5333.6726448,-113.065,-34.921,114.838,0.739657776796983
145.45,128.192356,37.860727,5332.2132624,-113.163,-35.085,114.621,0.739657776796983
145.4666,128.192375,37.860714,5330.747784000001,-113.26,-35.248,114.404,0.739657776796983
145.4833,128.192394,37.860701,5329.275904800001,-113.359,-35.412,114.186,0.739657776796983
145.5,128.192412,37.860688,5327.7976248,-113.457,-35.576,113.968,0.739657776796983
145.5166,128.192431,37.860676,5326.312944,-113.556,-35.741,113.75,0.739657776796983
145.5333,128.19245,37.860663,5324.8221672,-113.656,-35.906,113.531,0.739657776796983
145.55,128.192469,37.86065,5323.3249896,-113.756,-36.071,113.313,0.739657776796983
145.5666,128.192488,37.860638,5321.8214112000005,-113.857,-36.236,113.093,0.739657776796983
145.5833,128.192507,37.860626,5320.311127200001,-113.957,-36.402,112.874,0.739657776796983
145.6,128.192526,37.860613,5318.7947472000005,-114.059,-36.568,112.654,0.739657776796983
145.6166,128.192546,37.860601,5317.2719664,-114.16,-36.735,112.434,0.739657776796983
145.6333,128.192565,37.860589,5315.7427848,-114.262,-36.902,112.213,0.739657776796983
145.65,128.192584,37.860576,5314.206897600001,-114.365,-37.069,111.993,0.739657776796983
145.6666,128.192603,37.860564,5312.6646096,-114.468,-37.237,111.772,0.739657776796983
145.6833,128.192622,37.860552,5311.1159208,-114.571,-37.405,111.55,0.739657776796983
145.7,128.192642,37.86054,5309.5608312,-114.674,-37.573,111.328,0.739657776796983
145.7166,128.192661,37.860528,5307.999036,-114.778,-37.742,111.106,0.739657776796983
145.7333,128.19268,37.860517,5306.43084,-114.882,-37.911,110.884,0.739657776796983
145.75,128.1927,37.860505,5304.8562432,-114.987,-38.081,110.661,0.739657776796983
145.7666,128.192719,37.860493,5303.2749408,-115.092,-38.25,110.437,0.739657776796983
145.7833,128.192739,37.860482,5301.6869328,-115.197,-38.421,110.214,0.739657776796983
145.8,128.192758,37.86047,5300.092524000001,-115.302,-38.591,109.99,0.739657776796983
145.8166,128.192778,37.860458,5298.4914096,-115.408,-38.763,109.766,0.739657776796983
145.8333,128.192797,37.860447,5296.8838944,-115.514,-38.934,109.541,0.739657776796983
145.85,128.192817,37.860436,5295.269673600001,-115.62,-39.106,109.316,0.739657776796983
145.8666,128.192836,37.860424,5293.648747200001,-115.727,-39.278,109.091,0.739657776796983
145.8833,128.192856,37.860413,5292.021115200001,-115.834,-39.451,108.865,0.739657776796983
145.9,128.192876,37.860402,5290.386777600001,-115.941,-39.624,108.639,0.739657776796983
145.9166,128.192895,37.860391,5288.7460392,-116.048,-39.797,108.413,0.739657776796983
145.9333,128.192915,37.86038,5287.0982904,-116.156,-39.971,108.186,0.739657776796983
145.95,128.192935,37.860369,5285.4441408,-116.264,-40.146,107.959,0.739657776796983
145.9666,128.192955,37.860358,5283.7832856,-116.372,-40.32,107.731,0.739657776796983
145.9833,128.192974,37.860347,5282.115420000001,-116.48,-40.495,107.503,0.739657776796983
146.0,128.192994,37.860336,5280.4408488,-116.588,-40.671,107.275,0.739657776796983
146.0166,128.193014,37.860326,5278.7598768,-116.697,-40.847,107.046,0.739657776796983
146.0333,128.193034,37.860315,5277.0718944,-116.806,-41.023,106.817,0.739657776796983
146.05,128.193054,37.860305,5275.376901600001,-116.915,-41.2,106.587,0.739657776796983
146.0666,128.193074,37.860294,5273.675508,-117.024,-41.377,106.357,0.739657776796983
146.0833,128.193094,37.860284,5271.967104,-117.133,-41.555,106.127,0.739657776796983
146.1,128.193114,37.860273,5270.2519944,-117.243,-41.733,105.896,0.739657776796983
146.1166,128.193134,37.860263,5268.529874400001,-117.353,-41.911,105.665,0.739657776796983
146.1333,128.193153,37.860253,5266.8010488,-117.462,-42.09,105.433,0.739657776796983
146.15,128.193173,37.860243,5265.0652128,-117.573,-42.269,105.201,0.739657776796983
146.1666,128.193193,37.860233,5263.3226712,-117.683,-42.449,104.969,0.739657776796983
146.1833,128.193214,37.860223,5261.5731192,-117.793,-42.629,104.736,0.739657776796983
146.2,128.193234,37.860213,5259.816861599999,-117.904,-42.81,104.503,0.739657776796983
146.2166,128.193254,37.860203,5258.0535936,-118.014,-42.991,104.269,0.739657776796983
146.2333,128.193274,37.860193,5256.2833152,-118.125,-43.172,104.035,0.739657776796983
146.25,128.193294,37.860183,5254.5060264,-118.236,-43.354,103.8,0.739657776796983
146.2666,128.193314,37.860174,5252.722032000001,-118.347,-43.536,103.565,0.739657776796983
146.2833,128.193334,37.860164,5250.9310272,-118.458,-43.719,103.33,0.739657776796983
146.3,128.193354,37.860155,5249.133012,-118.569,-43.902,103.094,0.739657776796983
146.3166,128.193374,37.860145,5247.327986400001,-118.681,-44.085,102.857,0.739657776796983
146.3333,128.193394,37.860136,5245.5159504,-118.792,-44.269,102.62,0.739657776796983
146.35,128.193415,37.860127,5243.696904,-118.904,-44.454,102.383,0.739657776796983
146.3666,128.193435,37.860117,5241.870847200001,-119.016,-44.638,102.145,0.739657776796983
146.3833,128.193455,37.860108,5240.03778,-119.127,-44.824,101.907,0.739657776796983
146.4,128.193475,37.860099,5238.1977024,-119.239,-45.009,101.668,0.739657776796983
146.4166,128.193495,37.86009,5236.3506144,-119.351,-45.195,101.428,0.739657776796983
146.4333,128.193515,37.860081,5234.496211200001,-119.463,-45.382,101.189,0.739657776796983
146.45,128.193536,37.860073,5232.6351024,-119.576,-45.569,100.948,0.739657776796983
146.4666,128.193556,37.860064,5230.7666784,-119.688,-45.756,100.707,0.739657776796983
146.4833,128.193576,37.860055,5228.8912439999995,-119.8,-45.944,100.466,0.739657776796983
146.5,128.193596,37.860046,5227.0084944,-119.912,-46.132,100.224,0.739657776796983
146.5166,128.193616,37.860038,5225.1190392,-120.025,-46.321,99.982,0.739657776796983
146.5333,128.193637,37.860029,5223.221964,-120.137,-46.51,99.739,0.739657776796983
146.55,128.193657,37.860021,5221.318183200001,-120.25,-46.699,99.495,0.739657776796983
146.5666,128.193677,37.860013,5219.4067824,-120.362,-46.889,99.251,0.739657776796983
146.5833,128.193697,37.860004,5217.4883712,-120.475,-47.079,99.006,0.739657776796983
146.6,128.193718,37.859996,5215.5629496,-120.588,-47.27,98.761,0.739657776796983
146.6166,128.193738,37.859988,5213.6302128,-120.701,-47.461,98.515,0.739657776796983
146.6333,128.193758,37.85998,5211.690160800001,-120.813,-47.652,98.269,0.739657776796983
146.65,128.193778,37.859972,5209.7427935999995,-120.926,-47.844,98.022,0.739657776796983
146.6666,128.193798,37.859964,5207.7881112000005,-121.039,-48.037,97.774,0.739657776796983
146.6833,128.193819,37.859957,5205.8264184,-121.152,-48.23,97.526,0.739657776796983
146.7,128.193839,37.859949,5203.8571056,-121.265,-48.423,97.278,0.739657776796983
146.7166,128.193859,37.859941,5201.8807824000005,-121.378,-48.616,97.028,0.739657776796983
146.7333,128.193879,37.859934,5199.8968392,-121.491,-48.81,96.778,0.739657776796983
146.75,128.193899,37.859926,5197.9055808,-121.604,-49.005,96.527,0.739657776796983
146.7666,128.19392,37.859919,5195.907312,-121.717,-49.2,96.276,0.739657776796983
146.7833,128.19394,37.859911,5193.9014232,-121.83,-49.395,96.024,0.739657776796983
146.8,128.19396,37.859904,5191.8879144,-121.943,-49.591,95.771,0.739657776796983
146.8166,128.19398,37.859897,5189.8673952,-122.056,-49.787,95.517,0.739657776796983
146.8333,128.194,37.85989,5187.839256,-122.17,-49.984,95.263,0.739657776796983
146.85,128.19402,37.859883,5185.803801600001,-122.283,-50.181,95.007,0.739657776796983
146.8666,128.19404,37.859876,5183.7607272000005,-122.396,-50.379,94.752,0.739657776796983
146.8833,128.19406,37.859869,5181.7103376000005,-122.51,-50.577,94.495,0.739657776796983
146.9,128.19408,37.859862,5179.652632800001,-122.623,-50.776,94.237,0.739657776796983
146.9166,128.1941,37.859855,5177.587308,-122.737,-50.975,93.979,0.739657776796983
146.9333,128.19412,37.859849,5175.5143632,-122.85,-51.174,93.719,0.739657776796983
146.95,128.19414,37.859842,5173.4341032,-122.964,-51.374,93.459,0.739657776796983
146.9666,128.19416,37.859836,5171.3462232,-123.077,-51.575,93.198,0.739657776796983
146.9833,128.19418,37.859829,5169.251028000001,-123.191,-51.775,92.936,0.739657776796983
147.0,128.1942,37.859823,5167.147908,-123.305,-51.977,92.672,0.739657776796983
147.0166,128.19422,37.859816,5165.037472800001,-123.419,-52.179,92.408,0.739657776796983
147.0333,128.19424,37.85981,5162.9197224,-123.533,-52.381,92.143,0.739657776796983
147.05,128.19426,37.859804,5160.794047200001,-123.647,-52.584,91.877,0.739657776796983
147.0666,128.19428,37.859798,5158.661056800001,-123.761,-52.787,91.61,0.739657776796983
147.0833,128.1943,37.859792,5156.5201416,-123.875,-52.991,91.342,0.739657776796983
147.1,128.194319,37.859786,5154.371911200001,-123.989,-53.195,91.073,0.739657776796983
147.1166,128.194339,37.859781,5152.2160608,-124.103,-53.4,90.802,0.739657776796983
147.1333,128.194359,37.859775,5150.052590400001,-124.218,-53.606,90.531,0.739657776796983
147.15,128.194379,37.859769,5147.8815,-124.332,-53.811,90.258,0.739657776796983
147.1666,128.194398,37.859764,5145.7027896,-124.446,-54.018,89.984,0.739657776796983
147.1833,128.194418,37.859758,5143.5164592,-124.561,-54.225,89.709,0.739657776796983
147.2,128.194438,37.859753,5141.322204,-124.676,-54.432,89.433,0.739657776796983
147.2166,128.194457,37.859747,5139.1206336000005,-124.79,-54.64,89.155,0.739657776796983
147.2333,128.194477,37.859742,5136.9114432,-124.905,-54.848,88.876,0.739657776796983
147.25,128.194496,37.859737,5134.6943280000005,-125.02,-55.057,88.596,0.739657776796983
147.2666,128.194516,37.859732,5132.469592800001,-125.135,-55.267,88.315,0.739657776796983
147.2833,128.194535,37.859727,5130.2372376,-125.249,-55.477,88.032,0.739657776796983
147.3,128.194554,37.859722,5127.9972624,-125.364,-55.687,87.748,0.739657776796983
147.3166,128.194574,37.859717,5125.7496672,-125.479,-55.899,87.463,0.739657776796983
147.3333,128.194593,37.859712,5123.494147200001,-125.594,-56.11,87.176,0.739657776796983
147.35,128.194612,37.859708,5121.231312,-125.709,-56.322,86.887,0.739657776796983
147.3666,128.194632,37.859703,5118.960247200001,-125.824,-56.535,86.597,0.739657776796983
147.3833,128.194651,37.859699,5116.6818672,-125.939,-56.748,86.306,0.739657776796983
147.4,128.19467,37.859694,5114.3955624,-126.054,-56.962,86.013,0.739657776796983
147.4166,128.194689,37.85969,5112.101637600001,-126.169,-57.177,85.719,0.739657776796983
147.4333,128.194708,37.859685,5109.800092800001,-126.284,-57.391,85.423,0.739657776796983
147.45,128.194727,37.859681,5107.4906232,-126.399,-57.607,85.126,0.739657776796983
147.4666,128.194746,37.859677,5105.173533600001,-126.514,-57.823,84.826,0.739657776796983
147.4833,128.194765,37.859673,5102.848824000001,-126.629,-58.04,84.525,0.739657776796983
147.5,128.194783,37.859669,5100.5161896,-126.744,-58.257,84.223,0.739657776796983
147.5166,128.194802,37.859665,5098.1759352,-126.858,-58.475,83.919,0.739657776796983
147.5333,128.194821,37.859661,5095.827756000001,-126.973,-58.693,83.613,0.739657776796983
147.55,128.19484,37.859657,5093.471956800001,-127.087,-58.912,83.305,0.739657776796983
147.5666,128.194858,37.859654,5091.108537600001,-127.202,-59.131,82.995,0.739657776796983
147.5833,128.194877,37.85965,5088.7371936,-127.316,-59.351,82.684,0.739657776796983
147.6,128.194895,37.859647,5086.3582295999995,-127.43,-59.572,82.37,0.739657776796983
147.6166,128.194914,37.859643,5083.9713408,-127.543,-59.793,82.055,0.739657776796983
147.6333,128.194932,37.85964,5081.576832000001,-127.657,-60.015,81.738,0.739657776796983
147.65,128.19495,37.859637,5079.1747032,-127.77,-60.237,81.419,0.739657776796983
147.6666,128.194969,37.859633,5076.7646496,-127.883,-60.46,81.097,0.739657776796983
147.6833,128.194987,37.85963,5074.346976,-127.995,-60.684,80.774,0.739657776796983
147.7,128.195005,37.859627,5071.9216824000005,-128.107,-60.908,80.448,0.739657776796983
147.7166,128.195023,37.859624,5069.488464,-128.219,-61.133,80.121,0.739657776796983
147.7333,128.195041,37.859621,5067.0476256,-128.33,-61.358,79.791,0.739657776796983
147.75,128.195059,37.859618,5064.5988624,-128.441,-61.584,79.459,0.739657776796983
147.7666,128.195077,37.859616,5062.142479200001,-128.552,-61.81,79.124,0.739657776796983
147.7833,128.195094,37.859613,5059.678476,-128.662,-62.037,78.788,0.739657776796983
147.8,128.195112,37.85961,5057.2068528,-128.771,-62.265,78.448,0.739657776796983
147.8166,128.19513,37.859608,5054.727304800001,-128.88,-62.493,78.107,0.739657776796983
147.8333,128.195147,37.859605,5052.2401368,-128.988,-62.722,77.763,0.739657776796983
147.85,128.195165,37.859603,5049.745044,-129.095,-62.952,77.416,0.739657776796983
147.8666,128.195182,37.8596,5047.2423312,-129.202,-63.182,77.067,0.739657776796983
147.8833,128.195199,37.859598,5044.7323031999995,-129.308,-63.413,76.715,0.739657776796983
147.9,128.195216,37.859596,5042.214045600001,-129.413,-63.644,76.36,0.739657776796983
147.9166,128.195234,37.859594,5039.6884728,-129.517,-63.876,76.003,0.739657776796983
147.9333,128.195251,37.859592,5037.15528,-129.62,-64.108,75.642,0.739657776796983
147.95,128.195268,37.85959,5034.6141624,-129.722,-64.341,75.279,0.739657776796983
147.9666,128.195285,37.859588,5032.065424800001,-129.824,-64.575,74.913,0.739657776796983
147.9833,128.195301,37.859586,5029.509372,-129.923,-64.809,74.543,0.739657776796983
148.0,128.195318,37.859584,5026.9453944,-130.022,-65.044,74.171,0.739657776796983
148.0166,128.195335,37.859583,5024.3737968000005,-130.12,-65.279,73.795,0.739657776796983
148.0333,128.195351,37.859581,5021.794579200001,-130.216,-65.515,73.416,0.739657776796983
148.05,128.195368,37.859579,5019.2077416,-130.311,-65.752,73.033,0.739657776796983
148.0666,128.195384,37.859578,5016.6135888,-130.404,-65.989,72.647,0.739657776796983
148.0833,128.1954,37.859576,5014.0115112,-130.495,-66.227,72.258,0.739657776796983
148.1,128.195416,37.859575,5011.4021184,-130.585,-66.465,71.864,0.739657776796983
148.1166,128.195432,37.859574,5008.785105600001,-130.674,-66.704,71.467,0.739657776796983
148.1333,128.195448,37.859573,5006.162606400001,-130.759,-66.944,71.066,0.739657776796983
148.15,128.195464,37.859571,5003.532792000001,-130.842,-67.184,70.659,0.739657776796983
148.1666,128.19548,37.85957,5000.8965768,-130.922,-67.426,70.247,0.739657776796983
148.1833,128.195496,37.859569,4998.253960800001,-130.998,-67.668,69.831,0.739657776796983
148.2,128.195511,37.859568,4995.6046392,-131.072,-67.911,69.409,0.739657776796983
148.2166,128.195527,37.859567,4992.9492216,-131.142,-68.154,68.982,0.739657776796983
148.2333,128.195542,37.859566,4990.2870984,-131.209,-68.399,68.55,0.739657776796983
148.25,128.195557,37.859566,4987.619184,-131.273,-68.644,68.112,0.739657776796983
148.2666,128.195572,37.859565,4984.944564,-131.333,-68.89,67.669,0.739657776796983
148.2833,128.195587,37.859564,4982.2641528,-131.389,-69.136,67.221,0.739657776796983
148.3,128.195602,37.859564,4979.5773408000005,-131.441,-69.383,66.766,0.739657776796983
148.3166,128.195617,37.859563,4976.8847376,-131.488,-69.63,66.306,0.739657776796983
148.3333,128.195632,37.859562,4974.1860384,-131.532,-69.878,65.84,0.739657776796983
148.35,128.195646,37.859562,4971.481548000001,-131.57,-70.127,65.367,0.739657776796983
148.3666,128.195661,37.859561,4968.7712664,-131.604,-70.375,64.889,0.739657776796983
148.3833,128.195675,37.859561,4966.0551936,-131.633,-70.625,64.404,0.739657776796983
148.4,128.195689,37.859561,4963.3333296,-131.657,-70.875,63.912,0.739657776796983
148.4166,128.195703,37.85956,4960.6056744,-131.675,-71.125,63.413,0.739657776796983
148.4333,128.195717,37.85956,4957.8725328,-131.687,-71.375,62.907,0.739657776796983
148.45,128.195731,37.85956,4955.1336,-131.693,-71.626,62.394,0.739657776796983
148.4666,128.195745,37.85956,4952.3891808,-131.693,-71.877,61.873,0.739657776796983
148.4833,128.195759,37.85956,4949.6392752,-131.686,-72.129,61.345,0.739657776796983
148.5,128.195772,37.85956,4946.8838832,-131.673,-72.381,60.808,0.739657776796983
148.5166,128.195785,37.85956,4944.123004800001,-131.652,-72.632,60.263,0.739657776796983
148.5333,128.195799,37.85956,4941.35664,-131.623,-72.884,59.71,0.739657776796983
148.55,128.195812,37.85956,4938.585093600001,-131.586,-73.137,59.147,0.739657776796983
148.5666,128.195825,37.85956,4935.807756,-131.542,-73.389,58.576,0.739657776796983
148.5833,128.195838,37.85956,4933.0255416,-131.488,-73.641,57.994,0.739657776796983
148.6,128.195851,37.85956,4930.237536000001,-131.425,-73.893,57.403,0.739657776796983
148.6166,128.195863,37.859561,4927.4446536,-131.352,-74.145,56.801,0.739657776796983
148.6333,128.195876,37.859561,4924.6462848,-131.269,-74.398,56.189,0.739657776796983
148.65,128.195888,37.859561,4921.8427344,-131.176,-74.65,55.564,0.739657776796983
148.6666,128.1959,37.859562,4919.0336976,-131.071,-74.902,54.928,0.739657776796983
148.6833,128.195912,37.859562,4916.219784,-130.955,-75.153,54.279,0.739657776796983
148.7,128.195924,37.859562,4913.4009936,-130.825,-75.405,53.618,0.739657776796983
148.7166,128.195936,37.859563,4910.5767168,-130.683,-75.656,52.942,0.739657776796983
148.7333,128.195948,37.859563,4907.7475632000005,-130.527,-75.907,52.252,0.739657776796983
148.75,128.19596,37.859564,4904.9135328,-130.356,-76.158,51.546,0.739657776796983
148.7666,128.195971,37.859564,4902.0743208,-130.169,-76.408,50.825,0.739657776796983
148.7833,128.195983,37.859565,4899.230232,-129.967,-76.658,50.086,0.739657776796983
148.8,128.195994,37.859566,4896.381266400001,-129.746,-76.907,49.33,0.739657776796983
148.8166,128.196005,37.859566,4893.527119200001,-129.508,-77.156,48.555,0.739657776796983
148.8333,128.196016,37.859567,4890.6684000000005,-129.25,-77.404,47.76,0.739657776796983
148.85,128.196027,37.859568,4887.8051088,-128.972,-77.651,46.944,0.739657776796983
148.8666,128.196037,37.859568,4884.936636,-128.672,-77.898,46.106,0.739657776796983
148.8833,128.196048,37.859569,4882.063896000001,-128.348,-78.144,45.245,0.739657776796983
148.9,128.196058,37.85957,4879.1859744,-128.001,-78.388,44.358,0.739657776796983
148.9166,128.196069,37.859571,4876.3037856,-127.627,-78.632,43.445,0.739657776796983
148.9333,128.196079,37.859571,4873.4170248,-127.226,-78.875,42.504,0.739657776796983
148.95,128.196089,37.859572,4870.5253872,-126.795,-79.116,41.534,0.739657776796983
148.9666,128.196099,37.859573,4867.629482400001,-126.334,-79.356,40.531,0.739657776796983
148.9833,128.196108,37.859574,4864.7290056,-125.839,-79.594,39.496,0.739657776796983
149.0,128.196118,37.859575,4861.824261600001,-125.309,-79.831,38.424,0.739657776796983
149.0166,128.196127,37.859576,4858.9149456000005,-124.741,-80.066,37.315,0.739657776796983
149.0333,128.196137,37.859576,4856.0013624,-124.134,-80.3,36.165,0.739657776796983
149.05,128.196146,37.859577,4853.083512,-123.483,-80.531,34.973,0.739657776796983
149.0666,128.196155,37.859578,4850.1613944,-122.788,-80.759,33.734,0.739657776796983
149.0833,128.196164,37.859579,4847.2350096,-122.044,-80.986,32.447,0.739657776796983
149.1,128.196173,37.85958,4844.3043576,-121.248,-81.21,31.108,0.739657776796983
149.1166,128.196181,37.859581,4841.3697432,-120.397,-81.43,29.713,0.739657776796983
149.1333,128.19619,37.859582,4838.430861600001,-119.488,-81.648,28.26,0.739657776796983
149.15,128.196198,37.859583,4835.4880176,-118.517,-81.862,26.744,0.739657776796983
149.1666,128.196206,37.859584,4832.5412112,-117.48,-82.072,25.162,0.739657776796983
149.1833,128.196214,37.859585,4829.5904424,-116.374,-82.279,23.511,0.739657776796983
149.2,128.196222,37.859586,4826.6357112000005,-115.194,-82.482,21.789,0.739657776796983
149.2166,128.19623,37.859587,4823.6773224,-113.937,-82.681,19.99,0.739657776796983
149.2333,128.196238,37.859588,4820.7149712,-112.599,-82.877,18.112,0.739657776796983
149.25,128.196245,37.859589,4817.748962400001,-111.175,-83.068,16.15,0.739657776796983
149.2666,128.196253,37.85959,4814.778991200001,-109.659,-83.256,14.099,0.739657776796983
149.2833,128.19626,37.859591,4811.8056672,-108.046,-83.439,11.954,0.739657776796983
149.3,128.196267,37.859592,4808.8283808,-106.33,-83.617,9.709,0.739657776796983
149.3166,128.196274,37.859593,4805.8477416000005,-104.506,-83.791,7.359,0.739657776796983
149.3333,128.196281,37.859594,4802.8637496,-102.568,-83.959,4.898,0.739657776796983
149.35,128.196287,37.859595,4799.8761,-100.508,-84.121,2.32,0.739657776796983
149.3666,128.196294,37.859595,4796.8850976,-98.322,-84.276,359.62,0.739657776796983
149.3833,128.1963,37.859596,4793.8904376,-96.003,-84.425,356.79,0.739657776796983
149.4,128.196307,37.859597,4790.8927296,-93.547,-84.566,353.826,0.739657776796983
149.4166,128.196313,37.859598,4787.891668800001,-90.947,-84.699,350.724,0.739657776796983
149.4333,128.196319,37.859599,4784.88756,-88.201,-84.823,347.48,0.739657776796983
149.45,128.196324,37.8596,4781.8800984,-85.306,-84.938,344.091,0.739657776796983
149.4666,128.19633,37.859601,4778.8695888,-82.261,-85.042,340.557,0.739657776796983
149.4833,128.196336,37.859602,4775.8560312,-79.067,-85.135,336.878,0.739657776796983
149.5,128.196341,37.859603,4772.8394256,-75.726,-85.217,333.059,0.739657776796983
149.5166,128.196346,37.859603,4769.8200768,-72.246,-85.285,329.104,0.739657776796983
149.5333,128.196351,37.859604,4766.797375200001,-68.638,-85.339,325.025,0.739657776796983
149.55,128.196356,37.859605,4763.7722352,-64.917,-85.378,320.838,0.739657776796983
149.5666,128.196361,37.859606,4760.7440472,-61.102,-85.401,316.559,0.739657776796983
149.5833,128.196366,37.859607,4757.713116,-57.217,-85.406,312.213,0.739657776796983
149.6,128.19637,37.859607,4754.6797464,-53.286,-85.393,307.824,0.739657776796983
149.6166,128.196375,37.859608,4751.6436336,-49.339,-85.362,303.419,0.739657776796983
149.6333,128.196379,37.859609,4748.6047776000005,-45.403,-85.312,299.026,0.739657776796983
149.65,128.196383,37.859609,4745.5634832,-41.508,-85.243,294.674,0.739657776796983
149.6666,128.196387,37.85961,4742.519750400001,-37.685,-85.155,290.392,0.739657776796983
149.6833,128.196391,37.859611,4739.4735792,-33.963,-85.047,286.21,0.739657776796983
149.7,128.196394,37.859611,4736.4252744000005,-30.367,-84.919,282.149,0.739657776796983
149.7166,128.196398,37.859612,4733.3745312,-26.919,-84.773,278.23,0.739657776796983
149.7333,128.196401,37.859612,4730.3213496,-23.635,-84.609,274.468,0.739657776796983
149.75,128.196405,37.859613,4727.2663392,-20.526,-84.428,270.873,0.739657776796983
149.7666,128.196408,37.859613,4724.2088904,-17.599,-84.231,267.451,0.739657776796983
149.7833,128.196411,37.859614,4721.1496128,-14.858,-84.019,264.203,0.739657776796983
149.8,128.196413,37.859614,4718.0882016000005,-12.303,-83.792,261.129,0.739657776796983
149.8166,128.196416,37.859614,4715.0249616,-9.932,-83.552,258.225,0.739657776796983
149.8333,128.196419,37.859615,4711.9598928000005,-7.74,-83.301,255.484,0.739657776796983
149.85,128.196421,37.859615,4708.8926904,-5.721,-83.038,252.901,0.739657776796983
149.8666,128.196423,37.859615,4705.823964,-3.869,-82.765,250.466,0.739657776796983
149.8833,128.196425,37.859615,4702.7537136,-2.177,-82.483,248.172,0.739657776796983
149.9,128.196427,37.859616,4699.6816344,-0.637,-82.193,246.01,0.739657776796983
149.9166,128.196429,37.859616,4696.6080312,0.756,-81.896,243.972,0.739657776796983
149.9333,128.196431,37.859616,4693.532904,2.013,-81.592,242.049,0.739657776796983
149.95,128.196433,37.859616,4690.4565576,3.138,-81.282,240.234,0.739657776796983
149.9666,128.196434,37.859616,4687.3786872,4.14,-80.968,238.518,0.739657776796983
149.9833,128.196435,37.859615,4684.2995976,5.023,-80.649,236.895,0.739657776796983
150.0,128.196437,37.859615,4681.2192888,5.794,-80.327,235.357,0.739657776796983
150.0166,128.196438,37.859615,4678.1377608,6.459,-80.001,233.899,0.739657776796983
150.0333,128.196438,37.859615,4675.0550136,7.022,-79.673,232.514,0.739657776796983
150.05,128.196439,37.859614,4671.9716568,7.489,-79.344,231.197,0.739657776796983
150.0666,128.19644,37.859614,4668.8870808,7.864,-79.013,229.943,0.739657776796983
150.0833,128.19644,37.859613,4665.8015904,8.151,-78.681,228.748,0.739657776796983
150.1,128.196441,37.859613,4662.7154904,8.355,-78.349,227.606,0.739657776796983
150.1166,128.196441,37.859612,4659.628476000001,8.479,-78.016,226.514,0.739657776796983
150.1333,128.196441,37.859612,4656.540852,8.527,-77.685,225.468,0.739657776796983
150.15,128.196441,37.859611,4653.452618400001,8.502,-77.354,224.465,0.739657776796983
150.1666,128.196441,37.85961,4650.36408,8.408,-77.024,223.502,0.739657776796983
150.1833,128.196441,37.859609,4647.274932,8.247,-76.696,222.574,0.739657776796983
150.2,128.196441,37.859608,4644.1854792,8.023,-76.37,221.68,0.739657776796983
150.2166,128.19644,37.859607,4641.0960264,7.74,-76.046,220.818,0.739657776796983
150.2333,128.196439,37.859606,4638.005964,7.399,-75.725,219.983,0.739657776796983
150.25,128.196439,37.859605,4634.9159016,7.003,-75.406,219.176,0.739657776796983
150.2666,128.196438,37.859603,4631.825839200001,6.555,-75.09,218.392,0.739657776796983
150.2833,128.196437,37.859602,4628.7360816,6.059,-74.777,217.631,0.739657776796983
150.3,128.196436,37.8596,4625.6460192,5.516,-74.467,216.89,0.739657776796983
150.3166,128.196435,37.859599,4622.556261600001,4.929,-74.161,216.168,0.739657776796983
150.3333,128.196434,37.859597,4619.4668088,4.302,-73.858,215.463,0.739657776796983
150.35,128.196432,37.859595,4616.377965600001,3.636,-73.559,214.773,0.739657776796983
150.3666,128.196431,37.859593,4613.2891224,2.934,-73.264,214.097,0.739657776796983
150.3833,128.196429,37.859591,4610.2008888,2.199,-72.972,213.434,0.739657776796983
150.4,128.196428,37.859589,4607.1132648,1.433,-72.685,212.782,0.739657776796983
150.4166,128.196426,37.859587,4604.0262504,0.64,-72.401,212.14,0.739657776796983
150.4333,128.196424,37.859585,4600.940150400001,-0.177,-72.121,211.507,0.739657776796983
150.45,128.196422,37.859582,4597.854660000001,-1.018,-71.846,210.882,0.739657776796983
150.4666,128.19642,37.85958,4594.7697792,-1.879,-71.574,210.263,0.739657776796983
150.4833,128.196418,37.859577,4591.6861176,-2.757,-71.306,209.649,0.739657776796983
150.5,128.196416,37.859574,4588.6033704,-3.65,-71.042,209.04,0.739657776796983
150.5166,128.196414,37.859572,4585.5215376,-4.554,-70.783,208.434,0.739657776796983
150.5333,128.196412,37.859569,4582.4409239999995,-5.468,-70.527,207.831,0.739657776796983
150.55,128.19641,37.859566,4579.3615296,-6.389,-70.275,207.229,0.739657776796983
150.5666,128.196407,37.859562,4576.2830496,-7.314,-70.027,206.627,0.739657776796983
150.5833,128.196405,37.859559,4573.206093600001,-8.24,-69.782,206.025,0.739657776796983
150.6,128.196403,37.859556,4570.1303568,-9.167,-69.542,205.422,0.739657776796983
150.6166,128.1964,37.859552,4567.056144,-10.091,-69.305,204.819,0.739657776796983
150.6333,128.196397,37.859548,4563.9831504,-11.015,-69.072,204.215,0.739657776796983
150.65,128.196395,37.859545,4560.9116808,-11.936,-68.842,203.611,0.739657776796983
150.6666,128.196392,37.859541,4557.841735200001,-12.856,-68.616,203.008,0.739657776796983
150.6833,128.19639,37.859537,4554.773313600001,-13.773,-68.393,202.406,0.739657776796983
150.7,128.196387,37.859532,4551.706416,-14.686,-68.173,201.806,0.739657776796983
150.7166,128.196384,37.859528,4548.6413472,-15.595,-67.956,201.206,0.739657776796983
150.7333,128.196382,37.859524,4545.5778024,-16.501,-67.742,200.609,0.739657776796983
150.75,128.196379,37.859519,4542.5157816,-17.404,-67.53,200.016,0.739657776796983
150.7666,128.196376,37.859515,4539.4555896,-18.306,-67.321,199.427,0.739657776796983
150.7833,128.196373,37.85951,4536.3969216,-19.208,-67.114,198.844,0.739657776796983
150.8,128.196371,37.859505,4533.340387200001,-20.109,-66.909,198.268,0.739657776796983
150.8166,128.196368,37.8595,4530.2853768,-21.011,-66.706,197.699,0.739657776796983
150.8333,128.196365,37.859495,4527.2321952,-21.913,-66.504,197.138,0.739657776796983
150.85,128.196363,37.85949,4524.1808424,-22.815,-66.303,196.584,0.739657776796983
150.8666,128.19636,37.859484,4521.1313184,-23.716,-66.104,196.039,0.739657776796983
150.8833,128.196357,37.859479,4518.0836232,-24.614,-65.905,195.501,0.739657776796983
150.9,128.196355,37.859473,4515.0377568,-25.51,-65.708,194.97,0.739657776796983
150.9166,128.196352,37.859467,4511.993719200001,-26.401,-65.511,194.446,0.739657776796983
150.9333,128.196349,37.859462,4508.9515104,-27.285,-65.316,193.928,0.739657776796983
150.95,128.196347,37.859456,4505.911435200001,-28.162,-65.121,193.416,0.739657776796983
150.9666,128.196344,37.859449,4502.872884,-29.029,-64.927,192.908,0.739657776796983
150.9833,128.196342,37.859443,4499.8364664,-29.884,-64.734,192.403,0.739657776796983
151.0,128.196339,37.859437,4496.8018776,-30.727,-64.542,191.902,0.739657776796983
151.0166,128.196337,37.859431,4493.7691176,-31.555,-64.351,191.403,0.739657776796983
151.0333,128.196335,37.859424,4490.738491200001,-32.366,-64.16,190.905,0.739657776796983
151.05,128.196332,37.859417,4487.7093888,-33.16,-63.971,190.408,0.739657776796983
151.0666,128.19633,37.859411,4484.68242,-33.936,-63.783,189.911,0.739657776796983
151.0833,128.196328,37.859404,4481.65728,-34.691,-63.596,189.413,0.739657776796983
151.1,128.196326,37.859397,4478.633968800001,-35.426,-63.411,188.914,0.739657776796983
151.1166,128.196324,37.85939,4475.6127912,-36.136,-63.227,188.411,0.739657776796983
151.1333,128.196322,37.859383,4472.5931376,-36.823,-63.046,187.904,0.739657776796983
151.15,128.19632,37.859375,4469.5756176,-37.484,-62.866,187.393,0.739657776796983
151.1666,128.196318,37.859368,4466.5599264,-38.12,-62.689,186.877,0.739657776796983
151.1833,128.196316,37.859361,4463.546064,-38.729,-62.514,186.355,0.739657776796983
151.2,128.196314,37.859353,4460.5340304,-39.312,-62.342,185.828,0.739657776796983
151.2166,128.196312,37.859345,4457.5241304,-39.87,-62.172,185.296,0.739657776796983
151.2333,128.196311,37.859338,4454.5160592,-40.401,-62.004,184.757,0.739657776796983
151.25,128.196309,37.85933,4451.5095120000005,-40.907,-61.838,184.213,0.739657776796983
151.2666,128.196308,37.859322,4448.5050984,-41.388,-61.674,183.664,0.739657776796983
151.2833,128.196307,37.859314,4445.5025136,-41.845,-61.512,183.109,0.739657776796983
151.3,128.196305,37.859306,4442.502062400001,-42.278,-61.352,182.55,0.739657776796983
151.3166,128.196304,37.859297,4439.5031352000005,-42.688,-61.194,181.985,0.739657776796983
151.3333,128.196303,37.859289,4436.5063416,-43.077,-61.038,181.416,0.739657776796983
151.35,128.196302,37.859281,4433.511072,-43.443,-60.884,180.842,0.739657776796983
151.3666,128.196301,37.859272,4430.5182408,-43.787,-60.732,180.263,0.739657776796983
151.3833,128.1963,37.859264,4427.5269336,-44.109,-60.581,179.68,0.739657776796983
151.4,128.1963,37.859255,4424.5374552,-44.411,-60.433,179.092,0.739657776796983
151.4166,128.196299,37.859246,4421.5501103999995,-44.691,-60.287,178.5,0.739657776796983
151.4333,128.196298,37.859238,4418.5645944,-44.952,-60.144,177.903,0.739657776796983
151.45,128.196298,37.859229,4415.581212,-45.192,-60.002,177.302,0.739657776796983
151.4666,128.196298,37.85922,4412.5996584,-45.413,-59.863,176.696,0.739657776796983
151.4833,128.196297,37.859211,4409.6199336,-45.616,-59.727,176.087,0.739657776796983
151.5,128.196297,37.859202,4406.6420376,-45.8,-59.592,175.474,0.739657776796983
151.5166,128.196297,37.859192,4403.66658,-45.968,-59.46,174.857,0.739657776796983
151.5333,128.196297,37.859183,4400.692646400001,-46.118,-59.331,174.237,0.739657776796983
151.55,128.196298,37.859174,4397.7208464000005,-46.253,-59.203,173.613,0.739657776796983
151.5666,128.196298,37.859164,4394.75118,-46.372,-59.078,172.987,0.739657776796983
151.5833,128.196298,37.859155,4391.7833424,-46.478,-58.956,172.358,0.739657776796983
151.6,128.196299,37.859145,4388.8176384,-46.569,-58.835,171.726,0.739657776796983
151.6166,128.1963,37.859136,4385.854068000001,-46.648,-58.717,171.092,0.739657776796983
151.6333,128.1963,37.859126,4382.8923264000005,-46.716,-58.601,170.456,0.739657776796983
151.65,128.196301,37.859116,4379.9327184,-46.772,-58.487,169.818,0.739657776796983
151.6666,128.196302,37.859107,4376.975244,-46.819,-58.374,169.179,0.739657776796983
151.6833,128.196303,37.859097,4374.0199032,-46.856,-58.264,168.538,0.739657776796983
151.7,128.196305,37.859087,4371.066696000001,-46.885,-58.155,167.897,0.739657776796983
151.7166,128.196306,37.859077,4368.115622400001,-46.907,-58.049,167.255,0.739657776796983
151.7333,128.196307,37.859067,4365.1663776000005,-46.923,-57.943,166.613,0.739657776796983
151.75,128.196309,37.859057,4362.2195712,-46.934,-57.84,165.97,0.739657776796983
151.7666,128.196311,37.859047,4359.2748984,-46.94,-57.737,165.328,0.739657776796983
151.7833,128.196313,37.859036,4356.332359200001,-46.942,-57.636,164.686,0.739657776796983
151.8,128.196315,37.859026,4353.3922584,-46.942,-57.536,164.045,0.739657776796983
151.8166,128.196317,37.859016,4350.454291200001,-46.941,-57.437,163.406,0.739657776796983
151.8333,128.196319,37.859005,4347.5184576,-46.939,-57.339,162.767,0.739657776796983
151.85,128.196321,37.858995,4344.584757600001,-46.937,-57.241,162.13,0.739657776796983
151.8666,128.196324,37.858985,4341.653496,-46.936,-57.145,161.495,0.739657776796983
151.8833,128.196326,37.858974,4338.7246728,-46.937,-57.049,160.862,0.739657776796983
151.9,128.196329,37.858963,4335.7979832,-46.94,-56.953,160.231,0.739657776796983
151.9166,128.196332,37.858953,4332.8734272,-46.948,-56.858,159.603,0.739657776796983
151.9333,128.196335,37.858942,4329.9513096,-46.959,-56.762,158.978,0.739657776796983
151.95,128.196338,37.858932,4327.031630400001,-46.976,-56.667,158.357,0.739657776796983
151.9666,128.196342,37.858921,4324.1143896,-46.999,-56.572,157.738,0.739657776796983
151.9833,128.196345,37.85891,4321.199282400001,-47.028,-56.477,157.123,0.739657776796983
152.0,128.196349,37.858899,4318.2866136,-47.064,-56.381,156.512,0.739657776796983
152.0166,128.196352,37.858888,4315.3763832,-47.108,-56.286,155.904,0.739657776796983
152.0333,128.196356,37.858877,4312.4685912,-47.16,-56.19,155.301,0.739657776796983
152.05,128.19636,37.858867,4309.5629328,-47.221,-56.093,154.703,0.739657776796983
152.0666,128.196364,37.858856,4306.6600176,-47.291,-55.996,154.108,0.739657776796983
152.0833,128.196368,37.858845,4303.7595408,-47.371,-55.898,153.519,0.739657776796983
152.1,128.196373,37.858834,4300.8611976,-47.461,-55.8,152.934,0.739657776796983
152.1166,128.196377,37.858823,4297.9655976,-47.561,-55.701,152.353,0.739657776796983
152.1333,128.196382,37.858811,4295.0721312000005,-47.672,-55.601,151.778,0.739657776796983
152.15,128.196387,37.8588,4292.181408,-47.793,-55.5,151.208,0.739657776796983
152.1666,128.196392,37.858789,4289.2931232,-47.926,-55.398,150.643,0.739657776796983
152.1833,128.196397,37.858778,4286.407276800001,-48.07,-55.296,150.083,0.739657776796983
152.2,128.196402,37.858767,4283.5238688,-48.225,-55.193,149.528,0.739657776796983
152.2166,128.196408,37.858756,4280.6428992,-48.391,-55.088,148.978,0.739657776796983
152.2333,128.196413,37.858745,4277.764368,-48.568,-54.983,148.433,0.739657776796983
152.25,128.196419,37.858733,4274.8882752,-48.756,-54.877,147.893,0.739657776796983
152.2666,128.196425,37.858722,4272.014620800001,-48.955,-54.77,147.358,0.739657776796983
152.2833,128.196431,37.858711,4269.1437096,-49.165,-54.662,146.828,0.739657776796983
152.3,128.196437,37.8587,4266.2752368,-49.385,-54.553,146.303,0.739657776796983
152.3166,128.196444,37.858688,4263.4088976,-49.616,-54.444,145.783,0.739657776796983
152.3333,128.19645,37.858677,4260.5453016,-49.856,-54.333,145.267,0.739657776796983
152.35,128.196457,37.858666,4257.684144000001,-50.106,-54.222,144.755,0.739657776796983
152.3666,128.196463,37.858654,4254.8254248,-50.364,-54.11,144.248,0.739657776796983
152.3833,128.19647,37.858643,4251.969144000001,-50.631,-53.998,143.746,0.739657776796983
152.4,128.196477,37.858632,4249.1149968,-50.907,-53.885,143.247,0.739657776796983
152.4166,128.196485,37.85862,4246.2635928,-51.189,-53.771,142.752,0.739657776796983
152.4333,128.196492,37.858609,4243.4146272,-51.479,-53.657,142.26,0.739657776796983
152.45,128.196499,37.858598,4240.5681,-51.775,-53.542,141.773,0.739657776796983
152.4666,128.196507,37.858587,4237.7240112,-52.076,-53.427,141.288,0.739657776796983
152.4833,128.196515,37.858575,4234.882056,-52.382,-53.311,140.806,0.739657776796983
152.5,128.196523,37.858564,4232.0428440000005,-52.692,-53.197,140.327,0.739657776796983
152.5166,128.196531,37.858553,4229.2057656,-53.003,-53.082,139.849,0.739657776796983
152.5333,128.196539,37.858541,4226.371125600001,-53.315,-52.969,139.372,0.739657776796983
152.55,128.196548,37.85853,4223.538924,-53.626,-52.857,138.897,0.739657776796983
152.5666,128.196556,37.858519,4220.7091608,-53.936,-52.746,138.421,0.739657776796983
152.5833,128.196565,37.858508,4217.8815312,-54.245,-52.636,137.946,0.739657776796983
152.6,128.196574,37.858496,4215.05634,-54.551,-52.528,137.471,0.739657776796983
152.6166,128.196583,37.858485,4212.2335872,-54.854,-52.422,136.996,0.739657776796983
152.6333,128.196592,37.858474,4209.412968000001,-55.153,-52.318,136.52,0.739657776796983
152.65,128.196601,37.858463,4206.594787200001,-55.449,-52.215,136.044,0.739657776796983
152.6666,128.196611,37.858452,4203.77874,-55.742,-52.114,135.567,0.739657776796983
152.6833,128.19662,37.85844,4200.9648264,-56.03,-52.016,135.09,0.739657776796983
152.7,128.19663,37.858429,4198.1533512,-56.314,-51.918,134.611,0.739657776796983
152.7166,128.19664,37.858418,4195.3440096,-56.593,-51.823,134.133,0.739657776796983
152.7333,128.19665,37.858407,4192.5371064,-56.869,-51.73,133.653,0.739657776796983
152.75,128.19666,37.858396,4189.732032,-57.14,-51.638,133.173,0.739657776796983
152.7666,128.196671,37.858385,4186.929396,-57.406,-51.549,132.691,0.739657776796983
152.7833,128.196681,37.858374,4184.1288936,-57.669,-51.461,132.209,0.739657776796983
152.8,128.196692,37.858363,4181.330524800001,-57.926,-51.375,131.727,0.739657776796983
152.8166,128.196702,37.858352,4178.5339848,-58.18,-51.29,131.243,0.739657776796983
152.8333,128.196713,37.858342,4175.7398832,-58.429,-51.208,130.759,0.739657776796983
152.85,128.196724,37.858331,4172.9479152,-58.675,-51.127,130.274,0.739657776796983
152.8666,128.196736,37.85832,4170.157776,-58.916,-51.048,129.788,0.739657776796983
152.8833,128.196747,37.858309,4167.369770400001,-59.153,-50.97,129.302,0.739657776796983
152.9,128.196758,37.858299,4164.5835936,-59.386,-50.894,128.815,0.739657776796983
152.9166,128.19677,37.858288,4161.799855200001,-59.616,-50.82,128.328,0.739657776796983
152.9333,128.196782,37.858277,4159.0176408,-59.841,-50.747,127.84,0.739657776796983
152.95,128.196794,37.858267,4156.2378648,-60.063,-50.675,127.351,0.739657776796983
152.9666,128.196806,37.858256,4153.4596128,-60.281,-50.606,126.862,0.739657776796983
152.9833,128.196818,37.858246,4150.6837992,-60.495,-50.538,126.372,0.739657776796983
153.0,128.19683,37.858235,4147.9095096,-60.706,-50.472,125.881,0.739657776796983
153.0166,128.196843,37.858225,4145.1373536,-60.912,-50.408,125.39,0.739657776796983
153.0333,128.196855,37.858215,4142.3670264,-61.114,-50.345,124.898,0.739657776796983
153.05,128.196868,37.858205,4139.598528,-61.313,-50.284,124.406,0.739657776796983
153.0666,128.196881,37.858194,4136.8318584,-61.507,-50.225,123.912,0.739657776796983
153.0833,128.196894,37.858184,4134.0673224,-61.698,-50.168,123.418,0.739657776796983
153.1,128.196907,37.858174,4131.3043104,-61.885,-50.113,122.923,0.739657776796983
153.1166,128.196921,37.858164,4128.5431272000005,-62.068,-50.06,122.428,0.739657776796983
153.1333,128.196934,37.858154,4125.7840776,-62.248,-50.008,121.932,0.739657776796983
153.15,128.196948,37.858144,4123.026552,-62.424,-49.958,121.435,0.739657776796983
153.1666,128.196961,37.858134,4120.2708552,-62.597,-49.91,120.937,0.739657776796983
153.1833,128.196975,37.858125,4117.516987200001,-62.766,-49.864,120.439,0.739657776796983
153.2,128.196989,37.858115,4114.7646432,-62.933,-49.82,119.94,0.739657776796983
153.2166,128.197003,37.858105,4112.014128000001,-63.097,-49.777,119.44,0.739657776796983
153.2333,128.197017,37.858096,4109.2654416000005,-63.258,-49.737,118.94,0.739657776796983
153.25,128.197032,37.858086,4106.5182792000005,-63.416,-49.698,118.439,0.739657776796983
153.2666,128.197046,37.858077,4103.772945600001,-63.572,-49.66,117.938,0.739657776796983
153.2833,128.197061,37.858068,4101.029136,-63.725,-49.625,117.436,0.739657776796983
153.3,128.197075,37.858058,4098.287155200001,-63.877,-49.591,116.934,0.739657776796983
153.3166,128.19709,37.858049,4095.5466984000004,-64.027,-49.558,116.431,0.739657776796983
153.3333,128.197105,37.85804,4092.8077656,-64.175,-49.527,115.928,0.739657776796983
153.35,128.19712,37.858031,4090.0703568000004,-64.322,-49.498,115.424,0.739657776796983
153.3666,128.197135,37.858022,4087.3347768,-64.468,-49.47,114.92,0.739657776796983
153.3833,128.197151,37.858013,4084.6007208,-64.613,-49.444,114.415,0.739657776796983
153.4,128.197166,37.858004,4081.8678840000002,-64.757,-49.419,113.911,0.739657776796983
153.4166,128.197182,37.857996,4079.1368760000005,-64.9,-49.395,113.406,0.739657776796983
153.4333,128.197197,37.857987,4076.4073920000005,-65.043,-49.373,112.901,0.739657776796983
153.45,128.197213,37.857978,4073.6791272,-65.187,-49.352,112.396,0.739657776796983
153.4666,128.197229,37.85797,4070.9523864000003,-65.33,-49.332,111.89,0.739657776796983
153.4833,128.197245,37.857962,4068.2271696,-65.474,-49.313,111.385,0.739657776796983
153.5,128.197261,37.857953,4065.5034768,-65.618,-49.295,110.879,0.739657776796983
153.5166,128.197277,37.857945,4062.781308,-65.763,-49.279,110.374,0.739657776796983
153.5333,128.197294,37.857937,4060.0594440000004,-65.832,-49.259,109.871,0.739657776796983
153.55,128.19731,37.857929,4057.3387992,-65.822,-49.237,109.37,0.739657776796983
153.5666,128.197327,37.857921,4054.6184592000004,-65.74,-49.213,108.872,0.739657776796983
153.5833,128.197343,37.857913,4051.8987288,-65.594,-49.185,108.376,0.739657776796983
153.6,128.19736,37.857905,4049.1793032000005,-65.389,-49.155,107.884,0.739657776796983
153.6166,128.197377,37.857897,4046.4601824,-65.131,-49.122,107.395,0.739657776796983
153.6333,128.197394,37.85789,4043.7407568000003,-64.827,-49.086,106.909,0.739657776796983
153.65,128.197411,37.857882,4041.021636,-64.481,-49.048,106.427,0.739657776796983
153.6666,128.197427,37.857874,4038.3019056000003,-64.097,-49.006,105.949,0.739657776796983
153.6833,128.197445,37.857867,4035.5821752,-63.679,-48.962,105.476,0.739657776796983
153.7,128.197462,37.857859,4032.8627496,-63.232,-48.914,105.008,0.739657776796983
153.7166,128.197479,37.857852,4030.1436288,-62.759,-48.864,104.545,0.739657776796983
153.7333,128.197496,37.857845,4027.4251176000002,-62.263,-48.809,104.088,0.739657776796983
153.75,128.197513,37.857837,4024.7069112000004,-61.748,-48.752,103.638,0.739657776796983
153.7666,128.197531,37.85783,4021.9893144000002,-61.216,-48.691,103.194,0.739657776796983
153.7833,128.197548,37.857823,4019.272632,-60.671,-48.627,102.757,0.739657776796983
153.8,128.197566,37.857816,4016.5565592000003,-60.113,-48.56,102.326,0.739657776796983
153.8166,128.197584,37.857809,4013.8414008000004,-59.545,-48.49,101.902,0.739657776796983
153.8333,128.197601,37.857802,4011.1277664000004,-58.969,-48.418,101.485,0.739657776796983
153.85,128.197619,37.857795,4008.4150464000004,-58.387,-48.343,101.074,0.739657776796983
153.8666,128.197637,37.857789,4005.7035456000003,-57.8,-48.265,100.67,0.739657776796983
153.8833,128.197655,37.857782,4002.993264,-57.211,-48.184,100.273,0.739657776796983
153.9,128.197673,37.857775,4000.2848112,-56.62,-48.101,99.882,0.739657776796983
153.9166,128.197691,37.857769,3997.5778824000004,-56.029,-48.015,99.497,0.739657776796983
153.9333,128.197709,37.857763,3994.8724776000004,-55.44,-47.926,99.118,0.739657776796983
153.95,128.197728,37.857756,3992.1689016,-54.853,-47.835,98.746,0.739657776796983
153.9666,128.197746,37.85775,3989.4668496,-54.27,-47.742,98.38,0.739657776796983
153.9833,128.197765,37.857744,3986.7669312000003,-53.692,-47.645,98.019,0.739657776796983
154.0,128.197783,37.857738,3984.0691464000006,-53.119,-47.546,97.665,0.739657776796983
154.0166,128.197802,37.857732,3981.3731904,-52.553,-47.445,97.317,0.739657776796983
154.0333,128.197821,37.857726,3978.6796728000004,-51.995,-47.341,96.974,0.739657776796983
154.05,128.19784,37.85772,3975.9882888,-51.444,-47.234,96.637,0.739657776796983
154.0666,128.197859,37.857714,3973.2990384,-50.902,-47.125,96.306,0.739657776796983
154.0833,128.197878,37.857708,3970.6119215999997,-50.368,-47.013,95.98,0.739657776796983
154.1,128.197897,37.857703,3967.927548,-49.844,-46.899,95.66,0.739657776796983
154.1166,128.197916,37.857697,3965.2456128,-49.33,-46.782,95.345,0.739657776796983
154.1333,128.197935,37.857692,3962.5618488000005,-48.871,-46.671,95.043,0.739657776796983
154.15,128.197955,37.857686,3959.8820472,-48.473,-46.57,94.764,0.739657776796983
154.1666,128.197974,37.857681,3957.2037696,-48.141,-46.484,94.514,0.739657776796983
154.1833,128.197994,37.857676,3954.5276256,-47.876,-46.415,94.293,0.739657776796983
154.2,128.198014,37.857671,3951.8545296,-47.673,-46.358,94.096,0.739657776796983
154.2166,128.198034,37.857666,3949.1841768,-47.529,-46.312,93.921,0.739657776796983
154.2333,128.198054,37.857661,3946.5165672,-47.44,-46.275,93.761,0.739657776796983
154.25,128.198074,37.857656,3943.8513960000005,-47.403,-46.244,93.615,0.739657776796983
154.2666,128.198094,37.857651,3941.1892728000003,-47.416,-46.219,93.479,0.739657776796983
154.2833,128.198115,37.857646,3938.529588,-47.475,-46.198,93.351,0.739657776796983
154.3,128.198135,37.857642,3935.8726464000006,-47.578,-46.18,93.229,0.739657776796983
154.3166,128.198156,37.857637,3933.2181432,-47.723,-46.164,93.112,0.739657776796983
154.3333,128.198177,37.857633,3930.5663832,-47.907,-46.15,92.997,0.739657776796983
154.35,128.198198,37.857629,3927.9170616,-48.129,-46.137,92.884,0.739657776796983
154.3666,128.198219,37.857625,3925.2704832,-48.387,-46.124,92.771,0.739657776796983
154.3833,128.19824,37.857621,3922.6260384,-48.68,-46.112,92.658,0.739657776796983
154.4,128.198261,37.857617,3919.9840320000003,-49.005,-46.099,92.545,0.739657776796983
154.4166,128.198282,37.857613,3917.3441592000004,-49.361,-46.087,92.429,0.739657776796983
154.4333,128.198304,37.857609,3914.7067248000003,-49.748,-46.074,92.312,0.739657776796983
154.45,128.198325,37.857605,3912.0714239999998,-50.163,-46.062,92.193,0.739657776796983
154.4666,128.198347,37.857602,3909.4382568,-50.605,-46.049,92.071,0.739657776796983
154.4833,128.198368,37.857598,3906.8069184,-51.073,-46.035,91.945,0.739657776796983
154.5,128.19839,37.857595,3904.1777136,-51.566,-46.02,91.816,0.739657776796983
154.5166,128.198412,37.857591,3901.5506424,-52.082,-46.005,91.683,0.739657776796983
154.5333,128.198434,37.857588,3898.9250952,-52.621,-45.99,91.545,0.739657776796983
154.55,128.198456,37.857585,3896.3013768,-53.18,-45.973,91.403,0.739657776796983
154.5666,128.198479,37.857582,3893.6794872000005,-53.76,-45.957,91.256,0.739657776796983
154.5833,128.198501,37.857579,3891.0591216,-54.36,-45.939,91.104,0.739657776796983
154.6,128.198523,37.857576,3888.4402800000003,-54.977,-45.921,90.947,0.739657776796983
154.6166,128.198546,37.857574,3885.8229624000005,-55.612,-45.903,90.785,0.739657776796983
154.6333,128.198568,37.857571,3883.206864,-56.264,-45.885,90.618,0.739657776796983
154.65,128.198591,37.857568,3880.5919848000003,-56.932,-45.867,90.446,0.739657776796983
154.6666,128.198614,37.857566,3877.9783248000003,-57.615,-45.848,90.269,0.739657776796983
154.6833,128.198636,37.857563,3875.3658840000003,-58.312,-45.83,90.087,0.739657776796983
154.7,128.198659,37.857561,3872.7543576000003,-59.023,-45.813,89.899,0.739657776796983
154.7166,128.198682,37.857559,3870.1437456000003,-59.748,-45.795,89.707,0.739657776796983
154.7333,128.198705,37.857557,3867.5374008000003,-60.372,-45.769,89.502,0.739657776796983
154.75,128.198728,37.857555,3864.931056,-60.884,-45.73,89.275,0.739657776796983
154.7666,128.198751,37.857553,3862.32654,-61.283,-45.674,89.014,0.739657776796983
154.7833,128.198774,37.857551,3859.7235480000004,-61.569,-45.601,88.709,0.739657776796983
154.8,128.198798,37.857549,3857.1211656,-61.751,-45.513,88.364,0.739657776796983
154.8166,128.198821,37.857548,3854.5193928,-61.841,-45.412,87.987,0.739657776796983
154.8333,128.198844,37.857546,3851.9179248,-61.85,-45.302,87.583,0.739657776796983
154.85,128.198867,37.857544,3849.3170664000004,-61.788,-45.183,87.158,0.739657776796983
154.8666,128.198891,37.857543,3846.7159032000004,-61.664,-45.06,86.718,0.739657776796983
154.8833,128.198914,37.857541,3844.11474,-61.485,-44.931,86.266,0.739657776796983
154.9,128.198937,37.85754,3841.513272,-61.26,-44.8,85.806,0.739657776796983
154.9166,128.198961,37.857539,3838.9121088,-60.994,-44.666,85.342,0.739657776796983
154.9333,128.198984,37.857537,3836.3115552000004,-60.694,-44.531,84.875,0.739657776796983
154.95,128.199008,37.857536,3833.7116112000003,-60.364,-44.395,84.41,0.739657776796983
154.9666,128.199031,37.857535,3831.111972,-60.01,-44.258,83.946,0.739657776796983
154.9833,128.199055,37.857534,3828.5132472,-59.635,-44.121,83.487,0.739657776796983
155.0,128.199078,37.857533,3825.9154368000004,-59.242,-43.985,83.032,0.739657776796983
155.0166,128.199102,37.857532,3823.3188456000003,-58.836,-43.849,82.584,0.739657776796983
155.0333,128.199125,37.857531,3820.7234736000005,-58.418,-43.713,82.143,0.739657776796983
155.05,128.199149,37.857531,3818.1293208,-57.991,-43.578,81.709,0.739657776796983
155.0666,128.199173,37.85753,3815.5363872000003,-57.558,-43.444,81.282,0.739657776796983
155.0833,128.199196,37.857529,3812.9452824000005,-57.119,-43.31,80.864,0.739657776796983
155.1,128.19922,37.857529,3810.3553968,-56.678,-43.176,80.454,0.739657776796983
155.1166,128.199244,37.857528,3807.7676448,-56.233,-43.043,80.052,0.739657776796983
155.1333,128.199268,37.857528,3805.1817216,-55.788,-42.911,79.658,0.739657776796983
155.15,128.199292,37.857528,3802.5976272000003,-55.342,-42.778,79.271,0.739657776796983
155.1666,128.199316,37.857528,3800.0156664,-54.897,-42.645,78.892,0.739657776796983
155.1833,128.19934,37.857528,3797.4358392000004,-54.453,-42.512,78.52,0.739657776796983
155.2,128.199364,37.857528,3794.8584504000005,-54.01,-42.379,78.154,0.739657776796983
155.2166,128.199388,37.857528,3792.2831952,-53.57,-42.245,77.796,0.739657776796983
155.2333,128.199412,37.857528,3789.7103784000005,-53.133,-42.11,77.444,0.739657776796983
155.25,128.199436,37.857528,3787.1403048,-52.699,-41.975,77.098,0.739657776796983
155.2666,128.19946,37.857529,3784.5729744,-52.269,-41.839,76.759,0.739657776796983
155.2833,128.199485,37.857529,3782.0080824,-51.843,-41.703,76.426,0.739657776796983
155.3,128.199509,37.85753,3779.4462384000003,-51.421,-41.566,76.098,0.739657776796983
155.3166,128.199533,37.857531,3776.8871375999997,-51.004,-41.428,75.776,0.739657776796983
155.3333,128.199557,37.857531,3774.3310848000006,-50.592,-41.289,75.46,0.739657776796983
155.35,128.199582,37.857532,3771.7780800000005,-50.186,-41.149,75.149,0.739657776796983
155.3666,128.199606,37.857533,3769.2284280000003,-49.784,-41.008,74.843,0.739657776796983
155.3833,128.199631,37.857534,3766.6815192000004,-49.389,-40.867,74.542,0.739657776796983
155.4,128.199655,37.857536,3764.138268,-48.999,-40.724,74.246,0.739657776796983
155.4166,128.19968,37.857537,3761.5983696,-48.615,-40.581,73.955,0.739657776796983
155.4333,128.199704,37.857538,3759.061824,-48.236,-40.437,73.669,0.739657776796983
155.45,128.199729,37.85754,3756.5286312,-47.864,-40.292,73.387,0.739657776796983
155.4666,128.199754,37.857541,3753.9990960000005,-47.498,-40.146,73.109,0.739657776796983
155.4833,128.199778,37.857543,3751.4732184000004,-47.138,-39.999,72.836,0.739657776796983
155.5,128.199803,37.857545,3748.9509984000006,-46.784,-39.851,72.567,0.739657776796983
155.5166,128.199828,37.857547,3746.432436,-46.436,-39.703,72.302,0.739657776796983
155.5333,128.199853,37.857549,3743.9175312,-46.094,-39.553,72.041,0.739657776796983
155.55,128.199877,37.857551,3741.4068936000003,-45.759,-39.403,71.784,0.739657776796983
155.5666,128.199902,37.857553,3738.8999136,-45.429,-39.252,71.53,0.739657776796983
155.5833,128.199927,37.857555,3736.396896,-45.106,-39.1,71.28,0.739657776796983
155.6,128.199952,37.857557,3733.8981456,-44.788,-38.948,71.034,0.739657776796983
155.6166,128.199977,37.85756,3731.4033576,-44.476,-38.795,70.791,0.739657776796983
155.6333,128.200002,37.857562,3728.9128368,-44.171,-38.641,70.551,0.739657776796983
155.65,128.200027,37.857565,3726.4262784000007,-43.87,-38.486,70.315,0.739657776796983
155.6666,128.200052,37.857568,3723.9442920000006,-43.576,-38.331,70.082,0.739657776796983
155.6833,128.200078,37.857571,3721.466268,-43.287,-38.175,69.852,0.739657776796983
155.7,128.200103,37.857574,3718.9928160000004,-43.003,-38.018,69.624,0.739657776796983
155.7166,128.200128,37.857577,3716.5236312,-42.725,-37.861,69.4,0.739657776796983
155.7333,128.200153,37.85758,3714.0590184000002,-42.452,-37.703,69.179,0.739657776796983
155.75,128.200179,37.857583,3711.5989776,-42.185,-37.545,68.96,0.739657776796983
155.7666,128.200204,37.857586,3709.1435088000003,-41.922,-37.386,68.744,0.739657776796983
155.7833,128.200229,37.85759,3706.6926120000003,-41.664,-37.227,68.531,0.739657776796983
155.8,128.200255,37.857593,3704.2462872000006,-41.411,-37.067,68.32,0.739657776796983
155.8166,128.20028,37.857597,3701.8048392000005,-41.163,-36.907,68.112,0.739657776796983
155.8333,128.200306,37.8576,3699.3679632000003,-40.92,-36.746,67.906,0.739657776796983
155.85,128.200331,37.857604,3696.9359640000002,-40.68,-36.585,67.703,0.739657776796983
155.8666,128.200357,37.857608,3694.5088416000003,-40.446,-36.423,67.502,0.739657776796983
155.8833,128.200382,37.857612,3692.086596,-40.215,-36.261,67.303,0.739657776796983
155.9,128.200408,37.857616,3689.6692272,-39.989,-36.098,67.106,0.739657776796983
155.9166,128.200434,37.85762,3687.2567352000005,-39.766,-35.935,66.912,0.739657776796983
155.9333,128.200459,37.857624,3684.8482056000003,-39.483,-35.77,66.723,0.739657776796983
155.95,128.200485,37.857629,3682.4436384,-39.14,-35.602,66.539,0.739657776796983
155.9666,128.200511,37.857633,3680.0424239999998,-38.738,-35.431,66.36,0.739657776796983
155.9833,128.200537,37.857637,3677.6442576000004,-38.278,-35.259,66.185,0.739657776796983
156.0,128.200562,37.857642,3675.2488344000003,-37.762,-35.085,66.014,0.739657776796983
156.0166,128.200588,37.857647,3672.8561544,-37.192,-34.909,65.846,0.739657776796983
156.0333,128.200614,37.857651,3670.4653032000006,-36.57,-34.732,65.682,0.739657776796983
156.05,128.20064,37.857656,3668.0762808,-35.899,-34.553,65.523,0.739657776796983
156.0666,128.200666,37.857661,3665.6887824000005,-35.182,-34.373,65.368,0.739657776796983
156.0833,128.200692,37.857665,3663.3025032000005,-34.422,-34.192,65.217,0.739657776796983
156.1,128.200718,37.85767,3660.9180528,-33.623,-34.01,65.071,0.739657776796983
156.1166,128.200744,37.857675,3658.5351264,-32.786,-33.827,64.931,0.739657776796983
156.1333,128.20077,37.85768,3656.1543336,-31.917,-33.643,64.796,0.739657776796983
156.15,128.200796,37.857685,3653.7750648,-31.019,-33.459,64.668,0.739657776796983
156.1666,128.200822,37.85769,3651.3979296,-30.095,-33.274,64.546,0.739657776796983
156.1833,128.200848,37.857695,3649.0229280000003,-29.149,-33.088,64.431,0.739657776796983
156.2,128.200874,37.8577,3646.6503648,-28.184,-32.902,64.323,0.739657776796983
156.2166,128.2009,37.857706,3644.2799352000006,-27.204,-32.716,64.222,0.739657776796983
156.2333,128.200926,37.857711,3641.9116392000005,-26.213,-32.53,64.128,0.739657776796983
156.25,128.200953,37.857716,3639.5460864,-25.213,-32.343,64.041,0.739657776796983
156.2666,128.200979,37.857721,3637.1832768,-24.209,-32.156,63.962,0.739657776796983
156.2833,128.201005,37.857727,3634.8229056000005,-23.202,-31.969,63.89,0.739657776796983
156.3,128.201031,37.857732,3632.4652776000003,-22.196,-31.782,63.825,0.739657776796983
156.3166,128.201058,37.857738,3630.1106976,-21.195,-31.594,63.768,0.739657776796983
156.3333,128.201084,37.857743,3627.7588608,-20.2,-31.407,63.718,0.739657776796983
156.35,128.201111,37.857749,3625.410072,-19.214,-31.22,63.675,0.739657776796983
156.3666,128.201137,37.857755,3623.0643312,-18.239,-31.032,63.639,0.739657776796983
156.3833,128.201163,37.85776,3620.7216384000003,-17.279,-30.845,63.61,0.739657776796983
156.4,128.20119,37.857766,3618.3822984000003,-16.335,-30.657,63.588,0.739657776796983
156.4166,128.201216,37.857772,3616.0460064,-15.409,-30.47,63.573,0.739657776796983
156.4333,128.201243,37.857778,3613.7130672,-14.503,-30.282,63.564,0.739657776796983
156.45,128.20127,37.857783,3611.3834808,-13.618,-30.094,63.562,0.739657776796983
156.4666,128.201296,37.857789,3609.0572472,-12.756,-29.906,63.567,0.739657776796983
156.4833,128.201323,37.857795,3606.7346712000003,-11.919,-29.718,63.577,0.739657776796983
156.5,128.20135,37.857801,3604.415448,-11.107,-29.531,63.594,0.739657776796983
156.5166,128.201377,37.857807,3602.0995776000004,-10.321,-29.343,63.616,0.739657776796983
156.5333,128.201404,37.857813,3599.7861456,-9.661,-29.165,63.64,0.739657776796983
156.55,128.20143,37.85782,3597.4778952,-9.128,-29.007,63.666,0.739657776796983
156.5666,128.201457,37.857826,3595.1736072000003,-8.716,-28.874,63.696,0.739657776796983
156.5833,128.201485,37.857832,3592.8745008000005,-8.417,-28.776,63.734,0.739657776796983
156.6,128.201512,37.857838,3590.5808808,-8.221,-28.718,63.781,0.739657776796983
156.6166,128.201539,37.857845,3588.293052,-8.121,-28.696,63.835,0.739657776796983
156.6333,128.201566,37.857851,3586.0116239999998,-8.106,-28.703,63.897,0.739657776796983
156.65,128.201594,37.857858,3583.7369016000002,-8.166,-28.735,63.966,0.739657776796983
156.6666,128.201621,37.857864,3581.4691896000004,-8.292,-28.785,64.039,0.739657776796983
156.6833,128.201649,37.857871,3579.2069640000004,-8.474,-28.851,64.117,0.739657776796983
156.7,128.201676,37.857877,3576.9502248000003,-8.703,-28.928,64.199,0.739657776796983
156.7166,128.201704,37.857884,3574.6983624000004,-8.97,-29.015,64.283,0.739657776796983
156.7333,128.201732,37.857891,3572.4513768,-9.269,-29.108,64.37,0.739657776796983
156.75,128.201759,37.857898,3570.2089632,-9.592,-29.207,64.458,0.739657776796983
156.7666,128.201787,37.857905,3567.9702072000005,-9.933,-29.31,64.548,0.739657776796983
156.7833,128.201815,37.857911,3565.7354136000004,-10.288,-29.415,64.638,0.739657776796983
156.8,128.201843,37.857918,3563.5045824000003,-10.651,-29.522,64.729,0.739657776796983
156.8166,128.201871,37.857925,3561.2767992,-11.018,-29.631,64.819,0.739657776796983
156.8333,128.201899,37.857932,3559.0523688000003,-11.387,-29.74,64.909,0.739657776796983
156.85,128.201928,37.85794,3556.8306816,-11.753,-29.85,64.999,0.739657776796983
156.8666,128.201956,37.857947,3554.6123472,-12.114,-29.959,65.088,0.739657776796983
156.8833,128.201984,37.857954,3552.396756,-12.47,-30.068,65.176,0.739657776796983
156.9,128.202013,37.857961,3550.1836032000006,-12.816,-30.177,65.264,0.739657776796983
156.9166,128.202041,37.857968,3547.9731936000003,-13.153,-30.286,65.35,0.739657776796983
156.9333,128.202069,37.857976,3545.7652224000003,-13.48,-30.394,65.435,0.739657776796983
156.95,128.202098,37.857983,3543.5596896000006,-13.795,-30.501,65.518,0.739657776796983
156.9666,128.202127,37.857991,3541.3565952,-14.098,-30.608,65.601,0.739657776796983
156.9833,128.202155,37.857998,3539.1556344,-14.388,-30.714,65.682,0.739657776796983
157.0,128.202184,37.858005,3536.9568072,-14.666,-30.819,65.762,0.739657776796983
157.0166,128.202213,37.858013,3534.7601136000003,-14.931,-30.924,65.841,0.739657776796983
157.0333,128.202242,37.858021,3532.5652488000005,-15.183,-31.028,65.918,0.739657776796983
157.05,128.20227,37.858028,3530.3725176,-15.422,-31.131,65.993,0.739657776796983
157.0666,128.202299,37.858036,3528.1816152,-15.649,-31.232,66.067,0.739657776796983
157.0833,128.202328,37.858044,3525.9925416000005,-15.865,-31.332,66.14,0.739657776796983
157.1,128.202357,37.858051,3523.8052968,-16.068,-31.431,66.21,0.739657776796983
157.1166,128.202387,37.858059,3521.6198808,-16.261,-31.528,66.279,0.739657776796983
157.1333,128.202416,37.858067,3519.4359888000004,-16.442,-31.623,66.347,0.739657776796983
157.15,128.202445,37.858075,3517.2536208,-16.614,-31.717,66.412,0.739657776796983
157.1666,128.202474,37.858083,3515.0730816,-16.775,-31.809,66.476,0.739657776796983
157.1833,128.202503,37.858091,3512.8937616000003,-16.928,-31.899,66.539,0.739657776796983
157.2,128.202533,37.858099,3510.7156608,-17.071,-31.988,66.599,0.739657776796983
157.2166,128.202562,37.858107,3508.539084,-17.206,-32.075,66.659,0.739657776796983
157.2333,128.202592,37.858115,3506.3637264,-17.333,-32.16,66.716,0.739657776796983
157.25,128.202621,37.858123,3504.189588,-17.453,-32.244,66.773,0.739657776796983
157.2666,128.202651,37.858131,3502.0166688000004,-17.566,-32.326,66.827,0.739657776796983
157.2833,128.20268,37.858139,3499.844664,-17.672,-32.407,66.881,0.739657776796983
157.3,128.20271,37.858147,3497.6735736000005,-17.772,-32.486,66.933,0.739657776796983
157.3166,128.20274,37.858156,3495.5033976,-17.866,-32.563,66.983,0.739657776796983
157.3333,128.202769,37.858164,3493.334136,-17.954,-32.639,67.033,0.739657776796983
157.35,128.202799,37.858172,3491.1657888000004,-18.038,-32.714,67.081,0.739657776796983
157.3666,128.202829,37.85818,3488.9977464000003,-18.116,-32.787,67.128,0.739657776796983
157.3833,128.202859,37.858189,3486.8306184000003,-18.19,-32.859,67.173,0.739657776796983
157.4,128.202889,37.858197,3484.6641,-18.26,-32.929,67.218,0.739657776796983
157.4166,128.202919,37.858206,3482.4978864,-18.326,-32.998,67.261,0.739657776796983
157.4333,128.202949,37.858214,3480.3319776000003,-18.387,-33.066,67.304,0.739657776796983
157.45,128.202979,37.858223,3478.1666784000004,-18.446,-33.133,67.345,0.739657776796983
157.4666,128.203009,37.858231,3476.0016840000003,-18.501,-33.198,67.385,0.739657776796983
157.4833,128.203039,37.85824,3473.8366896,-18.553,-33.262,67.424,0.739657776796983
157.5,128.203069,37.858248,3471.672,-18.602,-33.325,67.463,0.739657776796983
157.5166,128.2031,37.858257,3469.5070056000004,-18.648,-33.386,67.5,0.739657776796983
157.5333,128.20313,37.858266,3467.342316,-18.691,-33.447,67.536,0.739657776796983
157.55,128.20316,37.858275,3465.1776264,-18.733,-33.506,67.572,0.739657776796983
157.5666,128.203191,37.858283,3463.0129368000003,-18.772,-33.565,67.606,0.739657776796983
157.5833,128.203221,37.858292,3460.8476376,-18.809,-33.623,67.64,0.739657776796983
157.6,128.203251,37.858301,3458.6826432000003,-18.843,-33.679,67.673,0.739657776796983
157.6166,128.203282,37.85831,3456.5170392000005,-18.876,-33.735,67.706,0.739657776796983
157.6333,128.203312,37.858318,3454.3511304000003,-18.907,-33.79,67.737,0.739657776796983
157.65,128.203343,37.858327,3452.1849168000003,-18.937,-33.844,67.768,0.739657776796983
157.6666,128.203374,37.858336,3450.0180936,-18.965,-33.897,67.798,0.739657776796983
157.6833,128.203404,37.858345,3447.8509656,-18.991,-33.949,67.828,0.739657776796983
157.7,128.203435,37.858354,3445.6832280000003,-19.017,-34.001,67.856,0.739657776796983
157.7166,128.203466,37.858363,3443.5148808,-19.04,-34.052,67.884,0.739657776796983
157.7333,128.203496,37.858372,3441.3480576,-19.06,-34.091,67.908,0.739657776796983
157.75,128.203527,37.858381,3439.1812344000004,-19.075,-34.111,67.922,0.739657776796983
157.7666,128.203558,37.85839,3437.0156304,-19.081,-34.1,67.923,0.739657776796983
157.7833,128.203589,37.858399,3434.850636,-19.077,-34.049,67.908,0.739657776796983
157.8,128.20362,37.858409,3432.6874704,-19.062,-33.952,67.873,0.739657776796983
157.8166,128.20365,37.858418,3430.5261336,-19.034,-33.802,67.815,0.739657776796983
157.8333,128.203681,37.858427,3428.3669304000005,-18.992,-33.593,67.733,0.739657776796983
157.85,128.203712,37.858436,3426.2101656,-18.937,-33.327,67.628,0.739657776796983
157.8666,128.203743,37.858445,3424.0558392000003,-18.871,-33.011,67.503,0.739657776796983
157.8833,128.203774,37.858455,3421.904256,-18.797,-32.655,67.363,0.739657776796983
157.9,128.203805,37.858464,3419.7557208000003,-18.717,-32.267,67.21,0.739657776796983
157.9166,128.203836,37.858473,3417.6102336,-18.634,-31.857,67.05,0.739657776796983
157.9333,128.203867,37.858483,3415.4680992,-18.55,-31.435,66.886,0.739657776796983
157.95,128.203899,37.858492,3413.3296224,-18.466,-31.006,66.721,0.739657776796983
157.9666,128.20393,37.858501,3411.1954127999998,-18.383,-30.575,66.557,0.739657776796983
157.9833,128.203961,37.858511,3409.0654704000003,-18.302,-30.144,66.393,0.739657776796983
158.0,128.203992,37.85852,3406.9401000000003,-18.224,-29.716,66.233,0.739657776796983
158.0166,128.204023,37.85853,3404.8196064,-18.147,-29.293,66.075,0.739657776796983
158.0333,128.204055,37.85854,3402.7042944,-18.073,-28.875,65.92,0.739657776796983
158.05,128.204086,37.858549,3400.594164,-18.002,-28.464,65.769,0.739657776796983
158.0666,128.204117,37.858559,3398.4901296000003,-17.933,-28.061,65.622,0.739657776796983
158.0833,128.204149,37.858569,3396.3918864,-17.867,-27.665,65.479,0.739657776796983
158.1,128.20418,37.858579,3394.2997392,-17.803,-27.277,65.339,0.739657776796983
158.1166,128.204212,37.858588,3392.2142976,-17.741,-26.897,65.203,0.739657776796983
158.1333,128.204243,37.858598,3390.1352568,-17.681,-26.525,65.071,0.739657776796983
158.15,128.204275,37.858608,3388.0629215999998,-17.624,-26.161,64.942,0.739657776796983
158.1666,128.204307,37.858618,3385.9975968,-17.568,-25.804,64.816,0.739657776796983
158.1833,128.204338,37.858628,3383.9398920000003,-17.515,-25.455,64.694,0.739657776796983
158.2,128.20437,37.858638,3381.8891976,-17.462,-25.114,64.575,0.739657776796983
158.2166,128.204402,37.858648,3379.8461232000004,-17.412,-24.779,64.459,0.739657776796983
158.2333,128.204433,37.858659,3377.8109736000006,-17.362,-24.451,64.345,0.739657776796983
158.25,128.204465,37.858669,3375.7837488000005,-17.314,-24.129,64.234,0.739657776796983
158.2666,128.204497,37.858679,3373.7644488000005,-17.267,-23.814,64.126,0.739657776796983
158.2833,128.204529,37.858689,3371.7530736000003,-17.221,-23.504,64.02,0.739657776796983
158.3,128.204561,37.8587,3369.7505376,-17.176,-23.2,63.917,0.739657776796983
158.3166,128.204593,37.85871,3367.7562312,-17.132,-22.9,63.815,0.739657776796983
158.3333,128.204625,37.858721,3365.7677160000003,-17.089,-22.606,63.715,0.739657776796983
158.35,128.204657,37.858731,3363.78804,-17.046,-22.317,63.618,0.739657776796983
158.3666,128.204689,37.858742,3361.8159840000003,-17.004,-22.032,63.522,0.739657776796983
158.3833,128.204721,37.858753,3359.8524624000006,-16.962,-21.752,63.428,0.739657776796983
158.4,128.204754,37.858764,3357.8968656,-16.921,-21.475,63.336,0.739657776796983
158.4166,128.204786,37.858774,3355.9494984000003,-16.88,-21.201,63.244,0.739657776796983
158.4333,128.204818,37.858785,3354.0109704,-16.84,-20.931,63.155,0.739657776796983
158.45,128.204851,37.858796,3352.0809768,-16.799,-20.663,63.066,0.739657776796983
158.4666,128.204883,37.858807,3350.1595176,-16.759,-20.398,62.978,0.739657776796983
158.4833,128.204916,37.858818,3348.2472024000003,-16.719,-20.135,62.892,0.739657776796983
158.5,128.204949,37.85883,3346.3437264,-16.68,-19.875,62.806,0.739657776796983
158.5166,128.204981,37.858841,3344.4490896,-16.64,-19.616,62.721,0.739657776796983
158.5333,128.205014,37.858852,3342.5639016,-16.601,-19.36,62.637,0.739657776796983
158.55,128.205047,37.858863,3340.6881624000002,-16.561,-19.105,62.554,0.739657776796983
158.5666,128.20508,37.858875,3338.8215672,-16.522,-18.852,62.472,0.739657776796983
158.5833,128.205113,37.858886,3336.9647256000003,-16.483,-18.601,62.39,0.739657776796983
158.6,128.205146,37.858898,3335.1173328000004,-16.444,-18.351,62.309,0.739657776796983
158.6166,128.205179,37.858909,3333.2799984000003,-16.405,-18.103,62.229,0.739657776796983
158.6333,128.205212,37.858921,3331.4521128,-16.366,-17.856,62.15,0.739657776796983
158.65,128.205245,37.858933,3329.6342856,-16.327,-17.611,62.071,0.739657776796983
158.6666,128.205278,37.858945,3327.8262120000004,-16.288,-17.367,61.993,0.739657776796983
158.6833,128.205312,37.858957,3326.0285016,-16.249,-17.124,61.916,0.739657776796983
158.7,128.205345,37.858969,3324.2408496000003,-16.21,-16.882,61.839,0.739657776796983
158.7166,128.205378,37.858981,3322.4635608,-16.172,-16.642,61.762,0.739657776796983
158.7333,128.205412,37.858993,3320.6963304000005,-16.133,-16.403,61.687,0.739657776796983
158.75,128.205445,37.859005,3318.939768,-16.095,-16.164,61.611,0.739657776796983
158.7666,128.205479,37.859017,3317.1938736,-16.056,-15.927,61.537,0.739657776796983
158.7833,128.205512,37.859029,3315.4583423999998,-16.018,-15.69,61.462,0.739657776796983
158.8,128.205546,37.859042,3313.7334792,-15.98,-15.455,61.389,0.739657776796983
158.8166,128.20558,37.859054,3312.019284,-15.942,-15.22,61.315,0.739657776796983
158.8333,128.205614,37.859066,3310.3157568,-15.904,-14.986,61.242,0.739657776796983
158.85,128.205647,37.859079,3308.6235072000004,-15.866,-14.753,61.17,0.739657776796983
158.8666,128.205681,37.859092,3306.9419256,-15.828,-14.521,61.098,0.739657776796983
158.8833,128.205715,37.859104,3305.2716216,-15.79,-14.289,61.027,0.739657776796983
158.9,128.205749,37.859117,3303.6119856,-15.753,-14.058,60.955,0.739657776796983
158.9166,128.205783,37.85913,3301.963932,-15.716,-13.828,60.885,0.739657776796983
158.9333,128.205817,37.859143,3300.3268512,-15.678,-13.598,60.814,0.739657776796983
158.95,128.205851,37.859156,3298.7010480000004,-15.641,-13.369,60.744,0.739657776796983
158.9666,128.205886,37.859169,3297.0868272000002,-15.604,-13.14,60.675,0.739657776796983
158.9833,128.20592,37.859182,3295.483884,-15.567,-12.912,60.606,0.739657776796983
159.0,128.205954,37.859195,3293.8922184000003,-15.531,-12.684,60.537,0.739657776796983
159.0166,128.205988,37.859208,3292.31244,-15.494,-12.457,60.468,0.739657776796983
159.0333,128.206023,37.859221,3290.7439392,-15.458,-12.23,60.4,0.739657776796983
159.05,128.206057,37.859234,3289.1873256000003,-15.422,-12.004,60.332,0.739657776796983
159.0666,128.206091,37.859248,3287.6422944,-15.386,-11.778,60.265,0.739657776796983
159.0833,128.206126,37.859261,3286.1088456,-15.35,-11.553,60.197,0.739657776796983
159.1,128.20616,37.859275,3284.5875888,-15.315,-11.328,60.13,0.739657776796983
159.1166,128.206195,37.859288,3283.0779144000003,-15.28,-11.103,60.064,0.739657776796983
159.1333,128.20623,37.859302,3281.5801272000003,-15.245,-10.878,59.997,0.739657776796983
159.15,128.206264,37.859316,3280.094532,-15.21,-10.654,59.931,0.739657776796983
159.1666,128.206299,37.859329,3278.620824,-15.175,-10.43,59.865,0.739657776796983
159.1833,128.206334,37.859343,3277.1590032000004,-15.141,-10.207,59.8,0.739657776796983
159.2,128.206369,37.859357,3275.7096792,-15.106,-9.984,59.735,0.739657776796983
159.2166,128.206403,37.859371,3274.2722424,-15.072,-9.761,59.67,0.739657776796983
159.2333,128.206438,37.859385,3272.8469976,-15.039,-9.538,59.605,0.739657776796983
159.25,128.206473,37.859399,3271.4342496,-15.005,-9.315,59.54,0.739657776796983
159.2666,128.206508,37.859413,3270.0333888,-14.972,-9.093,59.476,0.739657776796983
159.2833,128.206543,37.859427,3268.6453296,-14.939,-8.871,59.412,0.739657776796983
159.3,128.206578,37.859442,3267.2694624000005,-14.906,-8.649,59.348,0.739657776796983
159.3166,128.206613,37.859456,3265.9060920000006,-14.873,-8.427,59.284,0.739657776796983
159.3333,128.206648,37.85947,3264.5552184000003,-14.841,-8.206,59.221,0.739657776796983
159.35,128.206683,37.859485,3263.2168416000004,-14.809,-7.984,59.158,0.739657776796983
159.3666,128.206718,37.859499,3261.8909616,-14.777,-7.763,59.095,0.739657776796983
159.3833,128.206754,37.859514,3260.5775784,-14.746,-7.542,59.032,0.739657776796983
159.4,128.206789,37.859528,3259.2769968,-14.714,-7.321,58.97,0.739657776796983
159.4166,128.206824,37.859543,3257.9892168000006,-14.683,-7.1,58.907,0.739657776796983
159.4333,128.206859,37.859558,3256.7139336,-14.652,-6.879,58.845,0.739657776796983
159.45,128.206895,37.859572,3255.4514520000002,-14.622,-6.658,58.783,0.739657776796983
159.4666,128.20693,37.859587,3254.201772,-14.591,-6.438,58.721,0.739657776796983
159.4833,128.206965,37.859602,3252.9651984,-14.561,-6.218,58.66,0.739657776796983
159.5,128.207001,37.859617,3251.7411216,-14.532,-5.997,58.598,0.739657776796983
159.5166,128.207036,37.859632,3250.5301512,-14.502,-5.777,58.537,0.739657776796983
159.5333,128.207072,37.859647,3249.3319824000005,-14.473,-5.557,58.476,0.739657776796983
159.55,128.207107,37.859662,3248.14692,-14.444,-5.337,58.415,0.739657776796983
159.5666,128.207143,37.859677,3246.9749640000005,-14.415,-5.117,58.354,0.739657776796983
159.5833,128.207178,37.859692,3245.8158096,-14.387,-4.897,58.294,0.739657776796983
159.6,128.207214,37.859708,3244.6700664000005,-14.358,-4.677,58.233,0.739657776796983
159.6166,128.207249,37.859723,3243.5371248,-14.33,-4.457,58.173,0.739657776796983
159.6333,128.207285,37.859738,3242.4175944,-14.303,-4.237,58.113,0.739657776796983
159.65,128.207321,37.859754,3241.3108656,-14.275,-4.017,58.053,0.739657776796983
159.6666,128.207356,37.859769,3240.217548,-14.248,-3.798,57.993,0.739657776796983
159.6833,128.207392,37.859785,3239.1376416000003,-14.221,-3.578,57.933,0.739657776796983
159.7,128.207428,37.859801,3238.0708416,-14.194,-3.359,57.874,0.739657776796983
159.7166,128.207463,37.859816,3237.0174528000002,-14.168,-3.139,57.814,0.739657776796983
159.7333,128.207499,37.859832,3235.9771704,-14.142,-2.919,57.755,0.739657776796983
159.75,128.207535,37.859848,3234.950604,-14.116,-2.7,57.696,0.739657776796983
159.7666,128.207571,37.859864,3233.9371440000004,-14.091,-2.481,57.637,0.739657776796983
159.7833,128.207607,37.859879,3232.9370952,-14.065,-2.261,57.578,0.739657776796983
159.8,128.207642,37.859895,3231.9504576000004,-14.04,-2.042,57.519,0.739657776796983
159.8166,128.207678,37.859911,3230.977536,-14.015,-1.822,57.46,0.739657776796983
159.8333,128.207714,37.859927,3230.0180256000003,-13.991,-1.603,57.402,0.739657776796983
159.85,128.20775,37.859943,3229.0719264,-13.966,-1.384,57.343,0.739657776796983
159.8666,128.207786,37.85996,3228.1392384,-13.942,-1.164,57.285,0.739657776796983
159.8833,128.207822,37.859976,3227.2205712000004,-13.919,-0.945,57.227,0.739657776796983
159.9,128.207858,37.859992,3226.3150104,-13.895,-0.726,57.169,0.739657776796983
159.9166,128.207894,37.860008,3225.4234704,-13.872,-0.506,57.111,0.739657776796983
159.9333,128.20793,37.860025,3224.5453416000005,-13.849,-0.287,57.053,0.739657776796983
159.95,128.207966,37.860041,3223.6809288,-13.826,-0.068,56.995,0.739657776796983
159.9666,128.208002,37.860057,3222.8302320000003,-13.804,0.151,56.938,0.739657776796983
159.9833,128.208038,37.860074,3221.9932512,-13.781,0.37,56.88,0.739657776796983
160.0,128.208074,37.86009,3221.1699864,-13.759,0.589,56.823,0.739657776796983
160.0166,128.20811,37.860107,3220.3607424,-13.738,0.809,56.765,0.739657776796983
160.0333,128.208146,37.860123,3219.5649096,-13.716,1.028,56.708,0.739657776796983
160.05,128.208182,37.86014,3218.7830976,-13.695,1.247,56.651,0.739657776796983
160.0666,128.208218,37.860157,3218.0150016,-13.674,1.466,56.594,0.739657776796983
160.0833,128.208254,37.860174,3217.2609264,-13.653,1.686,56.537,0.739657776796983
160.1,128.20829,37.86019,3216.5205671999997,-13.633,1.905,56.48,0.739657776796983
160.1166,128.208326,37.860207,3215.793924,-13.613,2.124,56.423,0.739657776796983
160.1333,128.208362,37.860224,3215.0813016,-13.593,2.343,56.366,0.739657776796983
160.15,128.208398,37.860241,3214.3827,-13.573,2.563,56.309,0.739657776796983
160.1666,128.208435,37.860258,3213.6981192000003,-13.554,2.782,56.253,0.739657776796983
160.1833,128.208471,37.860275,3213.0272544,-13.534,3.001,56.196,0.739657776796983
160.2,128.208507,37.860292,3212.3704104,-13.516,3.221,56.14,0.739657776796983
160.2166,128.208543,37.860309,3211.7275872000005,-13.497,3.44,56.083,0.739657776796983
160.2333,128.208579,37.860326,3211.0990896000003,-13.478,3.659,56.027,0.739657776796983
160.25,128.208615,37.860344,3210.484308,-13.46,3.879,55.971,0.739657776796983
160.2666,128.208651,37.860361,3209.8835472,-13.442,4.098,55.915,0.739657776796983
160.2833,128.208687,37.860378,3209.2968072000003,-13.424,4.317,55.858,0.739657776796983
160.3,128.208724,37.860396,3208.724088,-13.407,4.537,55.802,0.739657776796983
160.3166,128.20876,37.860413,3208.1656944,-13.39,4.756,55.746,0.739657776796983
160.3333,128.208796,37.86043,3207.6213216,-13.373,4.975,55.69,0.739657776796983
160.35,128.208832,37.860448,3207.0909696,-13.356,5.195,55.634,0.739657776796983
160.3666,128.208868,37.860465,3206.5746384,-13.339,5.414,55.579,0.739657776796983
160.3833,128.208904,37.860483,3206.0726328000005,-13.323,5.633,55.523,0.739657776796983
160.4,128.20894,37.8605,3205.584648,-13.307,5.853,55.467,0.739657776796983
160.4166,128.208976,37.860518,3205.1109888,-13.291,6.072,55.411,0.739657776796983
160.4333,128.209012,37.860536,3204.6513504000004,-13.276,6.291,55.356,0.739657776796983
160.45,128.209049,37.860553,3204.2060376,-13.261,6.511,55.3,0.739657776796983
160.4666,128.209085,37.860571,3203.7747456,-13.246,6.73,55.244,0.739657776796983
160.4833,128.209121,37.860589,3203.3577792,-13.231,6.95,55.189,0.739657776796983
160.5,128.209157,37.860607,3202.9551384,-13.216,7.169,55.133,0.739657776796983
160.5166,128.209193,37.860624,3202.5665184000004,-13.202,7.388,55.078,0.739657776796983
160.5333,128.209229,37.860642,3202.192224,-13.188,7.608,55.022,0.739657776796983
160.55,128.209265,37.86066,3201.8319504,-13.174,7.827,54.967,0.739657776796983
160.5666,128.209301,37.860678,3201.4863072000003,-13.16,8.047,54.912,0.739657776796983
160.5833,128.209337,37.860696,3201.1546848000003,-13.147,8.266,54.856,0.739657776796983
160.6,128.209373,37.860714,3200.837388,-13.134,8.486,54.801,0.739657776796983
160.6166,128.209409,37.860732,3200.5344168000006,-13.121,8.705,54.746,0.739657776796983
160.6333,128.209445,37.86075,3200.2454664,-13.108,8.924,54.69,0.739657776796983
160.65,128.209481,37.860768,3199.9711464,-13.096,9.144,54.635,0.739657776796983
160.6666,128.209517,37.860787,3199.7108472,-13.084,9.363,54.58,0.739657776796983
160.6833,128.209553,37.860805,3199.4651784000002,-13.072,9.583,54.525,0.739657776796983
160.7,128.209589,37.860823,3199.2335304000003,-13.06,9.802,54.47,0.739657776796983
160.7166,128.209625,37.860841,3199.016208,-13.048,10.022,54.414,0.739657776796983
160.7333,128.209661,37.86086,3198.8132112000003,-13.037,10.241,54.359,0.739657776796983
160.75,128.209697,37.860878,3198.6248448,-13.026,10.461,54.304,0.739657776796983
160.7666,128.209733,37.860896,3198.4504991999997,-13.015,10.68,54.249,0.739657776796983
160.7833,128.209768,37.860915,3198.2904792,-13.005,10.9,54.194,0.739657776796983
160.8,128.209804,37.860933,3198.1447848000003,-12.994,11.119,54.139,0.739657776796983
160.8166,128.20984,37.860952,3198.0134160000002,-12.984,11.338,54.084,0.739657776796983
160.8333,128.209876,37.86097,3197.8966776,-12.975,11.558,54.029,0.739657776796983
160.85,128.209912,37.860989,3197.7939600000004,-12.965,11.777,53.973,0.739657776796983
160.8666,128.209948,37.861007,3197.7055680000003,-12.956,11.997,53.918,0.739657776796983
160.8833,128.209983,37.861026,3197.6318064,-12.946,12.216,53.863,0.739657776796983
160.9,128.210019,37.861044,3197.5720656,-12.938,12.436,53.808,0.739657776796983
160.9166,128.210055,37.861063,3197.5269552000004,-12.929,12.655,53.753,0.739657776796983
160.9333,128.21009,37.861082,3197.4958656,-12.92,12.875,53.698,0.739657776796983
160.95,128.210126,37.8611,3197.4794064000002,-12.912,13.094,53.643,0.739657776796983
160.9666,128.210162,37.861119,3197.476968,-12.904,13.314,53.588,0.739657776796983
160.9833,128.210197,37.861138,3197.4891600000005,-12.897,13.533,53.533,0.739657776796983
161.0,128.210233,37.861156,3197.5156776000003,-12.889,13.752,53.477,0.739657776796983
161.0166,128.210268,37.861175,3197.5562160000004,-12.882,13.972,53.422,0.739657776796983
161.0333,128.210304,37.861194,3197.6113848000005,-12.875,14.191,53.367,0.739657776796983
161.05,128.210339,37.861213,3197.6808792,-12.868,14.411,53.312,0.739657776796983
161.0666,128.210375,37.861232,3197.7646992,-12.861,14.63,53.257,0.739657776796983
161.0833,128.21041,37.861251,3197.8628448,-12.855,14.849,53.201,0.739657776796983
161.1,128.210446,37.861269,3197.9750112,-12.849,15.069,53.146,0.739657776796983
161.1166,128.210481,37.861288,3198.101808,-12.843,15.288,53.091,0.739657776796983
161.1333,128.210516,37.861307,3198.2429304,-12.838,15.507,53.035,0.739657776796983
161.15,128.210552,37.861326,3198.3983784000006,-12.832,15.727,52.98,0.739657776796983
161.1666,128.210587,37.861345,3198.5678472,-12.827,15.946,52.925,0.739657776796983
161.1833,128.210622,37.861364,3198.7519464,-12.822,16.165,52.869,0.739657776796983
161.2,128.210657,37.861383,3198.9500664,-12.818,16.385,52.814,0.739657776796983
161.2166,128.210693,37.861402,3199.1625120000003,-12.813,16.604,52.758,0.739657776796983
161.2333,128.210728,37.861422,3199.3892832,-12.809,16.823,52.703,0.739657776796983
161.25,128.210763,37.861441,3199.63038,-12.805,17.043,52.647,0.739657776796983
161.2666,128.210798,37.86146,3199.8858024,-12.801,17.262,52.592,0.739657776796983
161.2833,128.210833,37.861479,3200.1555504000003,-12.798,17.481,52.536,0.739657776796983
161.3,128.210868,37.861498,3200.4393192,-12.795,17.7,52.48,0.739657776796983
161.3166,128.210903,37.861517,3200.7374136000003,-12.792,17.92,52.425,0.739657776796983
161.3333,128.210938,37.861537,3201.0498336,-12.789,18.139,52.369,0.739657776796983
161.35,128.210973,37.861556,3201.3762744,-12.786,18.358,52.313,0.739657776796983
161.3666,128.211008,37.861575,3201.7170408,-12.784,18.577,52.257,0.739657776796983
161.3833,128.211042,37.861594,3202.0718280000006,-12.782,18.796,52.201,0.739657776796983
161.4,128.211077,37.861614,3202.4412456,-12.78,19.015,52.145,0.739657776796983
161.4166,128.211112,37.861633,3202.8243792000003,-12.779,19.234,52.089,0.739657776796983
161.4333,128.211147,37.861652,3203.2221432,-12.778,19.454,52.033,0.739657776796983
161.45,128.211181,37.861671,3203.6336232000003,-12.777,19.673,51.977,0.739657776796983
161.4666,128.211216,37.861691,3204.0594288,-12.776,19.892,51.921,0.739657776796983
161.4833,128.21125,37.86171,3204.49956,-12.775,20.111,51.864,0.739657776796983
161.5,128.211285,37.86173,3204.9534072,-12.775,20.33,51.808,0.739657776796983
161.5166,128.211319,37.861749,3205.4218848000005,-12.775,20.549,51.752,0.739657776796983
161.5333,128.211354,37.861768,3205.9040784000003,-12.775,20.768,51.695,0.739657776796983
161.55,128.211388,37.861788,3206.4005976000003,-12.775,20.987,51.638,0.739657776796983
161.5666,128.211423,37.861807,3206.9108328,-12.776,21.205,51.582,0.739657776796983
161.5833,128.211457,37.861827,3207.4353936,-12.777,21.424,51.525,0.739657776796983
161.6,128.211491,37.861846,3207.9739752,-12.778,21.643,51.468,0.739657776796983
161.6166,128.211525,37.861865,3208.5265776,-12.78,21.862,51.411,0.739657776796983
161.6333,128.21156,37.861885,3209.0932008000004,-12.781,22.081,51.354,0.739657776796983
161.65,128.211594,37.861904,3209.6738448,-12.783,22.3,51.297,0.739657776796983
161.6666,128.211628,37.861924,3210.2685096000005,-12.785,22.518,51.24,0.739657776796983
161.6833,128.211662,37.861943,3210.8768904,-12.788,22.737,51.183,0.739657776796983
161.7,128.211696,37.861963,3211.4995968,-12.791,22.956,51.126,0.739657776796983
161.7166,128.21173,37.861982,3212.1360192,-12.794,23.174,51.068,0.739657776796983
161.7333,128.211763,37.862002,3212.7864624000003,-12.797,23.393,51.011,0.739657776796983
161.75,128.211797,37.862022,3213.4506216,-12.8,23.612,50.953,0.739657776796983
161.7666,128.211831,37.862041,3214.1288016,-12.804,23.83,50.895,0.739657776796983
161.7833,128.211865,37.862061,3214.8206976,-12.808,24.049,50.837,0.739657776796983
161.8,128.211898,37.86208,3215.5266144,-12.812,24.267,50.779,0.739657776796983
161.8166,128.211932,37.8621,3216.2462472,-12.817,24.486,50.721,0.739657776796983
161.8333,128.211965,37.862119,3216.9799008000005,-12.822,24.704,50.663,0.739657776796983
161.85,128.211999,37.862139,3217.7269656000003,-12.827,24.923,50.605,0.739657776796983
161.8666,128.212032,37.862159,3218.4880512,-12.832,25.141,50.547,0.739657776796983
161.8833,128.212066,37.862178,3219.2628528000005,-12.838,25.359,50.488,0.739657776796983
161.9,128.212099,37.862198,3220.0513704,-12.843,25.578,50.43,0.739657776796983
161.9166,128.212132,37.862217,3220.853604,-12.85,25.796,50.371,0.739657776796983
161.9333,128.212165,37.862237,3221.6695535999997,-12.856,26.014,50.312,0.739657776796983
161.95,128.212198,37.862257,3222.4992192000004,-12.863,26.232,50.253,0.739657776796983
161.9666,128.212232,37.862276,3223.3426008000006,-12.87,26.45,50.194,0.739657776796983
161.9833,128.212265,37.862296,3224.1993936000003,-12.877,26.668,50.135,0.739657776796983
162.0,128.212297,37.862315,3225.0699024,-12.884,26.887,50.075,0.739657776796983
162.0166,128.21233,37.862335,3225.9538224000003,-12.892,27.105,50.016,0.739657776796983
162.0333,128.212363,37.862355,3226.8514584,-12.9,27.323,49.956,0.739657776796983
162.05,128.212396,37.862374,3227.7625056000006,-12.909,27.54,49.896,0.739657776796983
162.0666,128.212429,37.862394,3228.6872688000003,-12.917,27.758,49.837,0.739657776796983
162.0833,128.212461,37.862414,3229.6251384,-12.926,27.976,49.776,0.739657776796983
162.1,128.212494,37.862433,3230.576724,-12.935,28.194,49.716,0.739657776796983
162.1166,128.212526,37.862453,3231.5417208000003,-12.945,28.412,49.656,0.739657776796983
162.1333,128.212559,37.862473,3232.5201288,-12.955,28.63,49.595,0.739657776796983
162.15,128.212591,37.862492,3233.5119480000003,-12.965,28.847,49.535,0.739657776796983
162.1666,128.212624,37.862512,3234.5171784000004,-12.975,29.065,49.474,0.739657776796983
162.1833,128.212656,37.862531,3235.5355152,-12.986,29.282,49.413,0.739657776796983
162.2,128.212688,37.862551,3236.567568,-12.997,29.5,49.352,0.739657776796983
162.2166,128.21272,37.862571,3237.6124224,-13.008,29.717,49.29,0.739657776796983
162.2333,128.212752,37.86259,3238.6709928,-13.019,29.935,49.229,0.739657776796983
162.25,128.212784,37.86261,3239.7423648,-13.031,30.152,49.167,0.739657776796983
162.2666,128.212816,37.86263,3240.8271480000003,-13.043,30.37,49.105,0.739657776796983
162.2833,128.212848,37.862649,3241.9250376,-13.056,30.587,49.043,0.739657776796983
162.3,128.21288,37.862669,3243.0363384,-13.069,30.804,48.981,0.739657776796983
162.3166,128.212911,37.862688,3244.1604408000003,-13.082,31.021,48.919,0.739657776796983
162.3333,128.212943,37.862708,3245.2976496,-13.095,31.239,48.856,0.739657776796983
162.35,128.212975,37.862728,3246.4479647999997,-13.109,31.456,48.794,0.739657776796983
162.3666,128.213006,37.862747,3247.6113864000004,-13.123,31.673,48.731,0.739657776796983
162.3833,128.213037,37.862767,3248.7879144000003,-13.137,31.89,48.667,0.739657776796983
162.4,128.213069,37.862786,3249.977244,-13.152,32.107,48.604,0.739657776796983
162.4166,128.2131,37.862806,3251.17968,-13.167,32.323,48.541,0.739657776796983
162.4333,128.213131,37.862826,3252.3949176,-13.182,32.54,48.477,0.739657776796983
162.45,128.213162,37.862845,3253.6229568000003,-13.198,32.757,48.413,0.739657776796983
162.4666,128.213193,37.862865,3254.8637976,-13.214,32.974,48.349,0.739657776796983
162.4833,128.213224,37.862884,3256.1177448,-13.23,33.19,48.284,0.739657776796983
162.5,128.213255,37.862904,3257.3841888,-13.247,33.407,48.22,0.739657776796983
162.5166,128.213286,37.862923,3258.6637392000002,-13.264,33.624,48.155,0.739657776796983
162.5333,128.213317,37.862943,3259.9557864000003,-13.281,33.84,48.09,0.739657776796983
162.55,128.213348,37.862962,3261.2603304000004,-13.299,34.056,48.025,0.739657776796983
162.5666,128.213378,37.862982,3262.5779807999998,-13.317,34.273,47.959,0.739657776796983
162.5833,128.213409,37.863001,3263.9078232,-13.335,34.489,47.893,0.739657776796983
162.6,128.213439,37.863021,3265.2504672,-13.354,34.705,47.827,0.739657776796983
162.6166,128.21347,37.86304,3266.6059128,-13.373,34.921,47.761,0.739657776796983
162.6333,128.2135,37.86306,3267.9735504000005,-13.392,35.138,47.695,0.739657776796983
162.65,128.21353,37.863079,3269.3539896,-13.412,35.354,47.628,0.739657776796983
162.6666,128.21356,37.863099,3270.7466208,-13.432,35.57,47.561,0.739657776796983
162.6833,128.21359,37.863118,3272.1517488000004,-13.453,35.785,47.494,0.739657776796983
162.7,128.21362,37.863138,3273.5693736000003,-13.474,36.001,47.426,0.739657776796983
162.7166,128.21365,37.863157,3274.9991904,-13.495,36.217,47.358,0.739657776796983
162.7333,128.21368,37.863176,3276.441504,-13.517,36.433,47.29,0.739657776796983
162.75,128.21371,37.863196,3277.8960096,-13.539,36.648,47.222,0.739657776796983
162.7666,128.213739,37.863215,3279.3630120000003,-13.561,36.864,47.154,0.739657776796983
162.7833,128.213769,37.863234,3280.8419016,-13.584,37.079,47.085,0.739657776796983
162.8,128.213798,37.863254,3282.333288,-13.607,37.295,47.015,0.739657776796983
162.8166,128.213828,37.863273,3283.8365616,-13.631,37.51,46.946,0.739657776796983
162.8333,128.213857,37.863292,3285.3520272,-13.655,37.726,46.876,0.739657776796983
162.85,128.213886,37.863312,3286.8796848,-13.679,37.941,46.806,0.739657776796983
162.8666,128.213915,37.863331,3288.4192296,-13.704,38.156,46.736,0.739657776796983
162.8833,128.213945,37.86335,3289.9709664,-13.729,38.371,46.665,0.739657776796983
162.9,128.213974,37.863369,3291.5345904,-13.754,38.586,46.594,0.739657776796983
162.9166,128.214002,37.863389,3293.1101016,-13.78,38.801,46.523,0.739657776796983
162.9333,128.214031,37.863408,3294.6975,-13.807,39.016,46.451,0.739657776796983
162.95,128.21406,37.863427,3296.2967856,-13.834,39.23,46.379,0.739657776796983
162.9666,128.214089,37.863446,3297.9079584,-13.861,39.445,46.307,0.739657776796983
162.9833,128.214117,37.863465,3299.5307136,-13.889,39.66,46.235,0.739657776796983
163.0,128.214146,37.863484,3301.165356,-13.917,39.874,46.162,0.739657776796983
163.0166,128.214174,37.863503,3302.8115808,-13.945,40.089,46.088,0.739657776796983
163.0333,128.214202,37.863523,3304.4696928,-13.974,40.303,46.015,0.739657776796983
163.05,128.21423,37.863542,3306.1393872000003,-14.004,40.517,45.941,0.739657776796983
163.0666,128.214258,37.863561,3307.8206640000003,-14.034,40.732,45.866,0.739657776796983
163.0833,128.214286,37.86358,3309.5132184000004,-14.064,40.946,45.792,0.739657776796983
163.1,128.214314,37.863599,3311.2176600000003,-14.095,41.16,45.717,0.739657776796983
163.1166,128.214342,37.863618,3312.9333792,-14.126,41.374,45.641,0.739657776796983
163.1333,128.21437,37.863637,3314.6603760000003,-14.158,41.588,45.565,0.739657776796983
163.15,128.214398,37.863656,3316.3989552000003,-14.191,41.801,45.489,0.739657776796983
163.1666,128.214425,37.863674,3318.1491168000002,-14.223,42.015,45.412,0.739657776796983
163.1833,128.214453,37.863693,3319.9102512,-14.257,42.229,45.335,0.739657776796983
163.2,128.21448,37.863712,3321.6826632,-14.29,42.442,45.258,0.739657776796983
163.2166,128.214507,37.863731,3323.4663528,-14.325,42.656,45.18,0.739657776796983
163.2333,128.214535,37.86375,3325.26132,-14.359,42.869,45.102,0.739657776796983
163.25,128.214562,37.863769,3327.0672600000003,-14.395,43.082,45.023,0.739657776796983
163.2666,128.214589,37.863787,3328.8844776,-14.43,43.295,44.944,0.739657776796983
163.2833,128.214616,37.863806,3330.712668,-14.467,43.509,44.864,0.739657776796983
163.3,128.214642,37.863825,3332.5518312,-14.504,43.722,44.784,0.739657776796983
163.3166,128.214669,37.863844,3334.402272,-14.541,43.934,44.703,0.739657776796983
163.3333,128.214696,37.863862,3336.2633808,-14.579,44.147,44.622,0.739657776796983
163.35,128.214722,37.863881,3338.1354624000005,-14.617,44.36,44.541,0.739657776796983
163.3666,128.214749,37.863899,3340.0182120000004,-14.656,44.573,44.459,0.739657776796983
163.3833,128.214775,37.863918,3341.9119344,-14.696,44.785,44.377,0.739657776796983
163.4,128.214801,37.863937,3343.8163248,-14.736,44.997,44.294,0.739657776796983
163.4166,128.214827,37.863955,3345.731688,-14.777,45.21,44.211,0.739657776796983
163.4333,128.214853,37.863974,3347.6574144000006,-14.818,45.422,44.127,0.739657776796983
163.45,128.214879,37.863992,3349.5938088000003,-14.86,45.634,44.042,0.739657776796983
163.4666,128.214905,37.864011,3351.5408712000003,-14.902,45.846,43.957,0.739657776796983
163.4833,128.214931,37.864029,3353.4986016,-14.945,46.058,43.872,0.739657776796983
163.5,128.214957,37.864047,3355.4666952000002,-14.989,46.27,43.786,0.739657776796983
163.5166,128.214982,37.864066,3357.4454568,-15.033,46.482,43.699,0.739657776796983
163.5333,128.215008,37.864084,3359.4342768,-15.078,46.693,43.612,0.739657776796983
163.55,128.215033,37.864102,3361.4337648,-15.124,46.905,43.525,0.739657776796983
163.5666,128.215058,37.864121,3363.4433112,-15.17,47.116,43.437,0.739657776796983
163.5833,128.215083,37.864139,3365.4632208000003,-15.217,47.327,43.348,0.739657776796983
163.6,128.215109,37.864157,3367.4934936000004,-15.265,47.538,43.258,0.739657776796983
163.6166,128.215134,37.864175,3369.5338248000003,-15.313,47.749,43.169,0.739657776796983
163.6333,128.215158,37.864193,3371.5845192000006,-15.362,47.96,43.078,0.739657776796983
163.65,128.215183,37.864212,3373.645272,-15.411,48.171,42.987,0.739657776796983
163.6666,128.215208,37.86423,3375.7157784000005,-15.461,48.382,42.895,0.739657776796983
163.6833,128.215232,37.864248,3377.7966480000005,-15.512,48.593,42.803,0.739657776796983
163.7,128.215257,37.864266,3379.8872712,-15.564,48.803,42.71,0.739657776796983
163.7166,128.215281,37.864284,3381.9879528,-15.616,49.013,42.616,0.739657776796983
163.7333,128.215305,37.864302,3384.098388,-15.669,49.224,42.521,0.739657776796983
163.75,128.21533,37.86432,3386.2185768,-15.723,49.434,42.426,0.739657776796983
163.7666,128.215354,37.864338,3388.3485192000003,-15.778,49.644,42.331,0.739657776796983
163.7833,128.215378,37.864355,3390.48852,-15.833,49.854,42.234,0.739657776796983
163.8,128.215401,37.864373,3392.6379696,-15.889,50.064,42.137,0.739657776796983
163.8166,128.215425,37.864391,3394.7971728,-15.946,50.273,42.039,0.739657776796983
163.8333,128.215449,37.864409,3396.9658248,-16.004,50.483,41.941,0.739657776796983
163.85,128.215472,37.864426,3399.1439256000003,-16.062,50.692,41.841,0.739657776796983
163.8666,128.215496,37.864444,3401.3317800000004,-16.122,50.901,41.741,0.739657776796983
163.8833,128.215519,37.864462,3403.5290832,-16.182,51.111,41.64,0.739657776796983
163.9,128.215542,37.864479,3405.7355304000002,-16.243,51.32,41.539,0.739657776796983
163.9166,128.215566,37.864497,3407.9517312,-16.305,51.528,41.436,0.739657776796983
163.9333,128.215589,37.864515,3410.1767712000005,-16.367,51.737,41.333,0.739657776796983
163.95,128.215611,37.864532,3412.4115647999997,-16.431,51.946,41.229,0.739657776796983
163.9666,128.215634,37.86455,3414.6551976,-16.496,52.154,41.124,0.739657776796983
163.9833,128.215657,37.864567,3416.9082792,-16.561,52.363,41.018,0.739657776796983
164.0,128.21568,37.864584,3419.1702,-16.627,52.571,40.912,0.739657776796983
164.0166,128.215702,37.864602,3421.4412647999998,-16.694,52.779,40.804,0.739657776796983
164.0333,128.215724,37.864619,3423.7214736000005,-16.763,52.987,40.696,0.739657776796983
164.05,128.215747,37.864636,3426.0105215999997,-16.832,53.195,40.587,0.739657776796983
164.0666,128.215769,37.864654,3428.3087136000004,-16.902,53.402,40.477,0.739657776796983
164.0833,128.215791,37.864671,3430.6157448,-16.973,53.61,40.366,0.739657776796983
164.1,128.215813,37.864688,3432.9313104,-17.045,53.817,40.253,0.739657776796983
164.1166,128.215835,37.864705,3435.2560200000003,-17.118,54.024,40.14,0.739657776796983
164.1333,128.215856,37.864722,3437.589264,-17.192,54.231,40.026,0.739657776796983
164.15,128.215878,37.864739,3439.9310424,-17.268,54.438,39.911,0.739657776796983
164.1666,128.2159,37.864756,3442.2816600000006,-17.344,54.645,39.795,0.739657776796983
164.1833,128.215921,37.864773,3444.6408120000006,-17.421,54.852,39.678,0.739657776796983
164.2,128.215942,37.86479,3447.0084984000005,-17.5,55.058,39.56,0.739657776796983
164.2166,128.215964,37.864807,3449.3847192000003,-17.579,55.264,39.441,0.739657776796983
164.2333,128.215985,37.864824,3451.7694744,-17.66,55.47,39.321,0.739657776796983
164.25,128.216006,37.86484,3454.1624592000003,-17.742,55.676,39.199,0.739657776796983
164.2666,128.216026,37.864857,3456.5639784000005,-17.825,55.882,39.077,0.739657776796983
164.2833,128.216047,37.864874,3458.9734224,-17.909,56.088,38.953,0.739657776796983
164.3,128.216068,37.864891,3461.3914008,-17.995,56.293,38.828,0.739657776796983
164.3166,128.216088,37.864907,3463.8176088,-18.082,56.499,38.702,0.739657776796983
164.3333,128.216109,37.864924,3466.2486936000005,-18.17,56.704,38.575,0.739657776796983
164.35,128.216129,37.86494,3468.688008,-18.26,56.91,38.446,0.739657776796983
164.3666,128.216149,37.864957,3471.1337232,-18.351,57.117,38.315,0.739657776796983
164.3833,128.216169,37.864973,3473.5864488000007,-18.444,57.324,38.183,0.739657776796983
164.4,128.216189,37.86499,3476.0455752000003,-18.539,57.53,38.049,0.739657776796983
164.4166,128.216209,37.865006,3478.5114072,-18.635,57.737,37.914,0.739657776796983
164.4333,128.216229,37.865022,3480.9833352000005,-18.732,57.943,37.777,0.739657776796983
164.45,128.216249,37.865038,3483.4616640000004,-18.831,58.15,37.639,0.739657776796983
164.4666,128.216268,37.865055,3485.9463936,-18.931,58.356,37.5,0.739657776796983
164.4833,128.216287,37.865071,3488.4369144,-19.033,58.562,37.359,0.739657776796983
164.5,128.216307,37.865087,3490.9335312,-19.136,58.767,37.216,0.739657776796983
164.5166,128.216326,37.865103,3493.4362440000004,-19.241,58.972,37.073,0.739657776796983
164.5333,128.216345,37.865119,3495.9444432,-19.347,59.177,36.927,0.739657776796983
164.55,128.216364,37.865135,3498.4587384,-19.454,59.382,36.78,0.739657776796983
164.5666,128.216383,37.865151,3500.9782152,-19.564,59.586,36.632,0.739657776796983
164.5833,128.216401,37.865166,3503.5034832,-19.674,59.79,36.482,0.739657776796983
164.6,128.21642,37.865182,3506.0342376,-19.787,59.994,36.331,0.739657776796983
164.6166,128.216438,37.865198,3508.5701736000005,-19.9,60.197,36.178,0.739657776796983
164.6333,128.216457,37.865214,3511.1112912000003,-20.016,60.4,36.023,0.739657776796983
164.65,128.216475,37.865229,3513.6578952,-20.133,60.602,35.867,0.739657776796983
164.6666,128.216493,37.865245,3516.2093760000002,-20.252,60.804,35.709,0.739657776796983
164.6833,128.216511,37.86526,3518.7657336,-20.372,61.006,35.55,0.739657776796983
164.7,128.216529,37.865276,3521.3269680000003,-20.494,61.207,35.389,0.739657776796983
164.7166,128.216546,37.865291,3523.893384,-20.618,61.407,35.226,0.739657776796983
164.7333,128.216564,37.865306,3526.464372,-20.744,61.608,35.061,0.739657776796983
164.75,128.216581,37.865322,3529.039932,-20.871,61.807,34.895,0.739657776796983
164.7666,128.216599,37.865337,3531.620064,-21.001,62.007,34.726,0.739657776796983
164.7833,128.216616,37.865352,3534.204768,-21.132,62.206,34.556,0.739657776796983
164.8,128.216633,37.865367,3536.794044,-21.265,62.404,34.384,0.739657776796983
164.8166,128.21665,37.865382,3539.3875872000003,-21.4,62.602,34.211,0.739657776796983
164.8333,128.216667,37.865397,3541.9853976,-21.537,62.799,34.035,0.739657776796983
164.85,128.216684,37.865412,3544.5874752000004,-21.675,62.996,33.857,0.739657776796983
164.8666,128.2167,37.865427,3547.19382,-21.816,63.192,33.678,0.739657776796983
164.8833,128.216717,37.865442,3549.8044320000004,-21.959,63.388,33.496,0.739657776796983
164.9,128.216733,37.865456,3552.4193112000003,-22.104,63.583,33.312,0.739657776796983
164.9166,128.21675,37.865471,3555.0378480000004,-22.251,63.778,33.126,0.739657776796983
164.9333,128.216766,37.865486,3557.660652,-22.4,63.972,32.938,0.739657776796983
164.95,128.216782,37.8655,3560.2874184,-22.551,64.166,32.748,0.739657776796983
164.9666,128.216798,37.865515,3562.9178424,-22.705,64.359,32.556,0.739657776796983
164.9833,128.216814,37.865529,3565.5522288,-22.861,64.551,32.362,0.739657776796983
165.0,128.216829,37.865544,3568.1905776000003,-23.019,64.743,32.165,0.739657776796983
165.0166,128.216845,37.865558,3570.8322792,-23.18,64.935,31.966,0.739657776796983
165.0333,128.216861,37.865572,3573.4779432,-23.343,65.126,31.764,0.739657776796983
165.05,128.216876,37.865586,3576.1269600000005,-23.508,65.316,31.56,0.739657776796983
165.0666,128.216891,37.865601,3578.7796344000003,-23.676,65.506,31.353,0.739657776796983
165.0833,128.216906,37.865615,3581.4356616000005,-23.847,65.695,31.144,0.739657776796983
165.1,128.216921,37.865629,3584.0953464000004,-24.02,65.884,30.933,0.739657776796983
165.1166,128.216936,37.865643,3586.758384,-24.196,66.072,30.718,0.739657776796983
165.1333,128.216951,37.865657,3589.4244696,-24.374,66.26,30.501,0.739657776796983
165.15,128.216966,37.865671,3592.0942128,-24.556,66.447,30.281,0.739657776796983
165.1666,128.21698,37.865684,3594.7666992,-24.74,66.633,30.059,0.739657776796983
165.1833,128.216995,37.865698,3597.4428432,-24.927,66.819,29.833,0.739657776796983
165.2,128.217009,37.865712,3600.1217304000006,-25.117,67.005,29.605,0.739657776796983
165.2166,128.217023,37.865726,3602.8036656,-25.31,67.189,29.373,0.739657776796983
165.2333,128.217037,37.865739,3605.4889536,-25.507,67.374,29.139,0.739657776796983
165.25,128.217051,37.865753,3608.1766800000005,-25.706,67.557,28.901,0.739657776796983
165.2666,128.217065,37.865766,3610.8677592000004,-25.909,67.74,28.66,0.739657776796983
165.2833,128.217079,37.86578,3613.5612768,-26.115,67.923,28.416,0.739657776796983
165.3,128.217092,37.865793,3616.2578424,-26.324,68.105,28.168,0.739657776796983
165.3166,128.217106,37.865806,3618.9568464000004,-26.537,68.286,27.917,0.739657776796983
165.3333,128.217119,37.86582,3621.6588984000005,-26.754,68.467,27.662,0.739657776796983
165.35,128.217133,37.865833,3624.3633888000004,-26.974,68.647,27.404,0.739657776796983
165.3666,128.217146,37.865846,3627.0703176,-27.197,68.827,27.142,0.739657776796983
165.3833,128.217159,37.865859,3629.7796848000003,-27.425,69.006,26.877,0.739657776796983
165.4,128.217172,37.865872,3632.4917952,-27.656,69.184,26.607,0.739657776796983
165.4166,128.217184,37.865885,3635.2060392000003,-27.892,69.362,26.334,0.739657776796983
165.4333,128.217197,37.865898,3637.9227216,-28.131,69.539,26.057,0.739657776796983
165.45,128.21721,37.865911,3640.6418424,-28.374,69.715,25.775,0.739657776796983
165.4666,128.217222,37.865923,3643.3630967999998,-28.622,69.891,25.49,0.739657776796983
165.4833,128.217235,37.865936,3646.0864848000006,-28.874,70.066,25.2,0.739657776796983
165.5,128.217247,37.865949,3648.8120064,-29.13,70.241,24.906,0.739657776796983
165.5166,128.217259,37.865961,3651.5396616000003,-29.391,70.415,24.607,0.739657776796983
165.5333,128.217271,37.865974,3654.2694504,-29.657,70.588,24.303,0.739657776796983
165.55,128.217283,37.865986,3657.001068,-29.928,70.761,23.995,0.739657776796983
165.5666,128.217295,37.865999,3659.7348192000004,-30.204,70.933,23.681,0.739657776796983
165.5833,128.217307,37.866011,3662.4700944,-30.484,71.105,23.363,0.739657776796983
165.6,128.217318,37.866023,3665.2075032000002,-30.771,71.276,23.039,0.739657776796983
165.6166,128.21733,37.866036,3667.9467408,-31.062,71.446,22.71,0.739657776796983
165.6333,128.217341,37.866048,3670.6875024,-31.359,71.616,22.375,0.739657776796983
165.65,128.217352,37.86606,3673.4300928000002,-31.662,71.785,22.035,0.739657776796983
165.6666,128.217364,37.866072,3676.1742072,-31.971,71.953,21.689,0.739657776796983
165.6833,128.217375,37.866084,3678.9198456000004,-32.285,72.121,21.336,0.739657776796983
165.7,128.217386,37.866096,3681.667008,-32.606,72.288,20.978,0.739657776796983
165.7166,128.217396,37.866108,3684.4156944,-32.933,72.454,20.614,0.739657776796983
165.7333,128.217407,37.86612,3687.1659048,-33.267,72.62,20.243,0.739657776796983
165.75,128.217418,37.866132,3689.9176392000004,-33.607,72.785,19.866,0.739657776796983
165.7666,128.217428,37.866143,3692.6705928,-33.953,72.949,19.482,0.739657776796983
165.7833,128.217439,37.866155,3695.4247656000002,-34.307,73.112,19.091,0.739657776796983
165.8,128.217449,37.866167,3698.1801576000003,-34.667,73.275,18.694,0.739657776796983
165.8166,128.217459,37.866178,3700.9367688,-35.035,73.437,18.289,0.739657776796983
165.8333,128.217469,37.86619,3703.6945992,-35.41,73.598,17.876,0.739657776796983
165.85,128.217479,37.866201,3706.4533440000005,-35.793,73.758,17.457,0.739657776796983
165.8666,128.217489,37.866212,3709.213308,-36.184,73.917,17.029,0.739657776796983
165.8833,128.217499,37.866224,3711.9741864000002,-36.582,74.075,16.594,0.739657776796983
165.9,128.217508,37.866235,3714.7359792,-36.988,74.233,16.151,0.739657776796983
165.9166,128.217518,37.866246,3717.4989912,-37.403,74.389,15.699,0.739657776796983
165.9333,128.217527,37.866257,3720.2626128,-37.826,74.545,15.239,0.739657776796983
165.95,128.217537,37.866268,3723.0268440000004,-38.258,74.699,14.77,0.739657776796983
165.9666,128.217546,37.866279,3725.7922943999997,-38.699,74.852,14.293,0.739657776796983
165.9833,128.217555,37.86629,3728.5580496000002,-39.149,75.005,13.806,0.739657776796983
166.0,128.217564,37.866301,3731.3247192000003,-39.608,75.156,13.31,0.739657776796983
166.0166,128.217573,37.866312,3734.0923032000005,-40.076,75.306,12.805,0.739657776796983
166.0333,128.217582,37.866323,3736.8601920000006,-40.554,75.455,12.29,0.739657776796983
166.05,128.21759,37.866333,3739.6283856,-41.042,75.603,11.766,0.739657776796983
166.0666,128.217599,37.866344,3742.3974936000004,-41.54,75.749,11.231,0.739657776796983
166.0833,128.217608,37.866355,3745.1669064000002,-42.049,75.895,10.686,0.739657776796983
166.1,128.217616,37.866365,3747.936624,-42.568,76.039,10.13,0.739657776796983
166.1166,128.217624,37.866376,3750.7069512,-43.097,76.181,9.564,0.739657776796983
166.1333,128.217632,37.866386,3753.4769736000003,-43.578,76.324,8.994,0.739657776796983
166.15,128.217641,37.866397,3756.2469960000003,-44.011,76.468,8.42,0.739657776796983
166.1666,128.217649,37.866407,3759.0170184000003,-44.4,76.611,7.84,0.739657776796983
166.1833,128.217657,37.866417,3761.7864312,-44.746,76.755,7.253,0.739657776796983
166.2,128.217664,37.866427,3764.5555392,-45.052,76.899,6.659,0.739657776796983
166.2166,128.217672,37.866438,3767.3243424,-45.319,77.042,6.058,0.739657776796983
166.2333,128.21768,37.866448,3770.0922312000002,-45.55,77.185,5.448,0.739657776796983
166.25,128.217688,37.866458,3772.8592056,-45.747,77.328,4.832,0.739657776796983
166.2666,128.217695,37.866468,3775.6252656,-45.91,77.471,4.209,0.739657776796983
166.2833,128.217703,37.866478,3778.3907160000003,-46.041,77.613,3.58,0.739657776796983
166.3,128.217711,37.866488,3781.1555568000003,-46.142,77.754,2.948,0.739657776796983
166.3166,128.217718,37.866498,3783.9191784000004,-46.213,77.895,2.313,0.739657776796983
166.3333,128.217725,37.866508,3786.6821904,-46.256,78.035,1.677,0.739657776796983
166.35,128.217733,37.866518,3789.444288,-46.271,78.174,1.041,0.739657776796983
166.3666,128.21774,37.866528,3792.2057760000002,-46.261,78.313,0.407,0.739657776796983
166.3833,128.217747,37.866538,3794.9660448,-46.226,78.45,359.776,0.739657776796983
166.4,128.217755,37.866548,3797.725704,-46.169,78.587,359.148,0.739657776796983
166.4166,128.217762,37.866558,3800.4841440000005,-46.091,78.724,358.525,0.739657776796983
166.4333,128.217769,37.866568,3803.2419744,-45.994,78.86,357.907,0.739657776796983
166.45,128.217776,37.866577,3805.9988904,-45.88,78.996,357.294,0.739657776796983
166.4666,128.217783,37.866587,3808.7548920000004,-45.751,79.131,356.688,0.739657776796983
166.4833,128.21779,37.866597,3811.5099792,-45.609,79.266,356.089,0.739657776796983
166.5,128.217797,37.866606,3814.264152,-45.456,79.402,355.496,0.739657776796983
166.5166,128.217804,37.866616,3817.0174104,-45.293,79.537,354.911,0.739657776796983
166.5333,128.217811,37.866625,3819.7697544000002,-45.123,79.673,354.334,0.739657776796983
166.55,128.217817,37.866635,3822.521184,-44.947,79.81,353.764,0.739657776796983
166.5666,128.217824,37.866644,3825.2716992,-44.767,79.947,353.202,0.739657776796983
166.5833,128.217831,37.866654,3828.0213000000003,-44.586,80.084,352.647,0.739657776796983
166.6,128.217837,37.866663,3830.7699864,-44.405,80.223,352.101,0.739657776796983
166.6166,128.217844,37.866673,3833.5177584,-44.225,80.362,351.561,0.739657776796983
166.6333,128.21785,37.866682,3836.2646160000004,-44.048,80.502,351.03,0.739657776796983
166.65,128.217857,37.866691,3839.0108640000003,-43.875,80.643,350.505,0.739657776796983
166.6666,128.217863,37.866701,3841.7558928000003,-43.709,80.785,349.987,0.739657776796983
166.6833,128.21787,37.86671,3844.4997024000004,-43.551,80.928,349.477,0.739657776796983
166.7,128.217876,37.866719,3847.2429024000003,-43.401,81.072,348.972,0.739657776796983
166.7166,128.217882,37.866728,3849.985188,-43.262,81.217,348.474,0.739657776796983
166.7333,128.217888,37.866737,3852.7262544,-43.134,81.363,347.981,0.739657776796983
166.75,128.217895,37.866746,3855.4667112,-43.019,81.511,347.493,0.739657776796983
166.7666,128.217901,37.866755,3858.2056440000006,-42.918,81.659,347.011,0.739657776796983
166.7833,128.217907,37.866764,3860.9439672,-42.831,81.809,346.532,0.739657776796983
166.8,128.217913,37.866773,3863.6810712000006,-42.76,81.96,346.057,0.739657776796983
166.8166,128.217919,37.866782,3866.4172608,-42.706,82.111,345.585,0.739657776796983
166.8333,128.217925,37.866791,3869.1522312,-42.669,82.264,345.115,0.739657776796983
166.85,128.217931,37.866799,3871.8862872000004,-42.651,82.418,344.647,0.739657776796983
166.8666,128.217937,37.866808,3874.6194288,-42.651,82.572,344.18,0.739657776796983
166.8833,128.217942,37.866817,3877.3513512,-42.672,82.727,343.713,0.739657776796983
166.9,128.217948,37.866825,3880.0820544000003,-42.712,82.884,343.245,0.739657776796983
166.9166,128.217954,37.866834,3882.8115384000002,-42.773,83.04,342.777,0.739657776796983
166.9333,128.21796,37.866843,3885.540108,-42.856,83.198,342.305,0.739657776796983
166.95,128.217965,37.866851,3888.2674584,-42.96,83.355,341.831,0.739657776796983
166.9666,128.217971,37.866859,3890.9938944,-43.088,83.514,341.352,0.739657776796983
166.9833,128.217977,37.866868,3893.7188064,-43.24,83.672,340.867,0.739657776796983
167.0,128.217982,37.866876,3896.4428040000003,-43.417,83.831,340.374,0.739657776796983
167.0166,128.217988,37.866885,3899.1652776,-43.619,83.99,339.873,0.739657776796983
167.0333,128.217993,37.866893,3901.8868368000003,-43.848,84.149,339.361,0.739657776796983
167.05,128.217999,37.866901,3904.6071768,-44.106,84.308,338.836,0.739657776796983
167.0666,128.218004,37.866909,3907.3259928,-44.393,84.466,338.298,0.739657776796983
167.0833,128.21801,37.866917,3910.0438943999998,-44.712,84.625,337.742,0.739657776796983
167.1,128.218015,37.866925,3912.760272,-45.063,84.782,337.168,0.739657776796983
167.1166,128.21802,37.866934,3915.4754304000003,-45.449,84.94,336.572,0.739657776796983
167.1333,128.218026,37.866942,3918.1890648,-45.873,85.096,335.951,0.739657776796983
167.15,128.218031,37.866949,3920.9014800000004,-46.336,85.252,335.303,0.739657776796983
167.1666,128.218036,37.866957,3923.6126760000006,-46.842,85.407,334.623,0.739657776796983
167.1833,128.218041,37.866965,3926.3226528000005,-47.394,85.561,333.908,0.739657776796983
167.2,128.218046,37.866973,3929.0311056000005,-47.994,85.714,333.154,0.739657776796983
167.2166,128.218052,37.866981,3931.7380344000003,-48.649,85.865,332.356,0.739657776796983
167.2333,128.218057,37.866989,3934.4434392000003,-49.361,86.015,331.508,0.739657776796983
167.25,128.218062,37.866996,3937.1476248000004,-50.137,86.164,330.605,0.739657776796983
167.2666,128.218067,37.867004,3939.8505912,-50.982,86.31,329.64,0.739657776796983
167.2833,128.218072,37.867011,3942.5517288,-51.903,86.455,328.606,0.739657776796983
167.3,128.218077,37.867019,3945.2513424,-52.908,86.598,327.494,0.739657776796983
167.3166,128.218082,37.867026,3947.9497368,-54.005,86.739,326.295,0.7386728580419096
167.3333,128.218087,37.867034,3950.6466072000003,-55.205,86.877,324.999,0.737687085009708
167.35,128.218091,37.867041,3953.3416488000003,-56.517,87.013,323.595,0.7367004745327145
167.3666,128.218096,37.867049,3956.0354712000003,-57.955,87.146,322.068,0.735713019420754
167.3833,128.218101,37.867056,3958.7274648,-59.532,87.276,320.406,0.7347247345676483
167.4,128.218106,37.867063,3961.4182392000002,-61.264,87.403,318.59,0.733735572135499
167.4166,128.218111,37.86707,3964.1071848000006,-63.17,87.526,316.604,0.7327455679145658
167.4333,128.218115,37.867078,3966.7943016,-65.267,87.645,314.426,0.7317546943131955
167.45,128.21812,37.867085,3969.4801992,-67.579,87.759,312.036,0.730762986349022
167.4666,128.218125,37.867092,3972.164268,-70.126,87.868,309.411,0.7297704173367594
167.4833,128.218129,37.867099,3974.846508,-72.933,87.972,306.527,0.7287769806951226
167.5,128.218134,37.867106,3977.527224,-76.021,88.069,303.361,0.727782630005034
167.5166,128.218138,37.867113,3980.2064160000004,-79.41,88.159,299.892,0.7267874000446878
167.5333,128.218143,37.867119,3982.8837792,-83.115,88.241,296.107,0.7257912851378386
167.55,128.218147,37.867126,3985.5593136,-87.143,88.314,291.997,0.7247942990824389
167.5666,128.218152,37.867133,3988.233324,-91.488,88.376,287.569,0.7237963986180389
167.5833,128.218156,37.86714,3990.9052008000003,-96.128,88.428,282.843,0.7227976167599812
167.6,128.218161,37.867146,3993.5755536,-101.023,88.469,277.861,0.7217979678021659
167.6166,128.218165,37.867153,3996.2443824,-106.11,88.496,272.683,0.7207973868379135
167.6333,128.21817,37.86716,3998.9110776,-111.314,88.511,267.386,0.7197959287790289
167.65,128.218174,37.867166,4001.5759440000006,-116.543,88.513,262.061,0.718793566592234
167.6666,128.218178,37.867173,4004.2392864000003,-121.706,88.502,256.797,0.7177902766177792
167.6833,128.218183,37.867179,4006.9004952,-126.718,88.479,251.682,0.71678609263519
167.7,128.218187,37.867186,4009.5598752,-131.507,88.444,246.787,0.7157809502093014
167.7166,128.218191,37.867192,4012.2174264,-136.02,88.398,242.163,0.7147749023764951
167.7333,128.218195,37.867198,4014.8731488000003,-140.225,88.343,237.845,0.713767924102775
167.75,128.2182,37.867204,4017.5270424,-144.106,88.279,233.846,0.712759992779274
167.7666,128.218204,37.867211,4020.1788024,-147.663,88.208,230.167,0.7117511588574491
167.7833,128.218208,37.867217,4022.8290384,-150.907,88.131,226.797,0.7117511588574491
167.8,128.218212,37.867223,4025.4771408,-153.855,88.047,223.719,0.7117511588574491
167.8166,128.218216,37.867229,4028.1231096,-156.529,87.959,220.911,0.7117511588574491
167.8333,128.21822,37.867235,4030.7672496,-158.951,87.867,218.35,0.7117511588574491
167.85,128.218224,37.867241,4033.4095608000002,-161.146,87.772,216.014,0.7117511588574491
167.8666,128.218228,37.867247,4036.0497384,-163.135,87.673,213.879,0.7117511588574491
167.8833,128.218232,37.867253,4038.6877824000003,-164.942,87.572,211.922,0.7117511588574491
167.9,128.218236,37.867259,4041.3239976,-166.588,87.469,210.123,0.7117511588574491
167.9166,128.21824,37.867264,4043.9580792,-168.092,87.364,208.463,0.7117511588574491
167.9333,128.218244,37.86727,4046.5961232000004,-169.458,87.263,206.976,0.7117511588574491
167.95,128.218248,37.867276,4049.2317288,-170.699,87.172,205.652,0.7117511588574491
167.9666,128.218252,37.867281,4051.8673344000003,-171.834,87.097,204.47,0.7117511588574491
167.9833,128.218256,37.867287,4054.50294,-172.884,87.041,203.407,0.7117511588574491
168.0,128.218259,37.867293,4057.1382408000004,-173.875,87.008,202.435,0.7117511588574491
168.0166,128.218263,37.867298,4059.7732368,-174.836,86.997,201.522,0.7117511588574491
168.0333,128.218267,37.867303,4062.4082328000004,-175.793,87.005,200.64,0.7117511588574491
168.05,128.218271,37.867309,4065.0432288,-176.768,87.029,199.766,0.7117511588574491
168.0666,128.218274,37.867314,4067.67792,-177.777,87.068,198.879,0.7117511588574491
168.0833,128.218278,37.867319,4070.3129160000003,-178.836,87.119,197.963,0.7117511588574491
168.1,128.218281,37.867324,4072.9473024000004,-179.962,87.182,196.999,0.7117511588574491
168.1166,128.218285,37.867329,4075.5819936000003,178.832,87.253,195.972,0.7117511588574491
168.1333,128.218289,37.867334,4078.2166848,177.531,87.332,194.863,0.7117511588574491
168.15,128.218292,37.867339,4080.8513760000005,176.12,87.417,193.656,0.7117511588574491
168.1666,128.218296,37.867343,4083.4860672,174.581,87.507,192.332,0.7117511588574491
168.1833,128.218299,37.867348,4086.1207584,172.897,87.601,190.871,0.7117511588574491
168.2,128.218302,37.867353,4088.7554496000002,171.048,87.697,189.252,0.7117511588574491
168.2166,128.218306,37.867357,4091.3901408,169.013,87.794,187.452,0.7117511588574491
168.2333,128.218309,37.867362,4094.0251368000004,166.767,87.891,185.445,0.7117511588574491
168.25,128.218313,37.867366,4096.660132800001,164.285,87.988,183.203,0.7117511588574491
168.2666,128.218316,37.867371,4099.2951288,161.537,88.082,180.696,0.7117511588574491
168.2833,128.218319,37.867375,4101.9304296,158.492,88.174,177.891,0.7117511588574491
168.3,128.218322,37.86738,4104.565425600001,155.118,88.262,174.754,0.7117511588574491
168.3166,128.218326,37.867384,4107.2007264,151.385,88.345,171.256,0.7117511588574491
168.3333,128.218329,37.867388,4109.8360272,147.267,88.421,167.368,0.7117511588574491
168.35,128.218332,37.867392,4112.471023200001,142.748,88.49,163.074,0.7117511588574491
168.3666,128.218335,37.867397,4115.106324,137.828,88.549,158.373,0.7117511588574491
168.3833,128.218338,37.867401,4117.7416248,132.53,88.597,153.289,0.7117511588574491
168.4,128.218341,37.867405,4120.3772304,126.907,88.634,147.873,0.7117511588574491
168.4166,128.218345,37.867409,4123.0125312,121.042,88.657,142.207,0.7117511588574491
168.4333,128.218348,37.867413,4125.647832000001,115.044,88.666,136.4,0.7117511588574491
168.45,128.218351,37.867417,4128.2834376,109.041,88.661,130.58,0.7117511588574491
168.4666,128.218354,37.86742,4130.9187384,103.158,88.642,124.872,0.7117511588574491
168.4833,128.218357,37.867424,4133.5540392,97.509,88.61,119.39,0.7117511588574491
168.5,128.21836,37.867428,4136.1896448,92.18,88.565,114.219,0.7117511588574491
168.5166,128.218363,37.867432,4138.8249456,87.226,88.51,109.416,0.7117511588574491
168.5333,128.218366,37.867436,4141.4590272000005,82.821,88.448,105.195,0.7117511588574491
168.55,128.218369,37.867439,4144.092804,79.097,88.382,101.689,0.7117511588574491
168.5666,128.218371,37.867443,4146.7259712000005,76.135,88.317,98.978,0.7117511588574491
168.5833,128.218374,37.867446,4149.3585288,73.991,88.256,97.116,0.7117511588574491
168.6,128.218377,37.86745,4151.990172,72.698,88.204,96.135,0.7117511588574491
168.6166,128.21838,37.867453,4154.620596000001,72.292,88.163,96.07,0.7117511588574491
168.6333,128.218383,37.867457,4157.2501056,72.829,88.134,96.977,0.7117511588574491
168.65,128.218385,37.86746,4159.878700800001,74.217,88.116,98.762,0.7117511588574491
168.6666,128.218388,37.867463,4162.5063816,76.375,88.106,101.344,0.7117511588574491
168.6833,128.218391,37.867466,4165.1328432,79.242,88.1,104.658,0.7117511588574491
168.7,128.218393,37.867469,4167.7583904,82.759,88.094,108.648,0.7117511588574491
168.7166,128.218396,37.867472,4170.3830232,86.86,88.084,113.243,0.7117511588574491
168.7333,128.218398,37.867475,4173.0064368,91.454,88.064,118.354,0.7117511588574491
168.75,128.218401,37.867478,4175.6292408,96.423,88.031,123.861,0.7117511588574491
168.7666,128.218403,37.86748,4178.2505208,101.619,87.981,129.613,0.7117511588574491
168.7833,128.218405,37.867483,4180.8708864,106.879,87.911,135.449,0.7117511588574491
168.8,128.218408,37.867486,4183.4903376,112.051,87.82,141.214,0.7117511588574491
168.8166,128.21841,37.867488,4186.1082648,117.004,87.708,146.776,0.7117511588574491
168.8333,128.218412,37.86749,4188.7255824,121.643,87.575,152.038,0.7117511588574491
168.85,128.218414,37.867493,4191.341376,125.909,87.423,156.943,0.7117511588574491
168.8666,128.218416,37.867495,4193.9559504,129.779,87.252,161.464,0.7117511588574491
168.8833,128.218418,37.867497,4196.5696104,133.253,87.066,165.603,0.7117511588574491
168.9,128.21842,37.867499,4199.1817464000005,136.352,86.866,169.376,0.7117511588574491
168.9166,128.218422,37.867501,4201.792968,139.103,86.653,172.813,0.7117511588574491
168.9333,128.218424,37.867503,4204.402665600001,141.54,86.43,175.945,0.7117511588574491
168.95,128.218426,37.867505,4207.0108392,143.696,86.199,178.805,0.7117511588574491
168.9666,128.218428,37.867507,4209.6177936,145.606,85.959,181.426,0.7117511588574491
168.9833,128.218429,37.867508,4212.223224,147.298,85.714,183.837,0.7117511588574491
169.0,128.218431,37.86751,4214.827435200001,148.801,85.463,186.065,0.7117511588574491
169.0166,128.218432,37.867512,4217.4301224,150.139,85.208,188.132,0.7117511588574491
169.0333,128.218434,37.867513,4220.0309808,151.332,84.949,190.059,0.7117511588574491
169.05,128.218435,37.867514,4222.63062,152.399,84.688,191.865,0.7117511588574491
169.0666,128.218437,37.867516,4225.2284304,153.357,84.424,193.565,0.7117511588574491
169.0833,128.218438,37.867517,4227.824716800001,154.22,84.159,195.172,0.7117511588574491
169.1,128.218439,37.867518,4230.4191744,154.999,83.892,196.697,0.7117511588574491
169.1166,128.21844,37.867519,4233.012108,155.706,83.624,198.151,0.7117511588574491
169.1333,128.218441,37.86752,4235.604432,156.367,83.36,199.501,0.7117511588574491
169.15,128.218442,37.867521,4238.1949272,156.982,83.103,200.744,0.7117511588574491
169.1666,128.218443,37.867522,4240.784508,157.549,82.859,201.881,0.7117511588574491
169.1833,128.218444,37.867523,4243.3728696,158.066,82.633,202.913,0.7117511588574491
169.2,128.218445,37.867524,4245.9603168,158.532,82.429,203.843,0.7117511588574491
169.2166,128.218446,37.867525,4248.54624,158.95,82.253,204.675,0.7117511588574491
169.2333,128.218446,37.867525,4251.1312488,159.322,82.107,205.416,0.7117511588574491
169.25,128.218447,37.867526,4253.7153432000005,159.663,81.99,206.082,0.7117511588574491
169.2666,128.218448,37.867527,4256.2985232,159.985,81.9,206.688,0.7117511588574491
169.2833,128.218448,37.867528,4258.8810936,160.297,81.834,207.246,0.7117511588574491
169.3,128.218449,37.867528,4261.4630544,160.609,81.79,207.768,0.7117511588574491
169.3166,128.21845,37.867529,4264.044100800001,160.929,81.766,208.266,0.7117511588574491
169.3333,128.21845,37.867529,4266.6245376,161.264,81.76,208.746,0.7117511588574491
169.35,128.218451,37.86753,4269.2043648,161.617,81.769,209.217,0.7117511588574491
169.3666,128.218451,37.86753,4271.7832776000005,161.992,81.792,209.684,0.7117511588574491
169.3833,128.218451,37.867531,4274.3612760000005,162.394,81.826,210.153,0.7117511588574491
169.4,128.218452,37.867531,4276.9386648,162.824,81.872,210.629,0.7117511588574491
169.4166,128.218452,37.867532,4279.515139200001,163.284,81.927,211.114,0.7117511588574491
169.4333,128.218453,37.867532,4282.091004,163.777,81.991,211.614,0.7117511588574491
169.45,128.218453,37.867532,4284.6659544,164.303,82.061,212.131,0.7117511588574491
169.4666,128.218453,37.867533,4287.2399904,164.864,82.138,212.669,0.7117511588574491
169.4833,128.218453,37.867533,4289.813416800001,165.461,82.22,213.23,0.7117511588574491
169.5,128.218453,37.867533,4292.385624,166.094,82.307,213.815,0.7117511588574491
169.5166,128.218454,37.867533,4294.9575264,166.764,82.397,214.429,0.7117511588574491
169.5333,128.218454,37.867534,4297.5282096,167.471,82.49,215.072,0.7117511588574491
169.55,128.218454,37.867534,4300.0982832,168.217,82.585,215.745,0.7117511588574491
169.5666,128.218454,37.867534,4302.6674424,169.0,82.682,216.451,0.7117511588574491
169.5833,128.218454,37.867534,4305.2356872,169.82,82.779,217.191,0.7117511588574491
169.6,128.218454,37.867534,4307.8033224,170.678,82.878,217.964,0.7117511588574491
169.6166,128.218454,37.867534,4310.3700432000005,171.573,82.976,218.773,0.7117511588574491
169.6333,128.218454,37.867534,4312.9358496,172.505,83.074,219.618,0.7117511588574491
169.65,128.218454,37.867534,4315.501046400001,173.472,83.17,220.498,0.7117511588574491
169.6666,128.218453,37.867534,4318.0653288,174.474,83.266,221.413,0.7117511588574491
169.6833,128.218453,37.867534,4320.6286968,175.51,83.36,222.364,0.7117511588574491
169.7,128.218453,37.867534,4323.191455200001,176.578,83.452,223.35,0.7117511588574491
169.7166,128.218453,37.867534,4325.7532992,177.678,83.542,224.369,0.7117511588574491
169.7333,128.218452,37.867534,4328.3145336,178.806,83.629,225.421,0.7117511588574491
169.75,128.218452,37.867534,4330.8748536,179.962,83.713,226.504,0.7117511588574491
169.7666,128.218452,37.867534,4333.434564,-178.856,83.794,227.617,0.7117511588574491
169.7833,128.218451,37.867533,4335.9936648,-177.653,83.872,228.758,0.7117511588574491
169.8,128.218451,37.867533,4338.5518512,-176.429,83.947,229.924,0.7117511588574491
169.8166,128.218451,37.867533,4341.1091232,-175.188,84.018,231.113,0.7117511588574491
169.8333,128.21845,37.867533,4343.6660904,-173.932,84.086,232.322,0.7117511588574491
169.85,128.21845,37.867532,4346.222143200001,-172.665,84.15,233.548,0.7117511588574491
169.8666,128.218449,37.867532,4348.7775864000005,-171.391,84.21,234.789,0.7117511588574491
169.8833,128.218449,37.867532,4351.33242,-170.111,84.267,236.041,0.7117511588574491
169.9,128.218448,37.867532,4353.886644,-168.83,84.32,237.301,0.7117511588574491
169.9166,128.218448,37.867531,4356.4399536,-167.551,84.37,238.565,0.7117511588574491
169.9333,128.218447,37.867531,4358.9929584,-166.277,84.416,239.831,0.7117511588574491
169.95,128.218446,37.867531,4361.545048800001,-165.012,84.458,241.095,0.7117511588574491
169.9666,128.218446,37.86753,4364.0965296,-163.759,84.498,242.354,0.7117511588574491
169.9833,128.218445,37.86753,4366.6474008000005,-162.522,84.534,243.604,0.7117511588574491
170.0,128.218444,37.867529,4369.1979672,-161.302,84.568,244.842,0.7117511588574491
170.0166,128.218444,37.867529,4371.7476192,-160.104,84.599,246.066,0.7117511588574491
170.0333,128.218443,37.867529,4374.2966616,-158.93,84.627,247.273,0.7117511588574491
170.05,128.218442,37.867528,4376.8453992,-157.782,84.653,248.46,0.7117511588574491
170.0666,128.218442,37.867528,4379.3932224,-156.663,84.677,249.625,0.7117511588574491
170.0833,128.218441,37.867527,4381.940740800001,-155.574,84.699,250.765,0.7117511588574491
170.1,128.21844,37.867527,4384.4876496,-154.519,84.719,251.878,0.7117511588574491
170.1166,128.218439,37.867526,4387.033948800001,-153.498,84.739,252.963,0.7117511588574491
170.1333,128.218438,37.867526,4389.5799432,-152.513,84.757,254.018,0.7117511588574491
170.15,128.218438,37.867525,4392.1250232,-151.565,84.774,255.041,0.7117511588574491
170.1666,128.218437,37.867525,4394.6701032,-150.655,84.79,256.032,0.7117511588574491
170.1833,128.218436,37.867524,4397.2142688,-149.784,84.806,256.989,0.7117511588574491
170.2,128.218435,37.867524,4399.7581296,-148.952,84.822,257.912,0.7117511588574491
170.2166,128.218434,37.867523,4402.3013808,-148.161,84.837,258.8,0.7117511588574491
170.2333,128.218433,37.867523,4404.8440224000005,-147.411,84.853,259.652,0.7117511588574491
170.25,128.218432,37.867522,4407.386359200001,-146.701,84.87,260.467,0.7117511588574491
170.2666,128.218431,37.867522,4409.9283912,-146.032,84.887,261.247,0.7117511588574491
170.2833,128.21843,37.867521,4412.469813600001,-145.404,84.905,261.989,0.7117511588574491
170.3,128.218429,37.867521,4415.0106264,-144.816,84.923,262.695,0.7117511588574491
170.3166,128.218428,37.86752,4417.551134400001,-144.27,84.943,263.364,0.7117511588574491
170.3333,128.218427,37.86752,4420.0913376,-143.764,84.964,263.996,0.7117511588574491
170.35,128.218426,37.867519,4422.6309312,-143.298,84.987,264.591,0.7117511588574491
170.3666,128.218425,37.867519,4425.17022,-142.872,85.011,265.149,0.7117511588574491
170.3833,128.218424,37.867518,4427.7088992,-142.485,85.037,265.67,0.7117511588574491
170.4,128.218423,37.867518,4430.247273600001,-142.139,85.064,266.154,0.7117511588574491
170.4166,128.218422,37.867517,4432.7853432,-141.831,85.093,266.601,0.7117511588574491
170.4333,128.218421,37.867517,4435.322803200001,-141.563,85.124,267.012,0.7117511588574491
170.45,128.21842,37.867516,4437.8599584,-141.333,85.157,267.386,0.7117511588574491
170.4666,128.218419,37.867515,4440.3968088,-141.142,85.193,267.723,0.7117511588574491
170.4833,128.218418,37.867515,4442.9333544,-140.989,85.23,268.023,0.7117511588574491
170.5,128.218417,37.867514,4445.4692904,-140.875,85.269,268.285,0.7117511588574491
170.5166,128.218416,37.867514,4448.0049216,-140.799,85.31,268.511,0.7117511588574491
170.5333,128.218414,37.867513,4450.5399432,-140.761,85.354,268.699,0.7117511588574491
170.55,128.218413,37.867513,4453.0749648,-140.762,85.399,268.849,0.7117511588574491
170.5666,128.218412,37.867512,4455.6093768,-140.802,85.447,268.961,0.7117511588574491
170.5833,128.218411,37.867512,4458.143484,-140.881,85.496,269.033,0.7117511588574491
170.6,128.21841,37.867511,4460.6769816000005,-140.999,85.548,269.067,0.7117511588574491
170.6166,128.218409,37.867511,4463.2104792,-141.157,85.602,269.06,0.7117511588574491
170.6333,128.218408,37.86751,4465.7433672,-141.355,85.657,269.013,0.7117511588574491
170.65,128.218406,37.867509,4468.2759504000005,-141.594,85.715,268.924,0.7117511588574491
170.6666,128.218405,37.867509,4470.8082288,-141.875,85.774,268.792,0.7117511588574491
170.6833,128.218404,37.867508,4473.340202400001,-142.198,85.834,268.617,0.7117511588574491
170.7,128.218403,37.867508,4475.8715664,-142.566,85.897,268.397,0.7117511588574491
170.7166,128.218402,37.867507,4478.402625600001,-142.977,85.961,268.13,0.7117511588574491
170.7333,128.2184,37.867507,4480.93338,-143.435,86.026,267.817,0.7117511588574491
170.75,128.218399,37.867506,4483.4638296,-143.94,86.093,267.454,0.7117511588574491
170.7666,128.218398,37.867506,4485.9939744,-144.494,86.16,267.04,0.7117511588574491
170.7833,128.218397,37.867505,4488.523509600001,-145.098,86.229,266.574,0.7117511588574491
170.8,128.218396,37.867504,4491.05274,-145.754,86.298,266.053,0.7117511588574491
170.8166,128.218394,37.867504,4493.5816656,-146.464,86.369,265.476,0.7117511588574491
170.8333,128.218393,37.867503,4496.1102864,-147.23,86.439,264.841,0.7117511588574491
170.85,128.218392,37.867503,4498.6386024,-148.053,86.51,264.144,0.7117511588574491
170.8666,128.218391,37.867502,4501.1663088000005,-148.937,86.581,263.385,0.7117511588574491
170.8833,128.218389,37.867502,4503.6937104,-149.884,86.653,262.561,0.7117511588574491
170.9,128.218388,37.867501,4506.2208072,-150.895,86.724,261.668,0.7117511588574491
170.9166,128.218387,37.867501,4508.7475992,-151.972,86.794,260.705,0.7117511588574491
170.9333,128.218386,37.8675,4511.2737816,-153.119,86.864,259.67,0.7117511588574491
170.95,128.218384,37.8675,4513.7996592,-154.338,86.933,258.559,0.7117511588574491
170.9666,128.218383,37.867499,4516.325232,-155.63,87.001,257.372,0.7117511588574491
170.9833,128.218382,37.867498,4518.8505000000005,-156.997,87.068,256.105,0.7117511588574491
171.0,128.218381,37.867498,4521.3751584,-158.442,87.133,254.757,0.7117511588574491
171.0166,128.218379,37.867497,4523.899512,-159.964,87.196,253.327,0.7117511588574491
171.0333,128.218378,37.867497,4526.4235608,-161.566,87.258,251.814,0.7117511588574491
171.05,128.218377,37.867496,4528.947,-163.248,87.317,250.218,0.7117511588574491
171.0666,128.218375,37.867496,4531.4701344000005,-165.008,87.374,248.538,0.7117511588574491
171.0833,128.218374,37.867495,4533.992964,-166.847,87.428,246.775,0.7117511588574491
171.1,128.218373,37.867495,4536.515184,-168.762,87.479,244.932,0.7117511588574491
171.1166,128.218372,37.867494,4539.0370992,-170.751,87.527,243.012,0.7117511588574491
171.1333,128.21837,37.867494,4541.5584048,-172.809,87.572,241.017,0.7117511588574491
171.15,128.218369,37.867493,4544.0794056,-174.931,87.614,238.954,0.7117511588574491
171.1666,128.218368,37.867492,4546.6001016,-177.112,87.652,236.827,0.7117511588574491
171.1833,128.218366,37.867492,4549.120188,-179.345,87.686,234.646,0.7117511588574491
171.2,128.218365,37.867491,4551.6396648,178.379,87.717,232.416,0.7117511588574491
171.2166,128.218364,37.867491,4554.1588368,176.07,87.744,230.149,0.7117511588574491
171.2333,128.218362,37.86749,4556.6773992,173.738,87.766,227.853,0.7117511588574491
171.25,128.218361,37.86749,4559.1956568000005,171.392,87.786,225.54,0.7117511588574491
171.2666,128.21836,37.867489,4561.7136096,169.043,87.801,223.22,0.7117511588574491
171.2833,128.218359,37.867488,4564.2309528000005,166.704,87.813,220.904,0.7117511588574491
171.3,128.218357,37.867488,4566.7476864,164.383,87.821,218.602,0.7117511588574491
171.3166,128.218356,37.867487,4569.2638104,162.092,87.825,216.326,0.7117511588574491
171.3333,128.218355,37.867487,4571.779629600001,159.839,87.827,214.084,0.7117511588574491
171.35,128.218353,37.867486,4574.294839200001,157.634,87.826,211.886,0.7117511588574491
171.3666,128.218352,37.867486,4576.809744,155.485,87.822,209.738,0.7117511588574491
171.3833,128.218351,37.867485,4579.324039200001,153.398,87.815,207.649,0.7117511588574491
171.4,128.218349,37.867484,4581.837724800001,151.378,87.807,205.623,0.7117511588574491
171.4166,128.218348,37.867484,4584.351105600001,149.43,87.797,203.664,0.7117511588574491
171.4333,128.218347,37.867483,4586.863572,147.557,87.785,201.776,0.7117511588574491
171.45,128.218345,37.867483,4589.3760384,145.761,87.771,199.962,0.7117511588574491
171.4666,128.218344,37.867482,4591.8875904,144.044,87.757,198.223,0.7117511588574491
171.4833,128.218343,37.867481,4594.398532800001,142.406,87.742,196.558,0.7117511588574491
171.5,128.218341,37.867481,4596.9091704,140.847,87.727,194.969,0.7117511588574491
171.5166,128.21834,37.86748,4599.419198400001,139.366,87.711,193.455,0.7117511588574491
171.5333,128.218339,37.86748,4601.9280072,138.032,87.691,192.049,0.7117511588574491
171.55,128.218337,37.867479,4604.4362064,136.92,87.664,190.828,0.7117511588574491
171.5666,128.218336,37.867478,4606.9441008,136.103,87.628,189.865,0.7117511588574491
171.5833,128.218335,37.867478,4609.4513856,135.645,87.58,189.225,0.7117511588574491
171.6,128.218334,37.867477,4611.957756,135.584,87.518,188.947,0.7117511588574491
171.6166,128.218332,37.867477,4614.4635168,135.942,87.441,189.054,0.7117511588574491
171.6333,128.218331,37.867476,4616.968668,136.727,87.347,189.554,0.7117511588574491
171.65,128.21833,37.867475,4619.473209600001,137.926,87.232,190.435,0.7117511588574491
171.6666,128.218329,37.867475,4621.9771416,139.481,87.095,191.641,0.7117511588574491
171.6833,128.218327,37.867474,4624.4801592,141.317,86.936,193.096,0.7117511588574491
171.7,128.218326,37.867474,4626.9828720000005,143.361,86.753,194.728,0.7117511588574491
171.7166,128.218325,37.867473,4629.4849752,145.531,86.547,196.456,0.7117511588574491
171.7333,128.218324,37.867472,4631.986468800001,147.762,86.316,198.215,0.7117511588574491
171.75,128.218323,37.867472,4634.487048,150.002,86.063,199.955,0.7117511588574491
171.7666,128.218321,37.867471,4636.9873224,152.214,85.787,201.638,0.7117511588574491
171.7833,128.21832,37.867471,4639.486987200001,154.369,85.49,203.236,0.7117511588574491
171.8,128.218319,37.86747,4641.9863472,156.45,85.174,204.732,0.7117511588574491
171.8166,128.218318,37.86747,4644.4847928,158.449,84.839,206.118,0.7117511588574491
171.8333,128.218317,37.867469,4646.9826288,160.362,84.488,207.392,0.7117511588574491
171.85,128.218315,37.867468,4649.48016,162.192,84.122,208.555,0.7117511588574491
171.8666,128.218314,37.867468,4651.9770816,163.942,83.743,209.611,0.7117511588574491
171.8833,128.218313,37.867467,4654.4730888,165.616,83.353,210.565,0.7117511588574491
171.9,128.218312,37.867467,4656.9687912,167.221,82.954,211.425,0.7117511588574491
171.9166,128.218311,37.867466,4659.4635792,168.764,82.548,212.197,0.7117511588574491
171.9333,128.218309,37.867465,4661.958062400001,170.252,82.137,212.889,0.7117511588574491
171.95,128.218308,37.867465,4664.4516312000005,171.691,81.722,213.508,0.7117511588574491
171.9666,128.218307,37.867464,4666.9442856,173.088,81.304,214.061,0.7117511588574491
171.9833,128.218306,37.867463,4669.436330400001,174.448,80.885,214.554,0.7117511588574491
172.0,128.218304,37.867462,4671.9277656,175.776,80.466,214.993,0.7117511588574491
172.0166,128.218303,37.867462,4674.4179816000005,177.077,80.048,215.383,0.7117511588574491
172.0333,128.218302,37.867461,4676.907588,178.354,79.633,215.728,0.7117511588574491
172.05,128.2183,37.86746,4679.3959752,179.611,79.22,216.034,0.7117511588574491
172.0666,128.218299,37.867459,4681.8837528,-179.15,78.811,216.304,0.7117511588574491
172.0833,128.218297,37.867458,4684.3703112,-177.928,78.406,216.54,0.7117511588574491
172.1,128.218296,37.867458,4686.855955200001,-176.721,78.006,216.746,0.7117511588574491
172.1166,128.218295,37.867457,4689.340380000001,-175.527,77.612,216.925,0.7117511588574491
172.1333,128.218293,37.867456,4691.824500000001,-174.391,77.228,217.095,0.7117511588574491
172.15,128.218292,37.867455,4694.3070960000005,-173.31,76.858,217.26,0.7117511588574491
172.1666,128.21829,37.867454,4696.788777600001,-172.28,76.507,217.423,0.7117511588574491
172.1833,128.218289,37.867453,4699.26924,-171.296,76.179,217.589,0.7117511588574491
172.2,128.218287,37.867452,4701.7484832,-170.353,75.878,217.761,0.7117511588574491
172.2166,128.218285,37.867451,4704.2258976,-169.447,75.606,217.942,0.7117511588574491
172.2333,128.218284,37.86745,4706.701788,-168.573,75.365,218.136,0.7117511588574491
172.25,128.218282,37.867448,4709.1761544,-167.731,75.153,218.342,0.7117511588574491
172.2666,128.218281,37.867447,4711.6489968,-166.919,74.97,218.56,0.7117511588574491
172.2833,128.218279,37.867446,4714.1197056,-166.138,74.812,218.791,0.7117511588574491
172.3,128.218277,37.867445,4716.5888904,-165.386,74.679,219.033,0.7117511588574491
172.3166,128.218275,37.867443,4719.0565512,-164.664,74.568,219.285,0.7117511588574491
172.3333,128.218274,37.867442,4721.5220784,-163.971,74.477,219.546,0.7117511588574491
172.35,128.218272,37.86744,4723.9857768,-163.31,74.404,219.814,0.7117511588574491
172.3666,128.21827,37.867439,4726.4479512,-162.679,74.347,220.089,0.7117511588574491
172.3833,128.218268,37.867437,4728.9082968,-162.079,74.305,220.368,0.7117511588574491
172.4,128.218266,37.867436,4731.3671184,-161.511,74.276,220.649,0.7117511588574491
172.4166,128.218264,37.867434,4733.8241112000005,-160.975,74.259,220.932,0.7117511588574491
172.4333,128.218262,37.867433,4736.27958,-160.47,74.252,221.215,0.7117511588574491
172.45,128.21826,37.867431,4738.7335248,-159.998,74.255,221.497,0.7117511588574491
172.4666,128.218258,37.867429,4741.1859456,-159.557,74.266,221.776,0.7117511588574491
172.4833,128.218256,37.867427,4743.6371472,-159.149,74.284,222.05,0.7117511588574491
172.5,128.218254,37.867426,4746.08652,-158.774,74.31,222.32,0.7117511588574491
172.5166,128.218252,37.867424,4748.5346736,-158.43,74.342,222.583,0.7117511588574491
172.5333,128.21825,37.867422,4750.9813032,-158.117,74.379,222.839,0.7117511588574491
172.55,128.218248,37.86742,4753.4267136,-157.837,74.422,223.087,0.7117511588574491
172.5666,128.218245,37.867418,4755.8706,-157.587,74.469,223.326,0.7117511588574491
172.5833,128.218243,37.867416,4758.3132672,-157.368,74.52,223.554,0.7117511588574491
172.6,128.218241,37.867414,4760.7547152,-157.18,74.576,223.771,0.7117511588574491
172.6166,128.218239,37.867412,4763.194944000001,-157.021,74.635,223.977,0.7117511588574491
172.6333,128.218237,37.86741,4765.6339536,-156.892,74.697,224.171,0.7117511588574491
172.65,128.218234,37.867408,4768.071744000001,-156.791,74.762,224.351,0.7117511588574491
172.6666,128.218232,37.867406,4770.5083152,-156.719,74.83,224.518,0.7117511588574491
172.6833,128.21823,37.867404,4772.943972,-156.674,74.901,224.671,0.7117511588574491
172.7,128.218227,37.867401,4775.3781048,-156.656,74.975,224.81,0.7117511588574491
172.7166,128.218225,37.867399,4777.8113232000005,-156.665,75.05,224.933,0.7117511588574491
172.7333,128.218222,37.867397,4780.2436272,-156.7,75.128,225.042,0.7117511588574491
172.75,128.21822,37.867395,4782.674712,-156.76,75.208,225.135,0.7117511588574491
172.7666,128.218218,37.867393,4785.1045776,-156.844,75.289,225.211,0.7117511588574491
172.7833,128.218215,37.86739,4787.5335288,-156.952,75.373,225.272,0.7117511588574491
172.8,128.218213,37.867388,4789.9615656000005,-157.084,75.458,225.316,0.7117511588574491
172.8166,128.21821,37.867386,4792.388688,-157.238,75.544,225.343,0.7117511588574491
172.8333,128.218208,37.867383,4794.8145912,-157.414,75.632,225.354,0.7117511588574491
172.85,128.218205,37.867381,4797.2398848,-157.611,75.721,225.348,0.7117511588574491
172.8666,128.218203,37.867379,4799.6639592,-157.829,75.811,225.324,0.7117511588574491
172.8833,128.2182,37.867376,4802.0871192,-158.067,75.902,225.283,0.7117511588574491
172.9,128.218198,37.867374,4804.5096696,-158.325,75.994,225.225,0.7117511588574491
172.9166,128.218195,37.867371,4806.9310008,-158.601,76.086,225.15,0.7117511588574491
172.9333,128.218192,37.867369,4809.3514176,-158.896,76.179,225.057,0.7117511588574491
172.95,128.21819,37.867366,4811.7712248,-159.208,76.273,224.947,0.7117511588574491
172.9666,128.218187,37.867364,4814.1901176,-159.538,76.367,224.82,0.7117511588574491
172.9833,128.218184,37.867361,4816.608096,-159.883,76.462,224.675,0.7117511588574491
173.0,128.218182,37.867359,4819.02516,-160.245,76.557,224.514,0.7117511588574491
173.0166,128.218179,37.867356,4821.441614400001,-160.622,76.651,224.336,0.7117511588574491
173.0333,128.218176,37.867354,4823.857154400001,-161.014,76.746,224.141,0.7117511588574491
173.05,128.218174,37.867351,4826.27178,-161.419,76.841,223.929,0.7117511588574491
173.0666,128.218171,37.867348,4828.6854912,-161.838,76.935,223.701,0.7117511588574491
173.0833,128.218168,37.867346,4831.0985928,-162.27,77.029,223.457,0.7117511588574491
173.1,128.218165,37.867343,4833.5107800000005,-162.714,77.122,223.197,0.7117511588574491
173.1166,128.218163,37.867341,4835.9223576,-163.17,77.215,222.922,0.7117511588574491
173.1333,128.21816,37.867338,4838.333020800001,-163.637,77.307,222.631,0.7117511588574491
173.15,128.218157,37.867335,4840.7427696,-164.114,77.399,222.326,0.7117511588574491
173.1666,128.218154,37.867333,4843.1519088000005,-164.6,77.489,222.006,0.7117511588574491
173.1833,128.218151,37.86733,4845.5601336,-165.096,77.579,221.673,0.7117511588574491
173.2,128.218149,37.867327,4847.967748800001,-165.6,77.667,221.326,0.7117511588574491
173.2166,128.218146,37.867324,4850.3747544,-166.112,77.755,220.966,0.7117511588574491
173.2333,128.218143,37.867322,4852.7805408,-166.631,77.841,220.594,0.7117511588574491
173.25,128.21814,37.867319,4855.1860224,-167.155,77.926,220.209,0.7117511588574491
173.2666,128.218137,37.867316,4857.5905896,-167.686,78.009,219.814,0.7117511588574491
173.2833,128.218134,37.867313,4859.9942424,-168.221,78.091,219.408,0.7117511588574491
173.3,128.218131,37.867311,4862.3972856,-168.76,78.172,218.991,0.7117511588574491
173.3166,128.218129,37.867308,4864.7997192,-169.302,78.25,218.566,0.7117511588574491
173.3333,128.218126,37.867305,4867.2012384,-169.847,78.328,218.132,0.7117511588574491
173.35,128.218123,37.867302,4869.6018432,-170.394,78.403,217.69,0.7117511588574491
173.3666,128.21812,37.867299,4872.0021432,-170.941,78.477,217.241,0.7117511588574491
173.3833,128.218117,37.867297,4874.4015288,-171.488,78.549,216.785,0.7117511588574491
173.4,128.218114,37.867294,4876.8,-172.035,78.62,216.325,0.7117511588574491
173.4166,128.218111,37.867291,4879.1981664,-172.579,78.689,215.859,0.7117511588574491
173.4333,128.218108,37.867288,4881.5951136,-173.122,78.755,215.39,0.7117511588574491
173.45,128.218105,37.867285,4883.991756,-173.66,78.82,214.918,0.7117511588574491
173.4666,128.218102,37.867282,4886.387484,-174.194,78.884,214.444,0.7117511588574491
173.4833,128.218099,37.867279,4888.7826024000005,-174.722,78.945,213.969,0.7117511588574491
173.5,128.218096,37.867276,4891.177111200001,-175.245,79.005,213.494,0.7117511588574491
173.5166,128.218093,37.867274,4893.5707056,-175.759,79.063,213.021,0.7117511588574491
173.5333,128.21809,37.867271,4895.9636904,-176.266,79.119,212.549,0.7117511588574491
173.55,128.218087,37.867268,4898.3557608,-176.763,79.174,212.08,0.7117511588574491
173.5666,128.218084,37.867265,4900.7475264,-177.25,79.226,211.616,0.7117511588574491
173.5833,128.218081,37.867262,4903.1383776,-177.726,79.278,211.156,0.7117511588574491
173.6,128.218078,37.867259,4905.5283144,-178.191,79.327,210.702,0.7117511588574491
173.6166,128.218075,37.867256,4907.917946400001,-178.643,79.375,210.254,0.7117511588574491
173.6333,128.218072,37.867253,4910.306664000001,-179.082,79.422,209.814,0.7117511588574491
173.65,128.218069,37.86725,4912.694772,-179.506,79.467,209.382,0.7117511588574491
173.6666,128.218066,37.867247,4915.0822704,-179.917,79.511,208.959,0.7117511588574491
173.6833,128.218063,37.867244,4917.4688544,179.688,79.554,208.547,0.7117511588574491
173.7,128.21806,37.867241,4919.8548288,179.309,79.595,208.145,0.7117511588574491
173.7166,128.218057,37.867238,4922.240193600001,178.947,79.635,207.754,0.7117511588574491
173.7333,128.218054,37.867235,4924.6249488,178.603,79.674,207.376,0.7117511588574491
173.75,128.218051,37.867232,4927.0090944,178.276,79.713,207.01,0.7117511588574491
173.7666,128.218048,37.867228,4929.392325600001,177.967,79.75,206.658,0.7117511588574491
173.7833,128.218045,37.867225,4931.7749472000005,177.677,79.786,206.32,0.7117511588574491
173.8,128.218041,37.867222,4934.1569592000005,177.406,79.821,205.997,0.7117511588574491
173.8166,128.218038,37.867219,4936.5380568,177.154,79.856,205.689,0.7117511588574491
173.8333,128.218035,37.867216,4938.9188496,176.922,79.89,205.396,0.7117511588574491
173.85,128.218032,37.867213,4941.298728000001,176.71,79.924,205.12,0.7117511588574491
173.8666,128.218029,37.86721,4943.6779968,176.519,79.956,204.86,0.7117511588574491
173.8833,128.218026,37.867207,4946.056656,176.348,79.989,204.617,0.7117511588574491
173.9,128.218023,37.867204,4948.434400800001,176.198,80.021,204.392,0.7117511588574491
173.9166,128.21802,37.8672,4950.811536,176.069,80.052,204.184,0.7117511588574491
173.9333,128.218017,37.867197,4953.188366400001,175.962,80.084,203.994,0.7117511588574491
173.95,128.218014,37.867194,4955.563977600001,175.875,80.115,203.822,0.7117511588574491
173.9666,128.218011,37.867191,4957.939284,175.81,80.146,203.67,0.7117511588574491
173.9833,128.218008,37.867188,4960.313676000001,175.766,80.177,203.535,0.7117511588574491
174.0,128.218005,37.867185,4962.6874584,175.744,80.207,203.42,0.7117511588574491
174.0166,128.218001,37.867181,4965.0606312,175.743,80.238,203.324,0.7117511588574491
174.0333,128.217998,37.867178,4967.4331944,175.763,80.268,203.247,0.7117511588574491
174.05,128.217995,37.867175,4969.8048432000005,175.804,80.298,203.189,0.7117511588574491
174.0666,128.217992,37.867172,4972.176187200001,175.867,80.329,203.151,0.7117511588574491
174.0833,128.217989,37.867169,4974.5466168,175.951,80.359,203.132,0.7117511588574491
174.1,128.217986,37.867165,4976.916132,176.055,80.389,203.133,0.7117511588574491
174.1166,128.217983,37.867162,4979.2853424,176.181,80.42,203.154,0.7117511588574491
174.1333,128.21798,37.867159,4981.6536384,176.327,80.45,203.193,0.7117511588574491
174.15,128.217977,37.867156,4984.0213248,176.493,80.48,203.252,0.7117511588574491
174.1666,128.217974,37.867152,4986.3884016,176.679,80.51,203.331,0.7117511588574491
174.1833,128.217971,37.867149,4988.754868800001,176.885,80.54,203.429,0.7117511588574491
174.2,128.217968,37.867146,4991.1207264,177.111,80.57,203.545,0.7117511588574491
174.2166,128.217964,37.867143,4993.4856696,177.356,80.599,203.681,0.7117511588574491
174.2333,128.217961,37.867139,4995.8500032,177.62,80.629,203.836,0.7117511588574491
174.25,128.217958,37.867136,4998.2137272,177.902,80.658,204.009,0.7117511588574491
174.2666,128.217955,37.867133,5000.5768416,178.203,80.688,204.2,0.7117511588574491
174.2833,128.217952,37.867129,5002.939041600001,178.521,80.717,204.409,0.7117511588574491
174.3,128.217949,37.867126,5005.3009368,178.857,80.745,204.637,0.7117511588574491
174.3166,128.217946,37.867123,5007.6619176,179.209,80.774,204.881,0.7117511588574491
174.3333,128.217943,37.86712,5010.0222888,179.578,80.802,205.143,0.7117511588574491
174.35,128.21794,37.867116,5012.3820504000005,179.963,80.829,205.422,0.7117511588574491
174.3666,128.217937,37.867113,5014.7412024,-179.635,80.857,205.717,0.7117511588574491
174.3833,128.217934,37.86711,5017.09944,-179.22,80.883,206.028,0.7117511588574491
174.4,128.21793,37.867106,5019.4573728000005,-178.791,80.909,206.354,0.7117511588574491
174.4166,128.217927,37.867103,5021.8143912000005,-178.348,80.935,206.696,0.7117511588574491
174.4333,128.217924,37.8671,5024.1708,-177.891,80.96,207.052,0.7117511588574491
174.45,128.217921,37.867096,5026.526904,-177.423,80.984,207.422,0.7117511588574491
174.4666,128.217918,37.867093,5028.8820936,-176.942,81.008,207.805,0.7117511588574491
174.4833,128.217915,37.86709,5031.2363688000005,-176.45,81.031,208.202,0.7117511588574491
174.5,128.217912,37.867086,5033.5903392,-175.948,81.053,208.611,0.7117511588574491
174.5166,128.217909,37.867083,5035.9437,-175.436,81.075,209.032,0.7117511588574491
174.5333,128.217906,37.867079,5038.296451200001,-174.915,81.096,209.463,0.7117511588574491
174.55,128.217903,37.867076,5040.648288,-174.385,81.115,209.906,0.7117511588574491
174.5666,128.2179,37.867073,5042.999820000001,-173.848,81.134,210.358,0.7117511588574491
174.5833,128.217896,37.867069,5045.350437600001,-173.304,81.153,210.819,0.7117511588574491
174.6,128.217893,37.867066,5047.7007504,-172.753,81.17,211.289,0.7117511588574491
174.6166,128.21789,37.867063,5050.0501488,-172.198,81.186,211.767,0.7117511588574491
174.6333,128.217887,37.867059,5052.399242400001,-171.638,81.201,212.251,0.7117511588574491
174.65,128.217884,37.867056,5054.7474216,-171.073,81.216,212.742,0.7117511588574491
174.6666,128.217881,37.867053,5057.095296,-170.506,81.229,213.239,0.7117511588574491
174.6833,128.217878,37.867049,5059.442256,-169.937,81.242,213.74,0.7117511588574491
174.7,128.217875,37.867046,5061.7886064,-169.366,81.253,214.246,0.7117511588574491
174.7166,128.217872,37.867042,5064.134652000001,-168.794,81.264,214.755,0.7117511588574491
174.7333,128.217869,37.867039,5066.4797832,-168.223,81.274,215.267,0.7117511588574491
174.75,128.217866,37.867036,5068.8246096,-167.652,81.283,215.781,0.7117511588574491
174.7666,128.217862,37.867032,5071.1685216,-167.083,81.29,216.296,0.7117511588574491
174.7833,128.217859,37.867029,5073.512128800001,-166.516,81.298,216.812,0.7117511588574491
174.8,128.217856,37.867026,5075.8551264,-165.951,81.304,217.327,0.7117511588574491
174.8166,128.217853,37.867022,5078.197514400001,-165.391,81.309,217.842,0.7117511588574491
174.8333,128.21785,37.867019,5080.538988,-164.834,81.314,218.356,0.7117511588574491
174.85,128.217847,37.867015,5082.880156800001,-164.283,81.318,218.867,0.7117511588574491
174.8666,128.217844,37.867012,5085.220716,-163.737,81.321,219.376,0.7117511588574491
174.8833,128.217841,37.867009,5087.560970400001,-163.198,81.323,219.881,0.7117511588574491
174.9,128.217838,37.867005,5089.9003104,-162.665,81.325,220.382,0.7117511588574491
174.9166,128.217835,37.867002,5092.2390408,-162.139,81.326,220.879,0.7117511588574491
174.9333,128.217831,37.866998,5094.5774664,-161.622,81.327,221.371,0.7117511588574491
174.95,128.217828,37.866995,5096.9152824,-161.112,81.327,221.858,0.7117511588574491
174.9666,128.217825,37.866992,5099.2524888,-160.612,81.327,222.338,0.7117511588574491
174.9833,128.217822,37.866988,5101.5890856,-160.12,81.326,222.812,0.7117511588574491
175.0,128.217819,37.866985,5103.925072800001,-159.639,81.326,223.279,0.7117511588574491
175.0166,128.217816,37.866982,5106.2604504,-159.167,81.324,223.739,0.7117511588574491
175.0333,128.217813,37.866978,5108.595523200001,-158.706,81.323,224.191,0.7117511588574491
175.05,128.21781,37.866975,5110.9299864,-158.256,81.321,224.634,0.7117511588574491
175.0666,128.217807,37.866972,5113.26384,-157.817,81.319,225.07,0.7117511588574491
175.0833,128.217803,37.866968,5115.597084000001,-157.389,81.318,225.496,0.7117511588574491
175.1,128.2178,37.866965,5117.929718400001,-156.973,81.316,225.913,0.7117511588574491
175.1166,128.217797,37.866961,5120.262048,-156.569,81.314,226.321,0.7117511588574491
175.1333,128.217794,37.866958,5122.593768000001,-156.177,81.312,226.72,0.7117511588574491
175.15,128.217791,37.866955,5124.9248784,-155.797,81.311,227.108,0.7117511588574491
175.1666,128.217788,37.866951,5127.255379200001,-155.429,81.31,227.486,0.7117511588574491
175.1833,128.217785,37.866948,5129.5855752,-155.075,81.309,227.855,0.7117511588574491
175.2,128.217782,37.866945,5131.9151616,-154.733,81.308,228.212,0.7117511588574491
175.2166,128.217778,37.866941,5134.2441384,-154.403,81.308,228.559,0.7117511588574491
175.2333,128.217775,37.866938,5136.572810400001,-154.087,81.308,228.895,0.7117511588574491
175.25,128.217772,37.866935,5138.900568,-153.784,81.308,229.22,0.7117511588574491
175.2666,128.217769,37.866931,5141.2280208,-153.494,81.309,229.535,0.7117511588574491
175.2833,128.217766,37.866928,5143.5551688000005,-153.216,81.311,229.838,0.7117511588574491
175.3,128.217763,37.866925,5145.881402399999,-152.952,81.313,230.13,0.7117511588574491
175.3166,128.21776,37.866921,5148.2073312,-152.701,81.315,230.41,0.7117511588574491
175.3333,128.217757,37.866918,5150.5326504,-152.464,81.319,230.68,0.7117511588574491
175.35,128.217753,37.866915,5152.857664800001,-152.239,81.323,230.938,0.7117511588574491
175.3666,128.21775,37.866912,5155.1820696,-152.027,81.328,231.184,0.7117511588574491
175.3833,128.217747,37.866908,5157.5058648,-151.829,81.333,231.42,0.7117511588574491
175.4,128.217744,37.866905,5159.829050400001,-151.643,81.34,231.643,0.7117511588574491
175.4166,128.217741,37.866902,5162.1519312,-151.47,81.347,231.856,0.7117511588574491
175.4333,128.217738,37.866898,5164.4742024,-151.31,81.355,232.056,0.7117511588574491
175.45,128.217735,37.866895,5166.7961688000005,-151.163,81.364,232.246,0.7117511588574491
175.4666,128.217731,37.866892,5169.1175256,-151.028,81.373,232.424,0.7117511588574491
175.4833,128.217728,37.866889,5171.4382728,-150.906,81.384,232.591,0.7117511588574491
175.5,128.217725,37.866885,5173.758715200001,-150.797,81.395,232.746,0.7117511588574491
175.5166,128.217722,37.866882,5176.0785479999995,-150.7,81.408,232.89,0.7117511588574491
175.5333,128.217719,37.866879,5178.3977712,-150.615,81.421,233.023,0.7117511588574491
175.55,128.217716,37.866876,5180.7163848,-150.542,81.435,233.144,0.7117511588574491
175.5666,128.217712,37.866872,5183.0346936,-150.482,81.45,233.255,0.7117511588574491
175.5833,128.217709,37.866869,5185.352697600001,-150.433,81.466,233.354,0.7117511588574491
175.6,128.217706,37.866866,5187.670092,-150.396,81.483,233.442,0.7117511588574491
175.6166,128.217703,37.866863,5189.986876800001,-150.371,81.501,233.519,0.7117511588574491
175.6333,128.2177,37.866859,5192.303052000001,-150.357,81.52,233.585,0.7117511588574491
175.65,128.217697,37.866856,5194.6189224,-150.354,81.54,233.641,0.7117511588574491
175.6666,128.217693,37.866853,5196.934183200001,-150.363,81.56,233.686,0.7117511588574491
175.6833,128.21769,37.86685,5199.2491392,-150.383,81.582,233.72,0.7117511588574491
175.7,128.217687,37.866847,5201.5634856,-150.413,81.604,233.743,0.7117511588574491
175.7166,128.217684,37.866843,5203.8772224,-150.455,81.628,233.756,0.7117511588574491
175.7333,128.217681,37.86684,5206.1906544,-150.507,81.652,233.758,0.7117511588574491
175.75,128.217678,37.866837,5208.5034768000005,-150.569,81.677,233.751,0.7117511588574491
175.7666,128.217674,37.866834,5210.8159944,-150.642,81.702,233.733,0.7117511588574491
175.7833,128.217671,37.866831,5213.1279024,-150.725,81.729,233.704,0.7117511588574491
175.8,128.217668,37.866827,5215.4392008,-150.818,81.756,233.666,0.7117511588574491
175.8166,128.217665,37.866824,5217.7501944,-150.92,81.784,233.618,0.7117511588574491
175.8333,128.217662,37.866821,5220.060578400001,-151.032,81.813,233.561,0.7117511588574491
175.85,128.217658,37.866818,5222.3703528,-151.154,81.843,233.493,0.7117511588574491
175.8666,128.217655,37.866815,5224.6798224,-151.285,81.873,233.416,0.7117511588574491
175.8833,128.217652,37.866812,5226.9889872,-151.425,81.904,233.33,0.7117511588574491
175.9,128.217649,37.866809,5229.297237600001,-151.573,81.935,233.235,0.7117511588574491
175.9166,128.217646,37.866805,5231.6051832,-151.73,81.967,233.13,0.7117511588574491
175.9333,128.217643,37.866802,5233.912824000001,-151.896,81.999,233.017,0.7117511588574491
175.95,128.217639,37.866799,5236.2198552,-152.07,82.033,232.895,0.7117511588574491
175.9666,128.217636,37.866796,5238.5262768,-152.252,82.066,232.764,0.7117511588574491
175.9833,128.217633,37.866793,5240.8323936,-152.441,82.1,232.625,0.7117511588574491
176.0,128.21763,37.86679,5243.1379008,-152.638,82.134,232.477,0.7117511588574491
176.0166,128.217627,37.866787,5245.442798399999,-152.843,82.169,232.322,0.7117511588574491
176.0333,128.217623,37.866784,5247.7473912000005,-153.054,82.204,232.158,0.7117511588574491
176.05,128.21762,37.866781,5250.051679200001,-153.273,82.24,231.987,0.7117511588574491
176.0666,128.217617,37.866777,5252.3550528,-153.497,82.276,231.809,0.7117511588574491
176.0833,128.217614,37.866774,5254.6581216,-153.729,82.312,231.623,0.7117511588574491
176.1,128.217611,37.866771,5256.9608856,-153.966,82.348,231.431,0.7117511588574491
176.1166,128.217608,37.866768,5259.26304,-154.209,82.384,231.231,0.7117511588574491
176.1333,128.217604,37.866765,5261.5645847999995,-154.457,82.421,231.025,0.7117511588574491
176.15,128.217601,37.866762,5263.86552,-154.711,82.458,230.813,0.7104039360879507
176.1666,128.217598,37.866759,5266.1661504,-154.97,82.495,230.595,0.7090563441642267
176.1833,128.217595,37.866756,5268.466476,-155.233,82.532,230.371,0.7077084334655283
176.2,128.217592,37.866753,5270.766192000001,-155.5,82.569,230.142,0.7063601614424361
176.2166,128.217589,37.86675,5273.0652984,-155.772,82.605,229.907,0.705011532276457
176.2333,128.217585,37.866747,5275.3637952,-156.047,82.642,229.667,0.703662549251673
176.25,128.217582,37.866744,5277.6619872,-156.326,82.679,229.423,0.7023132156539718
176.2666,128.217579,37.866741,5279.9598744,-156.607,82.716,229.175,0.700963535671002
176.2833,128.217576,37.866738,5282.2568472,-156.891,82.753,228.923,0.6996135597205755
176.3,128.217573,37.866735,5284.5535152,-157.178,82.789,228.667,0.6996135597205755
176.3166,128.21757,37.866732,5286.8498784,-157.466,82.826,228.408,0.6996135597205755
176.3333,128.217566,37.866729,5289.1453272,-157.756,82.862,228.146,0.6996135597205755
176.35,128.217563,37.866726,5291.440776,-158.047,82.898,227.882,0.6996135597205755
176.3666,128.21756,37.866723,5293.7353104,-158.339,82.934,227.615,0.6996135597205755
176.3833,128.217557,37.86672,5296.02954,-158.632,82.969,227.347,0.6996135597205755
176.4,128.217554,37.866717,5298.323160000001,-158.924,83.005,227.077,0.6996135597205755
176.4166,128.217551,37.866714,5300.6164751999995,-159.216,83.04,226.806,0.6996135597205755
176.4333,128.217547,37.866711,5302.9091808,-159.508,83.075,226.534,0.6996135597205755
176.45,128.217544,37.866708,5305.2012768,-159.798,83.109,226.262,0.6996135597205755
176.4666,128.217541,37.866705,5307.493068000001,-160.086,83.143,225.99,0.6996135597205755
176.4833,128.217538,37.866702,5309.7842496,-160.373,83.177,225.719,0.6996135597205755
176.5,128.217535,37.866699,5312.0748216,-160.658,83.211,225.448,0.6996135597205755
176.5166,128.217532,37.866696,5314.3650888,-160.939,83.244,225.179,0.6996135597205755
176.5333,128.217529,37.866693,5316.6547464000005,-161.218,83.277,224.912,0.6996135597205755
176.55,128.217526,37.86669,5318.9437944,-161.493,83.309,224.647,0.6996135597205755
176.5666,128.217522,37.866687,5321.232537600001,-161.764,83.341,224.385,0.6996135597205755
176.5833,128.217519,37.866684,5323.5206712,-162.03,83.373,224.125,0.6996135597205755
176.6,128.217516,37.866681,5325.8085,-162.292,83.404,223.869,0.6996135597205755
176.6166,128.217513,37.866679,5328.095414400001,-162.548,83.435,223.617,0.6996135597205755
176.6333,128.21751,37.866676,5330.3820240000005,-162.799,83.465,223.369,0.6996135597205755
176.65,128.217507,37.866673,5332.6683288,-163.043,83.495,223.126,0.6996135597205755
176.6666,128.217504,37.86667,5334.953719200001,-163.282,83.525,222.887,0.6996135597205755
176.6833,128.217501,37.866667,5337.2388048,-163.513,83.555,222.655,0.6996135597205755
176.7,128.217497,37.866664,5339.5235856,-163.737,83.583,222.428,0.6996135597205755
176.7166,128.217494,37.866661,5341.807452000001,-163.953,83.612,222.207,0.6996135597205755
176.7333,128.217491,37.866658,5344.0910136,-164.162,83.64,221.994,0.6996135597205755
176.75,128.217488,37.866655,5346.374270400001,-164.362,83.668,221.787,0.6996135597205755
176.7666,128.217485,37.866653,5348.6566128,-164.553,83.695,221.588,0.6996135597205755
176.7833,128.217482,37.86665,5350.9386504,-164.735,83.722,221.397,0.6996135597205755
176.8,128.217479,37.866647,5353.220078400001,-164.908,83.749,221.213,0.6996135597205755
176.8166,128.217476,37.866644,5355.501201600001,-165.071,83.775,221.039,0.6996135597205755
176.8333,128.217473,37.866641,5357.781715200001,-165.224,83.801,220.873,0.6996135597205755
176.85,128.21747,37.866638,5360.061619200001,-165.366,83.826,220.717,0.6996135597205755
176.8666,128.217467,37.866635,5362.3409136,-165.497,83.852,220.57,0.6996135597205755
176.8833,128.217464,37.866633,5364.6199031999995,-165.618,83.876,220.434,0.6996135597205755
176.9,128.217461,37.86663,5366.8979784,-165.727,83.901,220.307,0.6996135597205755
176.9166,128.217457,37.866627,5369.1760536,-165.824,83.925,220.191,0.6996135597205755
176.9333,128.217454,37.866624,5371.4532144,-165.91,83.949,220.086,0.6996135597205755
176.95,128.217451,37.866621,5373.730070400001,-165.983,83.972,219.993,0.6996135597205755
176.9666,128.217448,37.866618,5376.0063168,-166.044,83.995,219.91,0.6996135597205755
176.9833,128.217445,37.866616,5378.2819536,-166.092,84.018,219.839,0.6996135597205755
177.0,128.217442,37.866613,5380.5572856,-166.127,84.04,219.781,0.6996135597205755
177.0166,128.217439,37.86661,5382.8317031999995,-166.149,84.062,219.734,0.6996135597205755
177.0333,128.217436,37.866607,5385.105815999999,-166.158,84.084,219.7,0.6996135597205755
177.05,128.217433,37.866604,5387.379624,-166.154,84.105,219.678,0.6996135597205755
177.0666,128.21743,37.866602,5389.6525176000005,-166.135,84.126,219.669,0.6996135597205755
177.0833,128.217427,37.866599,5391.925106400001,-166.104,84.147,219.673,0.6996135597205755
177.1,128.217424,37.866596,5394.1970856,-166.058,84.167,219.69,0.6996135597205755
177.1166,128.217421,37.866593,5396.468760000001,-165.998,84.187,219.721,0.6996135597205755
177.1333,128.217418,37.866591,5398.739520000001,-165.924,84.207,219.765,0.6996135597205755
177.15,128.217415,37.866588,5401.0099752,-165.836,84.226,219.822,0.6996135597205755
177.1666,128.217412,37.866585,5403.2798207999995,-165.734,84.245,219.893,0.6996135597205755
177.1833,128.217409,37.866582,5405.5490568000005,-165.617,84.264,219.978,0.6996135597205755
177.2,128.217406,37.86658,5407.817988000001,-165.486,84.282,220.076,0.6996135597205755
177.2166,128.217403,37.866577,5410.0863096,-165.341,84.3,220.188,0.6996135597205755
177.2333,128.2174,37.866574,5412.3540216,-165.182,84.318,220.314,0.6996135597205755
177.25,128.217397,37.866571,5414.621124,-165.008,84.335,220.454,0.6996135597205755
177.2666,128.217394,37.866569,5416.8879216,-164.82,84.351,220.608,0.6996135597205755
177.2833,128.217391,37.866566,5419.1538048,-164.617,84.368,220.775,0.6996135597205755
177.3,128.217388,37.866563,5421.419383200001,-164.401,84.384,220.957,0.6996135597205755
177.3166,128.217385,37.86656,5423.684352000001,-164.17,84.399,221.152,0.6996135597205755
177.3333,128.217382,37.866558,5425.949016,-163.926,84.415,221.36,0.6996135597205755
177.35,128.217379,37.866555,5428.212765600001,-163.668,84.429,221.582,0.6996135597205755
177.3666,128.217376,37.866552,5430.476210400001,-163.397,84.444,221.818,0.6996135597205755
177.3833,128.217373,37.86655,5432.7390456,-163.112,84.457,222.066,0.6996135597205755
177.4,128.21737,37.866547,5435.0012712,-162.814,84.471,222.328,0.6996135597205755
177.4166,128.217367,37.866544,5437.263192,-162.502,84.484,222.602,0.6996135597205755
177.4333,128.217364,37.866542,5439.5245032,-162.179,84.496,222.889,0.6996135597205755
177.45,128.217362,37.866539,5441.784900000001,-161.843,84.508,223.189,0.6996135597205755
177.4666,128.217359,37.866536,5444.045296800001,-161.494,84.519,223.5,0.6996135597205755
177.4833,128.217356,37.866534,5446.304779200001,-161.134,84.53,223.824,0.6996135597205755
177.5,128.217353,37.866531,5448.563652000001,-160.763,84.541,224.159,0.6996135597205755
177.5166,128.21735,37.866528,5450.822220000001,-160.38,84.551,224.505,0.6996135597205755
177.5333,128.217347,37.866526,5453.0801784000005,-159.987,84.56,224.862,0.6996135597205755
177.55,128.217344,37.866523,5455.3375272,-159.583,84.569,225.23,0.6996135597205755
177.5666,128.217341,37.86652,5457.5945712,-159.169,84.577,225.608,0.6996135597205755
177.5833,128.217338,37.866518,5459.850700800001,-158.746,84.584,225.996,0.6996135597205755
177.6,128.217335,37.866515,5462.1065256,-158.313,84.591,226.393,0.6996135597205755
177.6166,128.217332,37.866513,5464.3617408,-157.872,84.598,226.799,0.6996135597205755
177.6333,128.217329,37.86651,5466.6163464,-157.423,84.604,227.214,0.6996135597205755
177.65,128.217327,37.866507,5468.8703424000005,-156.965,84.609,227.637,0.6996135597205755
177.6666,128.217324,37.866505,5471.124033600001,-156.501,84.614,228.068,0.6996135597205755
177.6833,128.217321,37.866502,5473.376810400001,-156.029,84.618,228.507,0.6996135597205755
177.7,128.217318,37.8665,5475.6292824,-155.551,84.622,228.952,0.6996135597205755
177.7166,128.217315,37.866497,5477.8811448,-155.068,84.625,229.403,0.6996135597205755
177.7333,128.217312,37.866494,5480.1327024,-154.579,84.627,229.86,0.6996135597205755
177.75,128.217309,37.866492,5482.3833456,-154.085,84.629,230.323,0.6996135597205755
177.7666,128.217306,37.866489,5484.633684,-153.587,84.63,230.791,0.6996135597205755
177.7833,128.217303,37.866487,5486.8834128,-153.085,84.631,231.263,0.6996135597205755
177.8,128.217301,37.866484,5489.1325320000005,-152.58,84.631,231.739,0.6996135597205755
177.8166,128.217298,37.866482,5491.381041600001,-152.072,84.63,232.218,0.6996135597205755
177.8333,128.217295,37.866479,5493.628941600001,-151.562,84.629,232.701,0.6996135597205755
177.85,128.217292,37.866476,5495.8765368,-151.051,84.628,233.185,0.6996135597205755
177.8666,128.217289,37.866474,5498.1235224,-150.538,84.625,233.672,0.6996135597205755
177.8833,128.217286,37.866471,5500.3698984,-150.024,84.623,234.16,0.6996135597205755
177.9,128.217283,37.866469,5502.615664800001,-149.51,84.62,234.65,0.6996135597205755
177.9166,128.217281,37.866466,5504.8608216,-148.997,84.616,235.14,0.6996135597205755
177.9333,128.217278,37.866464,5507.1056736,-148.484,84.612,235.63,0.6996135597205755
177.95,128.217275,37.866461,5509.349916,-147.972,84.608,236.119,0.6996135597205755
177.9666,128.217272,37.866459,5511.5935488,-147.463,84.603,236.608,0.6996135597205755
177.9833,128.217269,37.866456,5513.836572,-146.955,84.598,237.096,0.6996135597205755
178.0,128.217266,37.866454,5516.0789856,-146.449,84.592,237.582,0.6996135597205755
178.0166,128.217263,37.866451,5518.3207896,-145.947,84.586,238.066,0.6996135597205755
178.0333,128.217261,37.866449,5520.5622888,-145.448,84.58,238.547,0.6996135597205755
178.05,128.217258,37.866447,5522.8031784,-144.953,84.574,239.026,0.6996135597205755
178.0666,128.217255,37.866444,5525.0434584,-144.462,84.567,239.502,0.6996135597205755
178.0833,128.217252,37.866442,5527.283128800001,-143.975,84.56,239.974,0.6996135597205755
178.1,128.217249,37.866439,5529.5221896,-143.493,84.553,240.443,0.6996135597205755
178.1166,128.217246,37.866437,5531.7609456,-143.017,84.546,240.907,0.6996135597205755
178.1333,128.217244,37.866434,5533.999092000001,-142.545,84.538,241.367,0.6996135597205755
178.15,128.217241,37.866432,5536.2366288,-142.08,84.531,241.823,0.6996135597205755
178.1666,128.217238,37.866429,5538.473556000001,-141.62,84.523,242.273,0.6996135597205755
178.1833,128.217235,37.866427,5540.709873600001,-141.166,84.515,242.718,0.6996135597205755
178.2,128.217232,37.866425,5542.9455816,-140.719,84.508,243.158,0.6996135597205755
178.2166,128.21723,37.866422,5545.1809848,-140.279,84.5,243.593,0.6996135597205755
178.2333,128.217227,37.86642,5547.415778400001,-139.845,84.492,244.021,0.6996135597205755
178.25,128.217224,37.866418,5549.6499624,-139.419,84.485,244.444,0.6996135597205755
178.2666,128.217221,37.866415,5551.8835368,-138.999,84.478,244.86,0.6996135597205755
178.2833,128.217218,37.866413,5554.1165016,-138.587,84.47,245.27,0.6996135597205755
178.3,128.217215,37.86641,5556.3491616,-138.183,84.463,245.674,0.6996135597205755
178.3166,128.217213,37.866408,5558.581212,-137.786,84.456,246.071,0.6996135597205755
178.3333,128.21721,37.866406,5560.8126528,-137.397,84.45,246.461,0.6996135597205755
178.35,128.217207,37.866403,5563.043484000001,-137.016,84.444,246.845,0.6996135597205755
178.3666,128.217204,37.866401,5565.2737056000005,-136.642,84.438,247.221,0.6996135597205755
178.3833,128.217201,37.866399,5567.5033176,-136.277,84.432,247.591,0.6996135597205755
178.4,128.217199,37.866396,5569.732624800001,-135.919,84.427,247.954,0.6996135597205755
178.4166,128.217196,37.866394,5571.9613224,-135.57,84.422,248.309,0.6996135597205755
178.4333,128.217193,37.866392,5574.1894104,-135.229,84.417,248.658,0.6996135597205755
178.45,128.21719,37.86639,5576.4168887999995,-134.896,84.413,248.999,0.6996135597205755
178.4666,128.217187,37.866387,5578.6437576,-134.571,84.41,249.333,0.6996135597205755
178.4833,128.217185,37.866385,5580.8700168,-134.254,84.407,249.66,0.6996135597205755
178.5,128.217182,37.866383,5583.0959712,-133.946,84.404,249.98,0.6996135597205755
178.5166,128.217179,37.86638,5585.321316,-133.645,84.402,250.292,0.6996135597205755
178.5333,128.217176,37.866378,5587.546051200001,-133.353,84.401,250.597,0.6996135597205755
178.55,128.217173,37.866376,5589.7701768,-133.069,84.4,250.895,0.6996135597205755
178.5666,128.217171,37.866374,5591.9939976000005,-132.793,84.4,251.186,0.6996135597205755
178.5833,128.217168,37.866371,5594.216904,-132.525,84.401,251.469,0.6996135597205755
178.6,128.217165,37.866369,5596.4395056,-132.265,84.402,251.746,0.6996135597205755
178.6166,128.217162,37.866367,5598.661497600001,-132.013,84.404,252.015,0.6996135597205755
178.6333,128.21716,37.866365,5600.88288,-131.769,84.406,252.277,0.6996135597205755
178.65,128.217157,37.866363,5603.1036527999995,-131.532,84.41,252.533,0.6996135597205755
178.6666,128.217154,37.86636,5605.323816,-131.304,84.414,252.781,0.6996135597205755
178.6833,128.217151,37.866358,5607.543674400001,-131.083,84.418,253.022,0.6996135597205755
178.7,128.217148,37.866356,5609.762923200001,-130.869,84.424,253.257,0.6996135597205755
178.7166,128.217146,37.866354,5611.9812575999995,-130.663,84.43,253.484,0.6996135597205755
178.7333,128.217143,37.866352,5614.199592000001,-130.465,84.437,253.705,0.6996135597205755
178.75,128.21714,37.86635,5616.417012,-130.274,84.445,253.919,0.6996135597205755
178.7666,128.217137,37.866347,5618.6338224,-130.091,84.453,254.126,0.6996135597205755
178.7833,128.217135,37.866345,5620.850328,-129.914,84.463,254.327,0.6996135597205755
178.8,128.217132,37.866343,5623.0659192,-129.745,84.473,254.521,0.6996135597205755
178.8166,128.217129,37.866341,5625.2812056,-129.582,84.484,254.709,0.6996135597205755
178.8333,128.217126,37.866339,5627.4958824000005,-129.427,84.495,254.89,0.6996135597205755
178.85,128.217123,37.866337,5629.7102544,-129.278,84.508,255.066,0.6996135597205755
178.8666,128.217121,37.866335,5631.923712,-129.136,84.521,255.234,0.6996135597205755
178.8833,128.217118,37.866333,5634.136864800001,-129.001,84.535,255.397,0.6996135597205755
178.9,128.217115,37.866331,5636.3491032,-128.872,84.55,255.554,0.6996135597205755
178.9166,128.217112,37.866329,5638.561036800001,-128.749,84.566,255.704,0.6996135597205755
178.9333,128.21711,37.866326,5640.772360800001,-128.633,84.583,255.849,0.6996135597205755
178.95,128.217107,37.866324,5642.98338,-128.523,84.6,255.988,0.6996135597205755
178.9666,128.217104,37.866322,5645.1934848,-128.419,84.618,256.121,0.6996135597205755
178.9833,128.217101,37.86632,5647.40298,-128.321,84.637,256.248,0.6996135597205755
179.0,128.217099,37.866318,5649.612170400001,-128.228,84.657,256.37,0.6996135597205755
179.0166,128.217096,37.866316,5651.820751200001,-128.142,84.677,256.487,0.6996135597205755
179.0333,128.217093,37.866314,5654.0287224,-128.061,84.698,256.597,0.6996135597205755
179.05,128.21709,37.866312,5656.236084000001,-127.985,84.72,256.703,0.6996135597205755
179.0666,128.217088,37.86631,5658.442836,-127.915,84.743,256.804,0.6996135597205755
179.0833,128.217085,37.866308,5660.6492832,-127.85,84.766,256.899,0.6996135597205755
179.1,128.217082,37.866306,5662.854816,-127.79,84.79,256.989,0.6996135597205755
179.1166,128.217079,37.866304,5665.060044,-127.735,84.815,257.074,0.6996135597205755
179.1333,128.217077,37.866302,5667.2646624,-127.685,84.84,257.155,0.6996135597205755
179.15,128.217074,37.8663,5669.4686712,-127.64,84.866,257.231,0.6996135597205755
179.1666,128.217071,37.866298,5671.672070400001,-127.599,84.893,257.302,0.6996135597205755
179.1833,128.217068,37.866296,5673.874860000001,-127.563,84.92,257.368,0.6996135597205755
179.2,128.217066,37.866294,5676.0773448,-127.531,84.948,257.43,0.6996135597205755
179.2166,128.217063,37.866293,5678.2789152000005,-127.503,84.977,257.488,0.6996135597205755
179.2333,128.21706,37.866291,5680.4801808,-127.479,85.006,257.542,0.6996135597205755
179.25,128.217057,37.866289,5682.6808368,-127.459,85.035,257.592,0.6996135597205755
179.2666,128.217055,37.866287,5684.8808832,-127.442,85.065,257.638,0.6996135597205755
179.2833,128.217052,37.866285,5687.080320000001,-127.429,85.096,257.68,0.6996135597205755
179.3,128.217049,37.866283,5689.279147200001,-127.42,85.127,257.718,0.6996135597205755
179.3166,128.217047,37.866281,5691.477669600001,-127.414,85.158,257.753,0.6996135597205755
179.3333,128.217044,37.866279,5693.674668000001,-127.424,85.19,257.748,0.6996135597205755
179.35,128.217041,37.866277,5695.871056800001,-127.475,85.219,257.678,0.6996135597205755
179.3666,128.217038,37.866276,5698.066836,-127.592,85.246,257.519,0.6996135597205755
179.3833,128.217036,37.866274,5700.261700800001,-127.8,85.267,257.248,0.6996135597205755
179.4,128.217033,37.866272,5702.455956000001,-128.12,85.282,256.841,0.6996135597205755
179.4166,128.21703,37.86627,5704.6492968,-128.574,85.289,256.279,0.6996135597205755
179.4333,128.217028,37.866268,5706.842028,-129.181,85.286,255.542,0.6996135597205755
179.45,128.217025,37.866266,5709.0338448,-129.953,85.271,254.617,0.6996135597205755
179.4666,128.217022,37.866265,5711.225356800001,-130.881,85.244,253.517,0.6996135597205755
179.4833,128.21702,37.866263,5713.4159544,-131.951,85.204,252.252,0.6996135597205755
179.5,128.217017,37.866261,5715.6059424000005,-133.15,85.15,250.838,0.6996135597205755
179.5166,128.217014,37.866259,5717.795016,-134.461,85.081,249.292,0.6996135597205755
179.5333,128.217012,37.866258,5719.98348,-135.859,84.997,247.637,0.6996135597205755
179.55,128.217009,37.866256,5722.1713344,-137.322,84.898,245.899,0.6996135597205755
179.5666,128.217006,37.866254,5724.3585792,-138.825,84.783,244.101,0.6996135597205755
179.5833,128.217004,37.866253,5726.5449096,-140.346,84.652,242.266,0.6996135597205755
179.6,128.217001,37.866251,5728.7306304,-141.864,84.504,240.415,0.6996135597205755
179.6166,128.216998,37.866249,5730.915741600001,-143.363,84.341,238.565,0.6996135597205755
179.6333,128.216996,37.866248,5733.1002432,-144.825,84.161,236.733,0.6996135597205755
179.65,128.216993,37.866246,5735.2838304,-146.239,83.966,234.932,0.6996135597205755
179.6666,128.21699,37.866244,5737.466808,-147.594,83.754,233.173,0.6996135597205755
179.6833,128.216988,37.866243,5739.6488712,-148.881,83.527,231.463,0.6996135597205755
179.7,128.216985,37.866241,5741.830324800001,-150.095,83.285,229.81,0.6996135597205755
179.7166,128.216983,37.866239,5744.011168800001,-151.232,83.027,228.217,0.6996135597205755
179.7333,128.21698,37.866238,5746.1914031999995,-152.289,82.755,226.687,0.6996135597205755
179.75,128.216977,37.866236,5748.370723200001,-153.266,82.469,225.221,0.6996135597205755
179.7666,128.216975,37.866234,5750.5491288,-154.163,82.168,223.82,0.6996135597205755
179.7833,128.216972,37.866233,5752.726924800001,-154.981,81.854,222.481,0.6996135597205755
179.8,128.216969,37.866231,5754.9041112,-155.72,81.527,221.207,0.6996135597205755
179.8166,128.216967,37.866229,5757.080383200001,-156.382,81.188,219.994,0.6996135597205755
179.8333,128.216964,37.866228,5759.2557408,-156.967,80.839,218.842,0.6996135597205755
179.85,128.216961,37.866226,5761.4304888,-157.477,80.48,217.75,0.6996135597205755
179.8666,128.216959,37.866224,5763.6043224000005,-157.916,80.112,216.714,0.6996135597205755
179.8833,128.216956,37.866223,5765.777546400001,-158.285,79.738,215.733,0.6996135597205755
179.9,128.216953,37.866221,5767.9495512,-158.588,79.357,214.803,0.6996135597205755
179.9166,128.216951,37.866219,5770.1209464,-158.828,78.972,213.922,0.6996135597205755
179.9333,128.216948,37.866217,5772.2920368000005,-159.029,78.584,213.1,0.6996135597205755
179.95,128.216945,37.866216,5774.4622128,-159.194,78.196,212.337,0.6996135597205755
179.9666,128.216943,37.866214,5776.631779200001,-159.323,77.812,211.632,0.6996135597205755
179.9833,128.21694,37.866212,5778.8004312,-159.416,77.434,210.984,0.6996135597205755
180.0,128.216937,37.86621,5780.967864,-159.474,77.065,210.391,0.6996135597205755
180.0166,128.216935,37.866209,5783.1346872,-159.496,76.71,209.853,0.6996135597205755
180.0333,128.216932,37.866207,5785.2999864,-159.484,76.369,209.369,0.6996135597205755
180.05,128.216929,37.866205,5787.4640664,-159.439,76.047,208.936,0.6996135597205755
180.0666,128.216926,37.866203,5789.6269272,-159.361,75.743,208.554,0.6996135597205755
180.0833,128.216924,37.866201,5791.7879592,-159.253,75.461,208.219,0.6996135597205755
180.1,128.216921,37.866199,5793.947772,-159.119,75.199,207.927,0.6996135597205755
180.1166,128.216918,37.866197,5796.106060800001,-158.962,74.956,207.675,0.6996135597205755
180.1333,128.216916,37.866195,5798.2628256,-158.785,74.732,207.458,0.6996135597205755
180.15,128.216913,37.866193,5800.4180664,-158.59,74.526,207.275,0.6996135597205755
180.1666,128.21691,37.866191,5802.571783200001,-158.381,74.337,207.122,0.6996135597205755
180.1833,128.216907,37.866189,5804.723976,-158.158,74.166,206.997,0.6996135597205755
180.2,128.216904,37.866187,5806.8746448,-157.923,74.011,206.898,0.6996135597205755
180.2166,128.216902,37.866184,5809.0237896,-157.679,73.871,206.824,0.6996135597205755
180.2333,128.216899,37.866182,5811.171715200001,-157.426,73.746,206.772,0.6996135597205755
180.25,128.216896,37.86618,5813.3181168,-157.167,73.634,206.74,0.6996135597205755
180.2666,128.216893,37.866178,5815.4626896,-156.902,73.534,206.726,0.6996135597205755
180.2833,128.216891,37.866175,5817.606348,-156.634,73.446,206.73,0.6996135597205755
180.3,128.216888,37.866173,5819.7481776,-156.363,73.37,206.748,0.6996135597205755
180.3166,128.216885,37.866171,5821.888788000001,-156.09,73.303,206.782,0.6996135597205755
180.3333,128.216882,37.866168,5824.027874400001,-155.817,73.246,206.828,0.6996135597205755
180.35,128.216879,37.866166,5826.1654368,-155.543,73.197,206.886,0.6996135597205755
180.3666,128.216877,37.866163,5828.30178,-155.27,73.157,206.955,0.6996135597205755
180.3833,128.216874,37.866161,5830.436904,-154.999,73.125,207.034,0.6996135597205755
180.4,128.216871,37.866158,5832.570504,-154.729,73.099,207.122,0.6996135597205755
180.4166,128.216868,37.866156,5834.70258,-154.462,73.08,207.219,0.6996135597205755
180.4333,128.216865,37.866153,5836.8337416,-154.198,73.067,207.323,0.6996135597205755
180.45,128.216862,37.866151,5838.963074400001,-153.938,73.06,207.434,0.6996135597205755
180.4666,128.21686,37.866148,5841.091492800001,-153.681,73.058,207.551,0.6996135597205755
180.4833,128.216857,37.866145,5843.2183872000005,-153.429,73.061,207.673,0.6996135597205755
180.5,128.216854,37.866143,5845.3440624,-153.181,73.069,207.801,0.6996135597205755
180.5166,128.216851,37.86614,5847.4685184,-152.937,73.08,207.933,0.6996135597205755
180.5333,128.216848,37.866137,5849.5914504,-152.699,73.096,208.069,0.6996135597205755
180.55,128.216845,37.866135,5851.713468,-152.466,73.115,208.208,0.6996135597205755
180.5666,128.216842,37.866132,5853.833961599999,-152.239,73.138,208.35,0.6996135597205755
180.5833,128.21684,37.866129,5855.9535408,-152.017,73.163,208.494,0.6996135597205755
180.6,128.216837,37.866126,5858.071596000001,-151.801,73.192,208.64,0.6996135597205755
180.6166,128.216834,37.866123,5860.188736800001,-151.59,73.223,208.788,0.6996135597205755
180.6333,128.216831,37.86612,5862.3043536000005,-151.386,73.256,208.937,0.6996135597205755
180.65,128.216828,37.866118,5864.419056000001,-151.188,73.292,209.087,0.6996135597205755
180.6666,128.216825,37.866115,5866.5325391999995,-150.996,73.329,209.237,0.6996135597205755
180.6833,128.216822,37.866112,5868.645108,-150.81,73.369,209.387,0.6996135597205755
180.7,128.216819,37.866109,5870.7561528,-150.63,73.41,209.538,0.6996135597205755
180.7166,128.216816,37.866106,5872.866283200001,-150.457,73.453,209.688,0.6996135597205755
180.7333,128.216813,37.866103,5874.9754992,-150.29,73.498,209.837,0.6996135597205755
180.75,128.216811,37.8661,5877.0831912,-150.129,73.544,209.985,0.6996135597205755
180.7666,128.216808,37.866097,5879.1899688,-149.974,73.591,210.132,0.6996135597205755
180.7833,128.216805,37.866094,5881.295832000001,-149.826,73.639,210.278,0.6996135597205755
180.8,128.216802,37.866091,5883.400476,-149.684,73.689,210.421,0.6996135597205755
180.8166,128.216799,37.866088,5885.5042056,-149.548,73.739,210.564,0.6996135597205755
180.8333,128.216796,37.866084,5887.606715999999,-149.418,73.791,210.704,0.6996135597205755
180.85,128.216793,37.866081,5889.708312,-149.294,73.843,210.842,0.6996135597205755
180.8666,128.21679,37.866078,5891.8089936,-149.176,73.896,210.978,0.6996135597205755
180.8833,128.216787,37.866075,5893.908456000001,-149.063,73.95,211.111,0.6996135597205755
180.9,128.216784,37.866072,5896.0066992,-148.956,74.004,211.242,0.6996135597205755
180.9166,128.216781,37.866069,5898.1043328000005,-148.855,74.059,211.371,0.6996135597205755
180.9333,128.216778,37.866065,5900.2007472000005,-148.76,74.115,211.496,0.6996135597205755
180.95,128.216775,37.866062,5902.296247200001,-148.669,74.171,211.619,0.6996135597205755
180.9666,128.216772,37.866059,5904.390832800001,-148.584,74.228,211.74,0.6996135597205755
180.9833,128.216769,37.866056,5906.4841992,-148.504,74.285,211.857,0.6996135597205755
181.0,128.216766,37.866052,5908.576956000001,-148.429,74.342,211.971,0.6996135597205755
181.0166,128.216763,37.866049,5910.6684936,-148.359,74.4,212.083,0.6996135597205755
181.0333,128.21676,37.866046,5912.7591168,-148.293,74.458,212.191,0.6996135597205755
181.05,128.216757,37.866043,5914.8488256,-148.232,74.516,212.297,0.6996135597205755
181.0666,128.216754,37.866039,5916.937620000001,-148.176,74.575,212.399,0.6996135597205755
181.0833,128.216751,37.866036,5919.0251952,-148.124,74.633,212.498,0.6996135597205755
181.1,128.216748,37.866033,5921.1121608,-148.075,74.692,212.595,0.6996135597205755
181.1166,128.216745,37.866029,5923.198212,-148.031,74.751,212.688,0.6996135597205755
181.1333,128.216742,37.866026,5925.283044,-147.991,74.81,212.778,0.6996135597205755
181.15,128.216739,37.866022,5927.3672664,-147.954,74.869,212.865,0.6996135597205755
181.1666,128.216736,37.866019,5929.450574400001,-147.921,74.928,212.949,0.6996135597205755
181.1833,128.216733,37.866016,5931.532663200001,-147.891,74.987,213.03,0.6996135597205755
181.2,128.21673,37.866012,5933.614142400001,-147.864,75.047,213.108,0.6996135597205755
181.2166,128.216727,37.866009,5935.6947072,-147.841,75.106,213.183,0.6996135597205755
181.2333,128.216724,37.866005,5937.7743576,-147.82,75.165,213.255,0.6996135597205755
181.25,128.216721,37.866002,5939.8530936,-147.802,75.224,213.325,0.6996135597205755
181.2666,128.216718,37.865998,5941.9309152000005,-147.787,75.282,213.391,0.6996135597205755
181.2833,128.216715,37.865995,5944.0078224,-147.775,75.341,213.455,0.6996135597205755
181.3,128.216712,37.865991,5946.08412,-147.764,75.4,213.516,0.6996135597205755
181.3166,128.216709,37.865988,5948.1595032,-147.756,75.458,213.575,0.6996135597205755
181.3333,128.216706,37.865984,5950.233972,-147.75,75.516,213.631,0.6996135597205755
181.35,128.216702,37.865981,5952.3075264,-147.746,75.574,213.684,0.6996135597205755
181.3666,128.216699,37.865977,5954.3801664,-147.743,75.631,213.735,0.6996135597205755
181.3833,128.216696,37.865974,5956.452196800001,-147.743,75.689,213.784,0.6996135597205755
181.4,128.216693,37.86597,5958.5233128,-147.743,75.746,213.83,0.6996135597205755
181.4166,128.21669,37.865967,5960.5935144000005,-147.745,75.803,213.874,0.6996135597205755
181.4333,128.216687,37.865963,5962.663106400001,-147.748,75.859,213.916,0.6996135597205755
181.45,128.216684,37.86596,5964.7317840000005,-147.752,75.915,213.957,0.6996135597205755
181.4666,128.216681,37.865956,5966.799547200001,-147.757,75.971,213.995,0.6996135597205755
181.4833,128.216678,37.865952,5968.8667008,-147.763,76.026,214.031,0.6996135597205755
181.5,128.216675,37.865949,5970.9326352,-147.769,76.081,214.066,0.6996135597205755
181.5166,128.216672,37.865945,5972.9982648000005,-147.776,76.136,214.099,0.6996135597205755
181.5333,128.216668,37.865942,5975.06298,-147.783,76.19,214.13,0.6996135597205755
181.55,128.216665,37.865938,5977.1267808,-147.791,76.243,214.16,0.6996135597205755
181.5666,128.216662,37.865934,5979.1896672,-147.798,76.297,214.189,0.6996135597205755
181.5833,128.216659,37.865931,5981.251944,-147.805,76.349,214.217,0.6996135597205755
181.6,128.216656,37.865927,5983.313611200001,-147.813,76.401,214.243,0.6996135597205755
181.6166,128.216653,37.865923,5985.374364,-147.82,76.453,214.268,0.6996135597205755
181.6333,128.21665,37.86592,5987.4342024,-147.826,76.504,214.293,0.6996135597205755
181.65,128.216646,37.865916,5989.4934312000005,-147.832,76.555,214.316,0.6996135597205755
181.6666,128.216643,37.865912,5991.552050400001,-147.837,76.605,214.339,0.6996135597205755
181.6833,128.21664,37.865909,5993.6097552,-147.842,76.655,214.361,0.6996135597205755
181.7,128.216637,37.865905,5995.6665456,-147.846,76.704,214.383,0.6996135597205755
181.7166,128.216634,37.865901,5997.7227264,-147.848,76.753,214.405,0.6996135597205755
181.7333,128.216631,37.865898,5999.778297600001,-147.85,76.801,214.426,0.6996135597205755
181.75,128.216628,37.865894,6001.8329544,-147.85,76.848,214.447,0.6996135597205755
181.7666,128.216624,37.86589,6003.8866968,-147.848,76.895,214.468,0.6996135597205755
181.7833,128.216621,37.865887,6005.9398296,-147.845,76.941,214.49,0.6996135597205755
181.8,128.216618,37.865883,6007.9923528,-147.841,76.987,214.511,0.6996135597205755
181.8166,128.216615,37.865879,6010.043961599999,-147.834,77.033,214.533,0.6996135597205755
181.8333,128.216612,37.865876,6012.094960800001,-147.826,77.077,214.556,0.6996135597205755
181.85,128.216609,37.865872,6014.1453504,-147.816,77.122,214.579,0.6996135597205755
181.8666,128.216605,37.865868,6016.1945208,-147.803,77.165,214.603,0.6996135597205755
181.8833,128.216602,37.865864,6018.2433864,-147.789,77.208,214.628,0.6996135597205755
181.9,128.216599,37.865861,6020.291337600001,-147.772,77.251,214.654,0.6996135597205755
181.9166,128.216596,37.865857,6022.338679200001,-147.752,77.293,214.681,0.6996135597205755
181.9333,128.216593,37.865853,6024.385106400001,-147.731,77.334,214.71,0.6996135597205755
181.95,128.216589,37.865849,6026.430924,-147.706,77.375,214.739,0.6996135597205755
181.9666,128.216586,37.865846,6028.476132000001,-147.679,77.415,214.77,0.6996135597205755
181.9833,128.216583,37.865842,6030.5204256,-147.649,77.455,214.803,0.6996135597205755
182.0,128.21658,37.865838,6032.564109600001,-147.617,77.494,214.837,0.6996135597205755
182.0166,128.216577,37.865834,6034.606879200001,-147.581,77.532,214.872,0.6996135597205755
182.0333,128.216573,37.865831,6036.6490392,-147.543,77.57,214.91,0.6996135597205755
182.05,128.21657,37.865827,6038.6905896,-147.501,77.608,214.949,0.6996135597205755
182.0666,128.216567,37.865823,6040.7312256,-147.457,77.645,214.991,0.6996135597205755
182.0833,128.216564,37.865819,6042.7712520000005,-147.409,77.681,215.034,0.6996135597205755
182.1,128.216561,37.865815,6044.810668800001,-147.358,77.717,215.08,0.6996135597205755
182.1166,128.216557,37.865812,6046.8491712,-147.304,77.752,215.127,0.6996135597205755
182.1333,128.216554,37.865808,6048.8870640000005,-147.247,77.786,215.177,0.6996135597205755
182.15,128.216551,37.865804,6050.924042400001,-147.186,77.82,215.23,0.6996135597205755
182.1666,128.216548,37.8658,6052.960411200001,-147.122,77.854,215.284,0.6996135597205755
182.1833,128.216545,37.865796,6054.996170400001,-147.055,77.886,215.341,0.6996135597205755
182.2,128.216541,37.865793,6057.031320000001,-146.984,77.919,215.401,0.6996135597205755
182.2166,128.216538,37.865789,6059.065555200001,-146.91,77.95,215.463,0.6996135597205755
182.2333,128.216535,37.865785,6061.0991808,-146.832,77.981,215.528,0.6996135597205755
182.25,128.216532,37.865781,6063.131892,-146.751,78.012,215.595,0.6996135597205755
182.2666,128.216528,37.865777,6065.1642984,-146.666,78.042,215.665,0.6996135597205755
182.2833,128.216525,37.865774,6067.1957904,-146.578,78.071,215.738,0.6996135597205755
182.3,128.216522,37.86577,6069.226368000001,-146.486,78.1,215.813,0.6996135597205755
182.3166,128.216519,37.865766,6071.2566408,-146.391,78.128,215.891,0.6996135597205755
182.3333,128.216515,37.865762,6073.2859992,-146.293,78.155,215.972,0.6996135597205755
182.35,128.216512,37.865758,6075.314748,-146.191,78.182,216.056,0.6996135597205755
182.3666,128.216509,37.865755,6077.3425824000005,-146.085,78.209,216.143,0.6996135597205755
182.3833,128.216506,37.865751,6079.3698072,-145.976,78.235,216.232,0.6996135597205755
182.4,128.216502,37.865747,6081.3964224,-145.864,78.26,216.325,0.6996135597205755
182.4166,128.216499,37.865743,6083.422428000001,-145.748,78.284,216.42,0.6996135597205755
182.4333,128.216496,37.865739,6085.447519200001,-145.629,78.309,216.518,0.6996135597205755
182.45,128.216493,37.865735,6087.4720008,-145.506,78.332,216.619,0.6996135597205755
182.4666,128.216489,37.865732,6089.4958728,-145.38,78.355,216.723,0.6996135597205755
182.4833,128.216486,37.865728,6091.5191352,-145.251,78.378,216.83,0.6996135597205755
182.5,128.216483,37.865724,6093.541483200001,-145.118,78.399,216.94,0.6996135597205755
182.5166,128.21648,37.86572,6095.5632216,-144.983,78.421,217.052,0.6996135597205755
182.5333,128.216476,37.865716,6097.5843504,-144.844,78.441,217.168,0.6996135597205755
182.55,128.216473,37.865713,6099.604564800001,-144.702,78.462,217.286,0.6996135597205755
182.5666,128.21647,37.865709,6101.6244744000005,-144.556,78.481,217.407,0.6996135597205755
182.5833,128.216467,37.865705,6103.643469600001,-144.408,78.5,217.531,0.6996135597205755
182.6,128.216463,37.865701,6105.6615504,-144.257,78.519,217.657,0.6996135597205755
182.6166,128.21646,37.865697,6107.6793264,-144.103,78.537,217.787,0.6996135597205755
182.6333,128.216457,37.865693,6109.696188000001,-143.946,78.554,217.918,0.6996135597205755
182.65,128.216453,37.86569,6111.71244,-143.787,78.571,218.053,0.6996135597205755
182.6666,128.21645,37.865686,6113.728082400001,-143.624,78.588,218.19,0.6996135597205755
182.6833,128.216447,37.865682,6115.743115200001,-143.459,78.604,218.33,0.6996135597205755
182.7,128.216444,37.865678,6117.7572336,-143.291,78.619,218.472,0.6996135597205755
182.7166,128.21644,37.865674,6119.771047200001,-143.121,78.634,218.617,0.6996135597205755
182.7333,128.216437,37.86567,6121.783946400001,-142.948,78.648,218.764,0.6996135597205755
182.75,128.216434,37.865667,6123.7959312,-142.773,78.662,218.914,0.6996135597205755
182.7666,128.21643,37.865663,6125.807611200001,-142.596,78.676,219.066,0.6996135597205755
182.7833,128.216427,37.865659,6127.8183768,-142.416,78.688,219.22,0.6996135597205755
182.8,128.216424,37.865655,6129.828837600001,-142.235,78.701,219.376,0.6996135597205755
182.8166,128.216421,37.865651,6131.838079200001,-142.051,78.713,219.535,0.6996135597205755
182.8333,128.216417,37.865647,6133.847016,-141.865,78.724,219.695,0.6996135597205755
182.85,128.216414,37.865644,6135.8553432,-141.677,78.735,219.858,0.6996135597205755
182.8666,128.216411,37.86564,6137.862756,-141.488,78.746,220.023,0.6996135597205755
182.8833,128.216407,37.865636,6139.8695592,-141.296,78.756,220.189,0.6996135597205755
182.9,128.216404,37.865632,6141.8757528,-141.103,78.765,220.358,0.6996135597205755
182.9166,128.216401,37.865628,6143.8813368,-140.909,78.774,220.528,0.6996135597205755
182.9333,128.216397,37.865625,6145.886311200001,-140.713,78.783,220.7,0.6996135597205755
182.95,128.216394,37.865621,6147.8903712,-140.515,78.791,220.873,0.6996135597205755
182.9666,128.216391,37.865617,6149.8941264000005,-140.316,78.799,221.049,0.6996135597205755
182.9833,128.216387,37.865613,6151.8969672,-140.116,78.807,221.225,0.6996135597205755
183.0,128.216384,37.865609,6153.8991983999995,-139.915,78.814,221.404,0.6996135597205755
183.0166,128.216381,37.865605,6155.900820000001,-139.712,78.821,221.583,0.6996135597205755
183.0333,128.216377,37.865602,6157.901527200001,-139.509,78.827,221.764,0.6996135597205755
183.05,128.216374,37.865598,6159.9019296,-139.305,78.833,221.947,0.6996135597205755
183.0666,128.216371,37.865594,6161.9014176,-139.099,78.838,222.13,0.6996135597205755
183.0833,128.216367,37.86559,6163.900296000001,-138.893,78.843,222.315,0.6996135597205755
183.1,128.216364,37.865586,6165.898564800001,-138.686,78.848,222.5,0.6996135597205755
183.1166,128.216361,37.865583,6167.896224000001,-138.479,78.853,222.687,0.6996135597205755
183.1333,128.216357,37.865579,6169.893273600001,-138.271,78.857,222.875,0.6996135597205755
183.15,128.216354,37.865575,6171.889408800001,-138.063,78.861,223.063,0.6996135597205755
183.1666,128.216351,37.865571,6173.8849344,-137.854,78.864,223.252,0.6996135597205755
183.1833,128.216347,37.865567,6175.8801552,-137.645,78.867,223.442,0.6996135597205755
183.2,128.216344,37.865564,6177.874461599999,-137.435,78.87,223.633,0.6996135597205755
183.2166,128.216341,37.86556,6179.8681584000005,-137.226,78.873,223.824,0.6996135597205755
183.2333,128.216337,37.865556,6181.8609408,-137.016,78.875,224.016,0.6996135597205755
183.25,128.216334,37.865552,6183.8534184,-136.806,78.877,224.209,0.6996135597205755
183.2666,128.21633,37.865549,6185.8452864,-136.597,78.879,224.401,0.6996135597205755
183.2833,128.216327,37.865545,6187.8362400000005,-136.387,78.881,224.595,0.6996135597205755
183.3,128.216324,37.865541,6189.826584000001,-136.178,78.882,224.788,0.6996135597205755
183.3166,128.21632,37.865537,6191.8163184000005,-135.968,78.883,224.982,0.6996135597205755
183.3333,128.216317,37.865533,6193.8054432,-135.759,78.884,225.176,0.6996135597205755
183.35,128.216314,37.86553,6195.7939584000005,-135.551,78.885,225.37,0.6996135597205755
183.3666,128.21631,37.865526,6197.7818640000005,-135.342,78.885,225.564,0.6996135597205755
183.3833,128.216307,37.865522,6199.769160000001,-135.134,78.885,225.759,0.6996135597205755
183.4,128.216303,37.865518,6201.7555416000005,-134.927,78.885,225.953,0.6996135597205755
183.4166,128.2163,37.865515,6203.7416184,-134.72,78.885,226.147,0.6996135597205755
183.4333,128.216297,37.865511,6205.7267808,-134.514,78.885,226.341,0.6996135597205755
183.45,128.216293,37.865507,6207.711333600001,-134.308,78.885,226.535,0.6996135597205755
183.4666,128.21629,37.865503,6209.6952768,-134.104,78.884,226.729,0.6996135597205755
183.4833,128.216286,37.8655,6211.6786104,-133.899,78.883,226.922,0.6996135597205755
183.5,128.216283,37.865496,6213.6613344,-133.696,78.883,227.116,0.6996135597205755
183.5166,128.21628,37.865492,6215.6434488,-133.493,78.882,227.309,0.6996135597205755
183.5333,128.216276,37.865488,6217.6246488,-133.292,78.881,227.501,0.6996135597205755
183.55,128.216273,37.865485,6219.605544,-133.091,78.88,227.693,0.6996135597205755
183.5666,128.216269,37.865481,6221.585524800001,-132.891,78.878,227.885,0.6996135597205755
183.5833,128.216266,37.865477,6223.565200800001,-132.692,78.877,228.076,0.6996135597205755
183.6,128.216263,37.865474,6225.5439624,-132.494,78.876,228.267,0.6996135597205755
183.6166,128.216259,37.86547,6227.522114400001,-132.297,78.874,228.457,0.6996135597205755
183.6333,128.216256,37.865466,6229.499656800001,-132.101,78.873,228.647,0.6996135597205755
183.65,128.216252,37.865462,6231.4765896,-131.907,78.871,228.836,0.6996135597205755
183.6666,128.216249,37.865459,6233.4529128,-131.713,78.87,229.024,0.6996135597205755
183.6833,128.216245,37.865455,6235.4283216,-131.52,78.868,229.212,0.6996135597205755
183.7,128.216242,37.865451,6237.4034255999995,-131.329,78.867,229.399,0.6996135597205755
183.7166,128.216238,37.865448,6239.377615200001,-131.139,78.865,229.586,0.6996135597205755
183.7333,128.216235,37.865444,6241.351500000001,-130.95,78.864,229.771,0.6996135597205755
183.75,128.216232,37.86544,6243.324470400001,-130.762,78.862,229.956,0.6996135597205755
183.7666,128.216228,37.865437,6245.2968312,-130.575,78.861,230.14,0.6996135597205755
183.7833,128.216225,37.865433,6247.268887200001,-130.39,78.859,230.324,0.6996135597205755
183.8,128.216221,37.865429,6249.240028800001,-130.205,78.858,230.506,0.6996135597205755
183.8166,128.216218,37.865426,6251.210560800001,-130.023,78.856,230.688,0.6996135597205755
183.8333,128.216214,37.865422,6253.180483200001,-129.841,78.855,230.869,0.6996135597205755
183.85,128.216211,37.865418,6255.149491200001,-129.661,78.854,231.049,0.6996135597205755
183.8666,128.216207,37.865415,6257.1181944,-129.481,78.853,231.228,0.6996135597205755
183.8833,128.216204,37.865411,6259.086288,-129.304,78.851,231.406,0.6996135597205755
183.9,128.2162,37.865407,6261.0534672,-129.127,78.85,231.584,0.6996135597205755
183.9166,128.216197,37.865404,6263.0203416,-128.952,78.849,231.76,0.6996135597205755
183.9333,128.216193,37.8654,6264.986301600001,-128.778,78.848,231.936,0.6996135597205755
183.95,128.21619,37.865396,6266.9519568000005,-128.605,78.847,232.11,0.6996135597205755
183.9666,128.216186,37.865393,6268.916697600001,-128.434,78.847,232.284,0.6996135597205755
183.9833,128.216183,37.865389,6270.880828800001,-128.264,78.846,232.457,0.6996135597205755
184.0,128.216179,37.865385,6272.844350400001,-128.095,78.846,232.629,0.6996135597205755
184.0166,128.216176,37.865382,6274.8072624,-127.927,78.845,232.8,0.6996135597205755
184.0333,128.216172,37.865378,6276.769564800001,-127.761,78.845,232.97,0.6996135597205755
184.05,128.216169,37.865375,6278.7312576,-127.596,78.845,233.139,0.6996135597205755
184.0666,128.216165,37.865371,6280.6923408,-127.432,78.845,233.308,0.6996135597205755
184.0833,128.216162,37.865367,6282.6525096000005,-127.269,78.845,233.475,0.6996135597205755
184.1,128.216158,37.865364,6284.612373600001,-127.108,78.845,233.641,0.6996135597205755
184.1166,128.216154,37.86536,6286.571323200001,-126.948,78.846,233.807,0.6996135597205755
184.1333,128.216151,37.865357,6288.529968,-126.789,78.846,233.971,0.6996135597205755
184.15,128.216147,37.865353,6290.4876984,-126.631,78.847,234.135,0.6996135597205755
184.1666,128.216144,37.86535,6292.445124000001,-126.475,78.848,234.298,0.6996135597205755
184.1833,128.21614,37.865346,6294.4016352,-126.32,78.849,234.46,0.6996135597205755
184.2,128.216137,37.865342,6296.3575368,-126.166,78.85,234.621,0.6996135597205755
184.2166,128.216133,37.865339,6298.312828800001,-126.013,78.851,234.781,0.6996135597205755
184.2333,128.21613,37.865335,6300.267511200001,-125.861,78.853,234.94,0.6996135597205755
184.25,128.216126,37.865332,6302.221584000001,-125.71,78.854,235.098,0.6996135597205755
184.2666,128.216122,37.865328,6304.1750472,-125.56,78.856,235.255,0.6996135597205755
184.2833,128.216119,37.865325,6306.1279008,-125.412,78.858,235.412,0.6996135597205755
184.3,128.216115,37.865321,6308.0801448,-125.264,78.86,235.568,0.6996135597205755
184.3166,128.216112,37.865318,6310.0317792000005,-125.118,78.863,235.723,0.6996135597205755
184.3333,128.216108,37.865314,6311.9824992,-124.972,78.865,235.877,0.6996135597205755
184.35,128.216105,37.865311,6313.9329144,-124.828,78.868,236.03,0.6996135597205755
184.3666,128.216101,37.865307,6315.882415200001,-124.685,78.871,236.182,0.6996135597205755
184.3833,128.216097,37.865304,6317.831611200001,-124.542,78.874,236.334,0.6996135597205755
184.4,128.216094,37.8653,6319.779892800001,-124.401,78.877,236.485,0.6996135597205755
184.4166,128.21609,37.865297,6321.7278696,-124.26,78.88,236.635,0.6996135597205755
184.4333,128.216087,37.865293,6323.674932000001,-124.12,78.884,236.784,0.6996135597205755
184.45,128.216083,37.86529,6325.6213848,-123.981,78.887,236.932,0.6996135597205755
184.4666,128.216079,37.865286,6327.567228000001,-123.843,78.891,237.08,0.6996135597205755
184.4833,128.216076,37.865283,6329.512461599999,-123.706,78.895,237.227,0.6996135597205755
184.5,128.216072,37.865279,6331.4570856,-123.57,78.9,237.374,0.6996135597205755
184.5166,128.216068,37.865276,6333.4011,-123.435,78.904,237.519,0.6996135597205755
184.5333,128.216065,37.865272,6335.3445048,-123.3,78.909,237.664,0.6996135597205755
184.55,128.216061,37.865269,6337.2869952,-123.166,78.913,237.809,0.6996135597205755
184.5666,128.216057,37.865265,6339.2291808,-123.033,78.918,237.952,0.6996135597205755
184.5833,128.216054,37.865262,6341.170452000001,-122.9,78.923,238.095,0.6996135597205755
184.6,128.21605,37.865258,6343.111418400001,-122.769,78.928,238.238,0.6996135597205755
184.6166,128.216047,37.865255,6345.051470400001,-122.637,78.934,238.38,0.6996135597205755
184.6333,128.216043,37.865252,6346.9909128,-122.507,78.939,238.521,0.6996135597205755
184.65,128.216039,37.865248,6348.9297456,-122.377,78.945,238.661,0.6996135597205755
184.6666,128.216036,37.865245,6350.8679688,-122.248,78.951,238.801,0.6996135597205755
184.6833,128.216032,37.865241,6352.8055824,-122.119,78.957,238.941,0.6996135597205755
184.7,128.216028,37.865238,6354.742586400001,-121.991,78.963,239.08,0.6996135597205755
184.7166,128.216024,37.865235,6356.6789808,-121.863,78.969,239.218,0.6996135597205755
184.7333,128.216021,37.865231,6358.614765600001,-121.736,78.975,239.356,0.6996135597205755
184.75,128.216017,37.865228,6360.549636000001,-121.609,78.982,239.494,0.6996135597205755
184.7666,128.216013,37.865224,6362.484201600001,-121.483,78.988,239.631,0.6996135597205755
184.7833,128.21601,37.865221,6364.4178528,-121.357,78.995,239.768,0.6996135597205755
184.8,128.216006,37.865218,6366.3508944000005,-121.232,79.002,239.904,0.6996135597205755
184.8166,128.216002,37.865214,6368.2833264,-121.107,79.009,240.04,0.6996135597205755
184.8333,128.215999,37.865211,6370.2151488,-120.982,79.016,240.175,0.6996135597205755
184.85,128.215995,37.865208,6372.1463616,-120.858,79.023,240.31,0.6996135597205755
184.8666,128.215991,37.865204,6374.0769648000005,-120.733,79.03,240.445,0.6996135597205755
184.8833,128.215987,37.865201,6376.0066536,-120.61,79.037,240.58,0.6996135597205755
184.9,128.215984,37.865198,6377.9360376,-120.486,79.045,240.714,0.6996135597205755
184.9166,128.21598,37.865194,6379.8645072,-120.363,79.052,240.848,0.6996135597205755
184.9333,128.215976,37.865191,6381.7926720000005,-120.239,79.06,240.981,0.6996135597205755
184.95,128.215973,37.865188,6383.7199224000005,-120.116,79.067,241.115,0.6996135597205755
184.9666,128.215969,37.865185,6385.6465632,-119.993,79.075,241.248,0.6996135597205755
184.9833,128.215965,37.865181,6387.5725944,-119.87,79.083,241.381,0.6996135597205755
185.0,128.215961,37.865178,6389.498016,-119.748,79.091,241.514,0.6996135597205755
185.0166,128.215958,37.865175,6391.422523200001,-119.625,79.099,241.646,0.6996135597205755
185.0333,128.215954,37.865171,6393.3467256,-119.502,79.107,241.779,0.6996135597205755
185.05,128.21595,37.865168,6395.2700136,-119.38,79.114,241.911,0.6996135597205755
185.0666,128.215946,37.865165,6397.1929968,-119.257,79.122,242.043,0.6996135597205755
185.0833,128.215943,37.865162,6399.115065600001,-119.134,79.131,242.175,0.6996135597205755
185.1,128.215939,37.865158,6401.036524800001,-119.011,79.139,242.308,0.6996135597205755
185.1166,128.215935,37.865155,6402.957374400001,-118.889,79.147,242.44,0.6996135597205755
185.1333,128.215931,37.865152,6404.8773096,-118.766,79.155,242.572,0.6996135597205755
185.15,128.215927,37.865149,6406.79694,-118.643,79.163,242.704,0.6996135597205755
185.1666,128.215924,37.865145,6408.715656,-118.519,79.171,242.836,0.6996135597205755
185.1833,128.21592,37.865142,6410.6340672,-118.396,79.179,242.968,0.6996135597205755
185.2,128.215916,37.865139,6412.551564,-118.272,79.187,243.1,0.6996135597205755
185.2166,128.215912,37.865136,6414.4684512,-118.149,79.195,243.232,0.6996135597205755
185.2333,128.215909,37.865133,6416.384728800001,-118.025,79.203,243.364,0.6996135597205755
185.25,128.215905,37.86513,6418.300092,-117.9,79.211,243.497,0.6996135597205755
185.2666,128.215901,37.865126,6420.2151504,-117.776,79.219,243.629,0.6996135597205755
185.2833,128.215897,37.865123,6422.1292944,-117.651,79.227,243.762,0.6996135597205755
185.3,128.215893,37.86512,6424.043133600001,-117.526,79.235,243.894,0.6996135597205755
185.3166,128.215889,37.865117,6425.9560584,-117.4,79.243,244.027,0.6996135597205755
185.3333,128.215886,37.865114,6427.8683736,-117.274,79.251,244.16,0.6996135597205755
185.35,128.215882,37.865111,6429.779774400001,-117.148,79.259,244.293,0.6996135597205755
185.3666,128.215878,37.865107,6431.690870400001,-117.022,79.266,244.427,0.6996135597205755
185.3833,128.215874,37.865104,6433.601052000001,-116.895,79.274,244.561,0.6996135597205755
185.4,128.21587,37.865101,6435.5106240000005,-116.767,79.281,244.694,0.6996135597205755
185.4166,128.215867,37.865098,6437.4198912,-116.64,79.289,244.829,0.6996135597205755
185.4333,128.215863,37.865095,6439.3279391999995,-116.511,79.296,244.963,0.6996135597205755
185.45,128.215859,37.865092,6441.235682400001,-116.383,79.304,245.098,0.6996135597205755
185.4666,128.215855,37.865089,6443.142816,-116.253,79.311,245.233,0.6996135597205755
185.4833,128.215851,37.865086,6445.0490352,-116.124,79.318,245.368,0.6996135597205755
185.5,128.215847,37.865083,6446.9546448,-115.994,79.325,245.503,0.6996135597205755
185.5166,128.215843,37.86508,6448.8596448,-115.863,79.332,245.639,0.6996135597205755
185.5333,128.21584,37.865077,6450.7640352,-115.732,79.338,245.776,0.6996135597205755
185.55,128.215836,37.865073,6452.667816,-115.6,79.345,245.912,0.6996135597205755
185.5666,128.215832,37.86507,6454.570682400001,-115.468,79.352,246.049,0.6996135597205755
185.5833,128.215828,37.865067,6456.473244,-115.335,79.358,246.186,0.6996135597205755
185.6,128.215824,37.865064,6458.3748912,-115.201,79.364,246.324,0.6996135597205755
185.6166,128.21582,37.865061,6460.275624000001,-115.067,79.37,246.462,0.6996135597205755
185.6333,128.215816,37.865058,6462.176052000001,-114.933,79.376,246.6,0.6996135597205755
185.65,128.215812,37.865055,6464.075870400001,-114.798,79.382,246.739,0.6996135597205755
185.6666,128.215809,37.865052,6465.974774400001,-114.662,79.387,246.878,0.6996135597205755
185.6833,128.215805,37.865049,6467.8730688000005,-114.526,79.393,247.018,0.6996135597205755
185.7,128.215801,37.865046,6469.7707536,-114.389,79.398,247.158,0.6996135597205755
185.7166,128.215797,37.865043,6471.6678288,-114.251,79.403,247.298,0.6996135597205755
185.7333,128.215793,37.86504,6473.5639896,-114.113,79.408,247.439,0.6996135597205755
185.75,128.215789,37.865037,6475.4595408000005,-113.974,79.413,247.58,0.6996135597205755
185.7666,128.215785,37.865034,6477.3544824,-113.835,79.418,247.722,0.6996135597205755
185.7833,128.215781,37.865032,6479.248814400001,-113.695,79.422,247.864,0.6996135597205755
185.8,128.215777,37.865029,6481.1425368,-113.554,79.426,248.007,0.6996135597205755
185.8166,128.215773,37.865026,6483.0353448000005,-113.413,79.43,248.15,0.6996135597205755
185.8333,128.215769,37.865023,6484.9275431999995,-113.271,79.434,248.293,0.6996135597205755
185.85,128.215765,37.86502,6486.8191320000005,-113.128,79.437,248.437,0.6996135597205755
185.8666,128.215762,37.865017,6488.710111200001,-112.985,79.441,248.582,0.6996135597205755
185.8833,128.215758,37.865014,6490.6004808,-112.841,79.444,248.726,0.6996135597205755
185.9,128.215754,37.865011,6492.489936,-112.697,79.447,248.872,0.6996135597205755
185.9166,128.21575,37.865008,6494.3787816,-112.551,79.45,249.017,0.6996135597205755
185.9333,128.215746,37.865005,6496.2670176,-112.406,79.452,249.164,0.6996135597205755
185.95,128.215742,37.865002,6498.1543392,-112.259,79.454,249.31,0.6996135597205755
185.9666,128.215738,37.865,6500.041356000001,-112.112,79.456,249.457,0.6996135597205755
185.9833,128.215734,37.864997,6501.9274584,-111.965,79.458,249.605,0.6996135597205755
186.0,128.21573,37.864994,6503.8129512000005,-111.816,79.46,249.753,0.6996135597205755
186.0166,128.215726,37.864991,6505.6975296,-111.668,79.461,249.901,0.6996135597205755
186.0333,128.215722,37.864988,6507.5818032,-111.518,79.462,250.05,0.6996135597205755
186.05,128.215718,37.864985,6509.4651624,-111.368,79.463,250.199,0.6996135597205755
186.0666,128.215714,37.864983,6511.347912,-111.217,79.464,250.349,0.6996135597205755
186.0833,128.21571,37.86498,6513.229747200001,-111.066,79.464,250.499,0.6996135597205755
186.1,128.215706,37.864977,6515.1112776,-110.914,79.464,250.649,0.6996135597205755
186.1166,128.215702,37.864974,6516.9918935999995,-110.762,79.464,250.8,0.6996135597205755
186.1333,128.215698,37.864971,6518.8719,-110.609,79.463,250.952,0.6996135597205755
186.15,128.215694,37.864969,6520.750992,-110.456,79.463,251.103,0.6996135597205755
186.1666,128.21569,37.864966,6522.6297792000005,-110.302,79.462,251.255,0.6996135597205755
186.1833,128.215686,37.864963,6524.507652000001,-110.147,79.461,251.408,0.6996135597205755
186.2,128.215682,37.86496,6526.384915200001,-109.992,79.459,251.561,0.6996135597205755
186.2166,128.215678,37.864958,6528.261264000001,-109.836,79.457,251.714,0.6996135597205755
186.2333,128.215674,37.864955,6530.1370032,-109.68,79.455,251.868,0.6996135597205755
186.25,128.21567,37.864952,6532.0121328000005,-109.524,79.453,252.022,0.6996135597205755
186.2666,128.215666,37.864949,6533.8866528,-109.367,79.451,252.176,0.6996135597205755
186.2833,128.215662,37.864947,6535.760258400001,-109.209,79.448,252.331,0.6996135597205755
186.3,128.215658,37.864944,6537.6335592000005,-109.051,79.445,252.485,0.6996135597205755
186.3166,128.215654,37.864941,6539.5056408,-108.893,79.442,252.641,0.6996135597205755
186.3333,128.21565,37.864939,6541.377417600001,-108.734,79.438,252.796,0.6996135597205755
186.35,128.215646,37.864936,6543.24828,-108.575,79.434,252.952,0.6996135597205755
186.3666,128.215642,37.864933,6545.1185328,-108.415,79.43,253.108,0.6996135597205755
186.3833,128.215638,37.86493,6546.988176,-108.255,79.426,253.265,0.6996135597205755
186.4,128.215634,37.864928,6548.8569048,-108.095,79.421,253.421,0.6996135597205755
186.4166,128.21563,37.864925,6550.725024,-107.934,79.416,253.578,0.6996135597205755
186.4333,128.215626,37.864923,6552.592533600001,-107.773,79.411,253.736,0.6996135597205755
186.45,128.215622,37.86492,6554.459433600001,-107.611,79.405,253.893,0.6996135597205755
186.4666,128.215618,37.864917,6556.3254192,-107.45,79.399,254.051,0.6996135597205755
186.4833,128.215614,37.864915,6558.1907952,-107.288,79.393,254.208,0.6996135597205755
186.5,128.21561,37.864912,6560.055256800001,-107.125,79.387,254.366,0.6996135597205755
186.5166,128.215605,37.864909,6561.919413600001,-106.963,79.38,254.525,0.6996135597205755
186.5333,128.215601,37.864907,6563.782656,-106.8,79.374,254.683,0.6996135597205755
186.55,128.215597,37.864904,6565.6449840000005,-106.637,79.366,254.841,0.6996135597205755
186.5666,128.215593,37.864902,6567.5070072,-106.474,79.359,255.0,0.6996135597205755
186.5833,128.215589,37.864899,6569.368116,-106.31,79.351,255.159,0.6996135597205755
186.6,128.215585,37.864896,6571.228310400001,-106.147,79.343,255.318,0.6996135597205755
186.6166,128.215581,37.864894,6573.0878952,-105.983,79.335,255.477,0.6996135597205755
186.6333,128.215577,37.864891,6574.946870400001,-105.819,79.327,255.636,0.6996135597205755
186.65,128.215573,37.864889,6576.805236,-105.655,79.318,255.795,0.6996135597205755
186.6666,128.215569,37.864886,6578.662687200001,-105.491,79.309,255.954,0.6996135597205755
186.6833,128.215565,37.864884,6580.5195288,-105.326,79.3,256.114,0.6996135597205755
186.7,128.21556,37.864881,6582.3757608000005,-105.162,79.29,256.273,0.6996135597205755
186.7166,128.215556,37.864879,6584.231078400001,-104.997,79.281,256.432,0.6996135597205755
186.7333,128.215552,37.864876,6586.0857864,-104.833,79.27,256.592,0.6996135597205755
186.75,128.215548,37.864874,6587.9398848,-104.668,79.26,256.751,0.6996135597205755
186.7666,128.215544,37.864871,6589.793068800001,-104.504,79.25,256.91,0.6996135597205755
186.7833,128.21554,37.864869,6591.6456431999995,-104.339,79.239,257.07,0.6996135597205755
186.8,128.215536,37.864866,6593.497608,-104.174,79.228,257.229,0.6996135597205755
186.8166,128.215532,37.864864,6595.3486584,-104.01,79.217,257.388,0.6996135597205755
186.8333,128.215527,37.864861,6597.1990992,-103.845,79.205,257.547,0.6996135597205755
186.85,128.215523,37.864859,6599.0486256,-103.681,79.193,257.707,0.6996135597205755
186.8666,128.215519,37.864856,6600.897542400001,-103.516,79.181,257.866,0.6996135597205755
186.8833,128.215515,37.864854,6602.7458496,-103.352,79.169,258.025,0.6996135597205755
186.9,128.215511,37.864852,6604.593242400001,-103.188,79.157,258.183,0.6996135597205755
186.9166,128.215507,37.864849,6606.4400256,-103.024,79.144,258.342,0.6996135597205755
186.9333,128.215503,37.864847,6608.2861992,-102.86,79.131,258.501,0.6996135597205755
186.95,128.215498,37.864844,6610.1314584,-102.696,79.118,258.659,0.6996135597205755
186.9666,128.215494,37.864842,6611.976108,-102.532,79.105,258.818,0.6996135597205755
186.9833,128.21549,37.86484,6613.820148,-102.369,79.091,258.976,0.6996135597205755
187.0,128.215486,37.864837,6615.6632736,-102.205,79.077,259.134,0.6996135597205755
187.0166,128.215482,37.864835,6617.5054848,-102.042,79.063,259.291,0.6996135597205755
187.0333,128.215478,37.864832,6619.347391200001,-101.879,79.049,259.449,0.6996135597205755
187.05,128.215473,37.86483,6621.1883832,-101.717,79.035,259.606,0.6996135597205755
187.0666,128.215469,37.864828,6623.028460800001,-101.554,79.02,259.764,0.6996135597205755
187.0833,128.215465,37.864825,6624.8679288,-101.392,79.005,259.92,0.6996135597205755
187.1,128.215461,37.864823,6626.706787200001,-101.23,78.99,260.077,0.6996135597205755
187.1166,128.215457,37.864821,6628.544731200001,-101.068,78.975,260.234,0.6996135597205755
187.1333,128.215452,37.864819,6630.382065600001,-100.907,78.96,260.39,0.6996135597205755
187.15,128.215448,37.864816,6632.2187904,-100.746,78.944,260.546,0.6996135597205755
187.1666,128.215444,37.864814,6634.0546008,-100.585,78.928,260.702,0.6996135597205755
187.1833,128.21544,37.864812,6635.8894968,-100.425,78.912,260.857,0.6996135597205755
187.2,128.215436,37.864809,6637.724088000001,-100.265,78.896,261.012,0.6996135597205755
187.2166,128.215431,37.864807,6639.557460000001,-100.105,78.88,261.167,0.6996135597205755
187.2333,128.215427,37.864805,6641.3905272,-99.945,78.864,261.322,0.6996135597205755
187.25,128.215423,37.864803,6643.22268,-99.786,78.847,261.476,0.6996135597205755
187.2666,128.215419,37.8648,6645.053918400001,-99.628,78.83,261.63,0.6996135597205755
187.2833,128.215414,37.864798,6646.884852000001,-99.469,78.813,261.783,0.6996135597205755
187.3,128.21541,37.864796,6648.7145664,-99.311,78.796,261.937,0.6996135597205755
187.3166,128.215406,37.864794,6650.5436712,-99.154,78.779,262.09,0.6996135597205755
187.3333,128.215402,37.864791,6652.3721663999995,-98.997,78.762,262.242,0.6996135597205755
187.35,128.215397,37.864789,6654.200052000001,-98.84,78.744,262.394,0.6996135597205755
187.3666,128.215393,37.864787,6656.0270232,-98.684,78.726,262.546,0.6996135597205755
187.3833,128.215389,37.864785,6657.85308,-98.528,78.709,262.698,0.6996135597205755
187.4,128.215385,37.864783,6659.678527200001,-98.372,78.691,262.849,0.6996135597205755
187.4166,128.21538,37.86478,6661.503364800001,-98.217,78.673,263.0,0.6996135597205755
187.4333,128.215376,37.864778,6663.327288,-98.063,78.654,263.151,0.6996135597205755
187.45,128.215372,37.864776,6665.1502968,-97.909,78.636,263.301,0.6996135597205755
187.4666,128.215367,37.864774,6666.973000800001,-97.755,78.618,263.45,0.6996135597205755
187.4833,128.215363,37.864772,6668.7944856,-97.602,78.599,263.6,0.6996135597205755
187.5,128.215359,37.86477,6670.615665600001,-97.449,78.58,263.749,0.6996135597205755
187.5166,128.215355,37.864768,6672.4356264,-97.297,78.562,263.897,0.6996135597205755
187.5333,128.21535,37.864765,6674.2552824,-97.145,78.543,264.046,0.6996135597205755
187.55,128.215346,37.864763,6676.0740240000005,-96.994,78.524,264.193,0.6996135597205755
187.5666,128.215342,37.864761,6677.891851200001,-96.843,78.505,264.341,0.6996135597205755
187.5833,128.215337,37.864759,6679.709068800001,-96.693,78.486,264.488,0.6996135597205755
187.6,128.215333,37.864757,6681.525372,-96.543,78.466,264.634,0.6996135597205755
187.6166,128.215329,37.864755,6683.341065600001,-96.393,78.447,264.781,0.6996135597205755
187.6333,128.215324,37.864753,6685.1561496,-96.245,78.428,264.927,0.6996135597205755
187.65,128.21532,37.864751,6686.970319200001,-96.096,78.408,265.072,0.6996135597205755
187.6666,128.215316,37.864749,6688.7835744,-95.948,78.389,265.217,0.6996135597205755
187.6833,128.215311,37.864747,6690.59622,-95.801,78.369,265.362,0.6996135597205755
187.7,128.215307,37.864745,6692.408256000001,-95.654,78.349,265.506,0.6996135597205755
187.7166,128.215303,37.864743,6694.2193776,-95.508,78.33,265.65,0.6996135597205755
187.7333,128.215298,37.864741,6696.0295848,-95.356,78.311,265.784,0.6996135597205755
187.75,128.215294,37.864739,6697.839487200001,-95.207,78.292,265.902,0.6996135597205755
187.7666,128.21529,37.864737,6699.6484752,-95.07,78.274,265.993,0.6996135597205755
187.7833,128.215285,37.864735,6701.4568536,-94.951,78.256,266.052,0.6996135597205755
187.8,128.215281,37.864733,6703.2646224,-94.854,78.238,266.073,0.6996135597205755
187.8166,128.215276,37.864731,6705.071781600001,-94.779,78.221,266.059,0.6996135597205755
187.8333,128.215272,37.864729,6706.8783312000005,-94.724,78.204,266.011,0.6996135597205755
187.85,128.215268,37.864727,6708.684576,-94.687,78.187,265.93,0.6996135597205755
187.8666,128.215263,37.864725,6710.490211200001,-94.666,78.17,265.82,0.6996135597205755
187.8833,128.215259,37.864723,6712.295236800001,-94.662,78.154,265.679,0.6996135597205755
187.9,128.215254,37.864721,6714.0999576,-94.672,78.138,265.511,0.6996135597205755
187.9166,128.21525,37.864719,6715.9040688000005,-94.695,78.122,265.316,0.6996135597205755
187.9333,128.215246,37.864718,6717.7078752,-94.73,78.106,265.096,0.6996135597205755
187.95,128.215241,37.864716,6719.511072,-94.777,78.09,264.85,0.6996135597205755
187.9666,128.215237,37.864714,6721.3136592,-94.834,78.075,264.582,0.6996135597205755
187.9833,128.215232,37.864712,6723.115941600001,-94.901,78.059,264.29,0.6996135597205755
188.0,128.215228,37.86471,6724.9176144,-94.976,78.044,263.978,0.6996135597205755
188.0166,128.215223,37.864709,6726.718982400001,-95.059,78.029,263.644,0.6996135597205755
188.0333,128.215219,37.864707,6728.5197408,-95.15,78.013,263.291,0.6996135597205755
188.05,128.215215,37.864705,6730.3198896,-95.246,77.997,262.918,0.6996135597205755
188.0666,128.21521,37.864703,6732.1197336000005,-95.35,77.981,262.527,0.6996135597205755
188.0833,128.215206,37.864702,6733.919272800001,-95.459,77.965,262.117,0.6996135597205755
188.1,128.215201,37.8647,6735.7178976000005,-95.574,77.948,261.69,0.6996135597205755
188.1166,128.215197,37.864698,6737.5162176,-95.694,77.931,261.245,0.6996135597205755
188.1333,128.215192,37.864696,6739.3142328,-95.819,77.914,260.783,0.6996135597205755
188.15,128.215188,37.864695,6741.111638400001,-95.949,77.895,260.305,0.6996135597205755
188.1666,128.215183,37.864693,6742.9084344,-96.083,77.877,259.812,0.6996135597205755
188.1833,128.215179,37.864691,6744.7049256,-96.221,77.857,259.303,0.6996135597205755
188.2,128.215174,37.86469,6746.5005024,-96.362,77.837,258.779,0.6996135597205755
188.2166,128.21517,37.864688,6748.296079200001,-96.507,77.816,258.24,0.6996135597205755
188.2333,128.215165,37.864686,6750.090741600001,-96.655,77.794,257.688,0.6996135597205755
188.25,128.215161,37.864685,6751.8850992,-96.806,77.771,257.122,0.6996135597205755
188.2666,128.215156,37.864683,6753.678847200001,-96.959,77.747,256.542,0.6996135597205755
188.2833,128.215152,37.864681,6755.4719856,-97.114,77.722,255.951,0.6996135597205755
188.3,128.215147,37.86468,6757.264819200001,-97.272,77.695,255.346,0.6996135597205755
188.3166,128.215142,37.864678,6759.0570431999995,-97.43,77.668,254.73,0.6996135597205755
188.3333,128.215138,37.864677,6760.8486576,-97.59,77.639,254.103,0.6996135597205755
188.35,128.215133,37.864675,6762.6396624,-97.751,77.609,253.465,0.6996135597205755
188.3666,128.215129,37.864673,6764.4303624,-97.913,77.577,252.816,0.6996135597205755
188.3833,128.215124,37.864672,6766.2204528,-98.075,77.544,252.157,0.6996135597205755
188.4,128.21512,37.86467,6768.009933600001,-98.238,77.51,251.488,0.6996135597205755
188.4166,128.215115,37.864669,6769.798804800001,-98.4,77.474,250.81,0.6996135597205755
188.4333,128.21511,37.864667,6771.5870663999995,-98.562,77.436,250.123,0.6996135597205755
188.45,128.215106,37.864665,6773.3750232,-98.723,77.396,249.428,0.6996135597205755
188.4666,128.215101,37.864664,6775.162370400001,-98.884,77.355,248.724,0.6996135597205755
188.4833,128.215097,37.864662,6776.949108,-99.043,77.312,248.013,0.6996135597205755
188.5,128.215092,37.864661,6778.735236,-99.201,77.268,247.295,0.6996135597205755
188.5166,128.215087,37.864659,6780.5207544,-99.357,77.221,246.57,0.6996135597205755
188.5333,128.215083,37.864658,6782.305968000001,-99.512,77.173,245.839,0.6996135597205755
188.55,128.215078,37.864656,6784.0902672,-99.664,77.123,245.101,0.6996135597205755
188.5666,128.215073,37.864654,6785.8742616,-99.814,77.071,244.358,0.6996135597205755
188.5833,128.215069,37.864653,6787.657646400001,-99.961,77.017,243.61,0.6996135597205755
188.6,128.215064,37.864651,6789.4404216,-100.104,76.961,242.859,0.6996135597205755
188.6166,128.215059,37.86465,6791.222587200001,-100.241,76.904,242.105,0.6996135597205755
188.6333,128.215055,37.864648,6793.0041432,-100.373,76.845,241.349,0.6996135597205755
188.65,128.21505,37.864647,6794.7853944,-100.498,76.784,240.593,0.6996135597205755
188.6666,128.215045,37.864645,6796.5657312,-100.615,76.721,239.837,0.6996135597205755
188.6833,128.215041,37.864643,6798.3454584,-100.724,76.656,239.083,0.6996135597205755
188.7,128.215036,37.864642,6800.1248808,-100.823,76.591,238.33,0.6996135597205755
188.7166,128.215031,37.86464,6801.903388799999,-100.913,76.523,237.58,0.6996135597205755
188.7333,128.215027,37.864639,6803.681287200001,-100.992,76.454,236.834,0.6996135597205755
188.75,128.215022,37.864637,6805.4588808,-101.061,76.384,236.092,0.6996135597205755
188.7666,128.215017,37.864636,6807.235560000001,-101.118,76.313,235.354,0.6996135597205755
188.7833,128.215013,37.864634,6809.0116296,-101.164,76.24,234.622,0.6996135597205755
188.8,128.215008,37.864632,6810.7873944,-101.198,76.167,233.895,0.6996135597205755
188.8166,128.215003,37.864631,6812.5622448,-101.219,76.092,233.174,0.6996135597205755
188.8333,128.214998,37.864629,6814.3364856,-101.228,76.016,232.46,0.6996135597205755
188.85,128.214994,37.864628,6816.1104216,-101.224,75.94,231.753,0.6996135597205755
188.8666,128.214989,37.864626,6817.883443199999,-101.208,75.863,231.053,0.6996135597205755
188.8833,128.214984,37.864624,6819.655855200001,-101.178,75.786,230.361,0.6996135597205755
188.9,128.214979,37.864623,6821.4276576,-101.136,75.708,229.676,0.6996135597205755
188.9166,128.214975,37.864621,6823.1988504,-101.08,75.629,228.999,0.6996135597205755
188.9333,128.21497,37.86462,6824.9691288,-101.027,75.55,228.338,0.6996135597205755
188.95,128.214965,37.864618,6826.7391024,-100.971,75.469,227.7,0.6996135597205755
188.9666,128.21496,37.864616,6828.5081616,-100.905,75.389,227.091,0.6996135597205755
188.9833,128.214956,37.864615,6830.276611200001,-100.822,75.308,226.52,0.6996135597205755
189.0,128.214951,37.864613,6832.0441464000005,-100.716,75.229,225.991,0.6996135597205755
189.0166,128.214946,37.864611,6833.810767200001,-100.588,75.15,225.503,0.6996135597205755
189.0333,128.214941,37.86461,6835.576778400001,-100.439,75.073,225.054,0.6996135597205755
189.05,128.214937,37.864608,6837.3418752,-100.272,74.996,224.641,0.6996135597205755
189.0666,128.214932,37.864606,6839.1060576,-100.088,74.921,224.264,0.6996135597205755
189.0833,128.214927,37.864605,6840.8693256,-99.888,74.847,223.92,0.6996135597205755
189.1,128.214923,37.864603,6842.631984000001,-99.675,74.774,223.607,0.6996135597205755
189.1166,128.214918,37.864601,6844.3934232,-99.449,74.703,223.323,0.6996135597205755
189.1333,128.214913,37.864599,6846.153948,-99.212,74.633,223.068,0.6996135597205755
189.15,128.214908,37.864597,6847.9138632,-98.964,74.564,222.838,0.6996135597205755
189.1666,128.214904,37.864596,6849.6725592,-98.708,74.497,222.634,0.6996135597205755
189.1833,128.214899,37.864594,6851.4306456,-98.444,74.431,222.454,0.6996135597205755
189.2,128.214894,37.864592,6853.1875128,-98.173,74.366,222.295,0.6996135597205755
189.2166,128.21489,37.86459,6854.943770400001,-97.896,74.303,222.158,0.6996135597205755
189.2333,128.214885,37.864588,6856.6988088,-97.614,74.241,222.04,0.6996135597205755
189.25,128.21488,37.864586,6858.453237600001,-97.328,74.18,221.942,0.6996135597205755
189.2666,128.214876,37.864585,6860.206447200001,-97.039,74.121,221.861,0.6996135597205755
189.2833,128.214871,37.864583,6861.959047200001,-96.747,74.063,221.796,0.6996135597205755
189.3,128.214867,37.864581,6863.7107328,-96.453,74.006,221.748,0.6996135597205755
189.3166,128.214862,37.864579,6865.461504,-96.157,73.951,221.714,0.6996135597205755
189.3333,128.214857,37.864577,6867.211360800001,-95.861,73.896,221.694,0.6996135597205755
189.35,128.214853,37.864575,6868.960608,-95.564,73.844,221.687,0.6996135597205755
189.3666,128.214848,37.864573,6870.708636,-95.268,73.792,221.693,0.6996135597205755
189.3833,128.214843,37.864571,6872.455749600001,-94.973,73.742,221.71,0.6982237431065463
189.4,128.214839,37.864569,6874.2022536,-94.678,73.693,221.739,0.696833962559707
189.4166,128.214834,37.864567,6875.9478432,-94.385,73.646,221.778,0.6954442182278667
189.4333,128.21483,37.864565,6877.6925184,-94.094,73.599,221.826,0.6940545107286283
189.45,128.214825,37.864563,6879.436279200001,-93.805,73.554,221.884,0.6926648421400244
189.4666,128.21482,37.864561,6881.1794304,-93.519,73.51,221.951,0.6912752106058418
189.4833,128.214816,37.864559,6882.9213624,-93.235,73.468,222.025,0.6898856149606636
189.5,128.214811,37.864557,6884.6626848,-92.954,73.427,222.107,0.6884960589180784
189.5166,128.214807,37.864555,6886.403092800001,-92.676,73.386,222.197,0.687106540146794
189.5333,128.214802,37.864553,6888.1425864,-92.391,73.348,222.287,0.6857170615959258
189.55,128.214798,37.86455,6889.881470400001,-92.105,73.312,222.372,0.6843276227170932
189.5666,128.214793,37.864548,6891.61944,-91.823,73.278,222.445,0.6829382523388262
189.5833,128.214788,37.864546,6893.356495200001,-91.551,73.246,222.501,0.6815489228651933
189.6,128.214784,37.864544,6895.092636,-91.295,73.216,222.534,0.6815489228651933
189.6166,128.214779,37.864542,6896.8281672,-91.055,73.188,222.545,0.6815489228651933
189.6333,128.214775,37.86454,6898.562784000001,-90.829,73.162,222.533,0.6815489228651933
189.65,128.21477,37.864538,6900.2967912,-90.618,73.137,222.5,0.6815489228651933
189.6666,128.214766,37.864535,6902.0298840000005,-90.421,73.115,222.448,0.6815489228651933
189.6833,128.214761,37.864533,6903.7623672,-90.236,73.095,222.375,0.6815489228651933
189.7,128.214756,37.864531,6905.494240800001,-90.063,73.077,222.285,0.6815489228651933
189.7166,128.214752,37.864529,6907.225200000001,-89.901,73.061,222.176,0.6815489228651933
189.7333,128.214747,37.864527,6908.9555496,-89.75,73.048,222.051,0.6815489228651933
189.75,128.214743,37.864525,6910.6849848,-89.609,73.036,221.909,0.6815489228651933
189.7666,128.214738,37.864522,6912.414115200001,-89.478,73.026,221.752,0.6815489228651933
189.7833,128.214733,37.86452,6914.1420264,-89.356,73.019,221.58,0.6815489228651933
189.8,128.214729,37.864518,6915.8696328000005,-89.242,73.013,221.394,0.6815489228651933
189.8166,128.214724,37.864516,6917.596324800001,-89.135,73.009,221.194,0.6815489228651933
189.8333,128.21472,37.864514,6919.3221023999995,-89.037,73.008,220.98,0.6815489228651933
189.85,128.214715,37.864511,6921.0475752,-88.945,73.008,220.755,0.6815489228651933
189.8666,128.21471,37.864509,6922.7721336,-88.859,73.01,220.517,0.6815489228651933
189.8833,128.214706,37.864507,6924.4957776,-88.78,73.015,220.268,0.6815489228651933
189.9,128.214701,37.864505,6926.2191168,-88.706,73.021,220.008,0.6815489228651933
189.9166,128.214696,37.864502,6927.9412368,-88.637,73.028,219.737,0.6815489228651933
189.9333,128.214692,37.8645,6929.663052000001,-88.574,73.038,219.457,0.6815489228651933
189.95,128.214687,37.864498,6931.3839528,-88.514,73.05,219.167,0.6815489228651933
189.9666,128.214683,37.864495,6933.104244,-88.459,73.063,218.867,0.6815489228651933
189.9833,128.214678,37.864493,6934.8239256,-88.407,73.078,218.559,0.6815489228651933
190.0,128.214673,37.864491,6936.542692800001,-88.359,73.094,218.243,0.6815489228651933
190.0166,128.214669,37.864489,6938.260850400001,-88.313,73.112,217.919,0.6815489228651933
190.0333,128.214664,37.864486,6939.9783984,-88.271,73.132,217.587,0.6815489228651933
190.05,128.214659,37.864484,6941.6953368,-88.231,73.153,217.248,0.6815489228651933
190.0666,128.214655,37.864482,6943.411360800001,-88.193,73.176,216.902,0.6815489228651933
190.0833,128.21465,37.864479,6945.126775199999,-88.157,73.2,216.549,0.6815489228651933
190.1,128.214645,37.864477,6946.8412751999995,-88.123,73.226,216.19,0.6815489228651933
190.1166,128.214641,37.864475,6948.555165600001,-88.09,73.253,215.826,0.6815489228651933
190.1333,128.214636,37.864472,6950.2684464,-88.058,73.281,215.456,0.6815489228651933
190.15,128.214631,37.86447,6951.9811176,-88.027,73.311,215.081,0.6815489228651933
190.1666,128.214627,37.864468,6953.692874400001,-87.997,73.342,214.7,0.6815489228651933
190.1833,128.214622,37.864465,6955.4040216,-87.967,73.374,214.315,0.6815489228651933
190.2,128.214617,37.864463,6957.1145592,-87.938,73.408,213.926,0.6815489228651933
190.2166,128.214613,37.86446,6958.824182400001,-87.909,73.443,213.533,0.6815489228651933
190.2333,128.214608,37.864458,6960.533196,-87.879,73.479,213.135,0.6815489228651933
190.25,128.214603,37.864456,6962.2416,-87.849,73.516,212.734,0.6815489228651933
190.2666,128.214599,37.864453,6963.9493944000005,-87.818,73.554,212.33,0.6815489228651933
190.2833,128.214594,37.864451,6965.656274400001,-87.787,73.593,211.922,0.6815489228651933
190.3,128.214589,37.864448,6967.3625448,-87.755,73.633,211.512,0.6815489228651933
190.3166,128.214585,37.864446,6969.0682056000005,-87.722,73.675,211.098,0.6815489228651933
190.3333,128.21458,37.864443,6970.772952000001,-87.687,73.717,210.683,0.6815489228651933
190.35,128.214576,37.864441,6972.4770888,-87.651,73.76,210.265,0.6815489228651933
190.3666,128.214571,37.864439,6974.180616,-87.614,73.805,209.845,0.6815489228651933
190.3833,128.214566,37.864436,6975.883533600001,-87.575,73.85,209.423,0.6815489228651933
190.4,128.214562,37.864434,6977.5855368,-87.534,73.896,208.999,0.6815489228651933
190.4166,128.214557,37.864431,6979.2869304,-87.491,73.943,208.574,0.6815489228651933
190.4333,128.214552,37.864429,6980.9877144,-87.446,73.991,208.147,0.6815489228651933
190.45,128.214548,37.864426,6982.6878888,-87.398,74.039,207.72,0.6815489228651933
190.4666,128.214543,37.864424,6984.3871488,-87.349,74.089,207.291,0.6815489228651933
190.4833,128.214538,37.864421,6986.086104,-87.296,74.139,206.861,0.6815489228651933
190.5,128.214534,37.864419,6987.7841448,-87.242,74.19,206.431,0.6815489228651933
190.5166,128.214529,37.864416,6989.4812712,-87.184,74.242,206.001,0.6815489228651933
190.5333,128.214525,37.864413,6991.178092800001,-87.124,74.295,205.569,0.6815489228651933
190.55,128.21452,37.864411,6992.874000000001,-87.061,74.349,205.138,0.6815489228651933
190.5666,128.214515,37.864408,6994.569297600001,-86.995,74.403,204.707,0.6815489228651933
190.5833,128.214511,37.864406,6996.2639856000005,-86.925,74.458,204.275,0.6815489228651933
190.6,128.214506,37.864403,6997.9577592000005,-86.853,74.514,203.844,0.6815489228651933
190.6166,128.214502,37.864401,6999.651228000001,-86.777,74.57,203.413,0.6815489228651933
190.6333,128.214497,37.864398,7001.3437824,-86.698,74.627,202.983,0.6815489228651933
190.65,128.214492,37.864395,7003.0357272,-86.616,74.685,202.553,0.6815489228651933
190.6666,128.214488,37.864393,7004.7270624,-86.53,74.744,202.124,0.6815489228651933
190.6833,128.214483,37.86439,7006.417788000001,-86.44,74.803,201.695,0.6815489228651933
190.7,128.214479,37.864388,7008.107599200001,-86.347,74.863,201.268,0.6815489228651933
190.7166,128.214474,37.864385,7009.796800800001,-86.251,74.924,200.841,0.6815489228651933
190.7333,128.21447,37.864382,7011.485697600001,-86.15,74.985,200.416,0.6815489228651933
190.75,128.214465,37.86438,7013.17368,-86.046,75.047,199.992,0.6815489228651933
190.7666,128.214461,37.864377,7014.860748,-85.939,75.11,199.569,0.6815489228651933
190.7833,128.214456,37.864374,7016.547511200001,-85.827,75.173,199.147,0.6815489228651933
190.8,128.214452,37.864372,7018.233664800001,-85.711,75.237,198.727,0.6815489228651933
190.8166,128.214447,37.864369,7019.918904,-85.592,75.302,198.308,0.6815489228651933
190.8333,128.214443,37.864366,7021.6035336,-85.468,75.367,197.891,0.6815489228651933
190.85,128.214438,37.864364,7023.2878584,-85.341,75.433,197.476,0.6815489228651933
190.8666,128.214434,37.864361,7024.971268800001,-85.21,75.5,197.063,0.6815489228651933
190.8833,128.214429,37.864358,7026.6537648,-85.074,75.567,196.651,0.6815489228651933
190.9,128.214425,37.864356,7028.335956000001,-84.935,75.635,196.241,0.6815489228651933
190.9166,128.21442,37.864353,7030.017537600001,-84.791,75.703,195.834,0.6815489228651933
190.9333,128.214416,37.86435,7031.698509600001,-84.644,75.773,195.428,0.6815489228651933
190.95,128.214411,37.864347,7033.3785672,-84.492,75.843,195.025,0.6815489228651933
190.9666,128.214407,37.864345,7035.058320000001,-84.337,75.913,194.624,0.6815489228651933
190.9833,128.214402,37.864342,7036.7371584,-84.177,75.985,194.225,0.6815489228651933
191.0,128.214398,37.864339,7038.415387200001,-84.014,76.057,193.828,0.6815489228651933
191.0166,128.214394,37.864336,7040.093311200001,-83.846,76.129,193.434,0.6815489228651933
191.0333,128.214389,37.864334,7041.7703208,-83.674,76.203,193.042,0.6815489228651933
191.05,128.214385,37.864331,7043.4467208,-83.498,76.277,192.652,0.6815489228651933
191.0666,128.21438,37.864328,7045.122511200001,-83.318,76.352,192.266,0.6815489228651933
191.0833,128.214376,37.864325,7046.797692000001,-83.134,76.427,191.881,0.6815489228651933
191.1,128.214372,37.864322,7048.4722632,-82.946,76.503,191.5,0.6815489228651933
191.1166,128.214367,37.86432,7050.146224800001,-82.754,76.58,191.121,0.6815489228651933
191.1333,128.214363,37.864317,7051.8195768000005,-82.558,76.657,190.744,0.6815489228651933
191.15,128.214359,37.864314,7053.492319200001,-82.359,76.736,190.37,0.6815489228651933
191.1666,128.214354,37.864311,7055.164452000001,-82.155,76.815,189.999,0.6815489228651933
191.1833,128.21435,37.864308,7056.8359752,-81.948,76.894,189.63,0.6815489228651933
191.2,128.214346,37.864306,7058.5068888,-81.738,76.975,189.264,0.6815489228651933
191.2166,128.214342,37.864303,7060.177192800001,-81.524,77.056,188.9,0.6815489228651933
191.2333,128.214337,37.8643,7061.8468872,-81.306,77.138,188.539,0.6815489228651933
191.25,128.214333,37.864297,7063.515972,-81.085,77.22,188.18,0.6815489228651933
191.2666,128.214329,37.864294,7065.184447200001,-80.861,77.304,187.824,0.6815489228651933
191.2833,128.214325,37.864291,7066.8523128,-80.633,77.388,187.47,0.6815489228651933
191.3,128.21432,37.864289,7068.5195688,-80.402,77.473,187.119,0.6815489228651933
191.3166,128.214316,37.864286,7070.186520000001,-80.168,77.558,186.77,0.6815489228651933
191.3333,128.214312,37.864283,7071.8525568000005,-79.931,77.645,186.424,0.6815489228651933
191.35,128.214308,37.86428,7073.517984000001,-79.691,77.732,186.08,0.6815489228651933
191.3666,128.214304,37.864277,7075.182801600001,-79.447,77.82,185.739,0.6815489228651933
191.3833,128.214299,37.864274,7076.8470096,-79.201,77.909,185.401,0.6815489228651933
191.4,128.214295,37.864271,7078.5109128,-78.952,77.998,185.064,0.6815489228651933
191.4166,128.214291,37.864268,7080.173901600001,-78.7,78.088,184.731,0.6815489228651933
191.4333,128.214287,37.864266,7081.8362808,-78.445,78.179,184.4,0.6815489228651933
191.45,128.214283,37.864263,7083.4983552,-78.188,78.271,184.071,0.6815489228651933
191.4666,128.214279,37.86426,7085.159515200001,-77.927,78.364,183.746,0.6815489228651933
191.4833,128.214275,37.864257,7086.820370400001,-77.664,78.457,183.422,0.6815489228651933
191.5,128.214271,37.864254,7088.480616,-77.398,78.552,183.102,0.6815489228651933
191.5166,128.214267,37.864251,7090.140252000001,-77.13,78.647,182.784,0.6815489228651933
191.5333,128.214263,37.864248,7091.798973600001,-76.859,78.743,182.469,0.6815489228651933
191.55,128.214258,37.864245,7093.4573904,-76.585,78.839,182.156,0.6815489228651933
191.5666,128.214254,37.864242,7095.1155024,-76.309,78.937,181.846,0.6815489228651933
191.5833,128.21425,37.864239,7096.7727,-76.03,79.035,181.539,0.6815489228651933
191.6,128.214246,37.864236,7098.429288000001,-75.748,79.134,181.235,0.6815489228651933
191.6166,128.214242,37.864234,7100.0855712,-75.464,79.234,180.933,0.6815489228651933
191.6333,128.214238,37.864231,7101.74094,-75.177,79.335,180.635,0.6815489228651933
191.65,128.214234,37.864228,7103.396004,-74.888,79.437,180.339,0.6815489228651933
191.6666,128.214231,37.864225,7105.0504584,-74.596,79.539,180.046,0.6815489228651933
191.6833,128.214227,37.864222,7106.7039984,-74.302,79.643,179.756,0.6815489228651933
191.7,128.214223,37.864219,7108.3575384000005,-74.004,79.747,179.47,0.6815489228651933
191.7166,128.214219,37.864216,7110.010164,-73.704,79.852,179.186,0.6815489228651933
191.7333,128.214215,37.864213,7111.66218,-73.402,79.958,178.906,0.6815489228651933
191.75,128.214211,37.86421,7113.3138912,-73.096,80.064,178.629,0.6815489228651933
191.7666,128.214207,37.864207,7114.964688000001,-72.788,80.172,178.356,0.6815489228651933
191.7833,128.214203,37.864204,7116.61518,-72.477,80.28,178.085,0.6815489228651933
191.8,128.214199,37.864201,7118.2650624,-72.163,80.389,177.819,0.6815489228651933
191.8166,128.214196,37.864198,7119.9143352,-71.847,80.5,177.556,0.6815489228651933
191.8333,128.214192,37.864195,7121.5633032,-71.527,80.61,177.296,0.6815489228651933
191.85,128.214188,37.864192,7123.211356800001,-71.204,80.722,177.041,0.6815489228651933
191.8666,128.214184,37.86419,7124.8591056000005,-70.877,80.835,176.789,0.6815489228651933
191.8833,128.21418,37.864187,7126.5062448,-70.548,80.948,176.542,0.6815489228651933
191.9,128.214177,37.864184,7128.1527744,-70.215,81.062,176.299,0.6815489228651933
191.9166,128.214173,37.864181,7129.7986944,-69.878,81.178,176.06,0.6815489228651933
191.9333,128.214169,37.864178,7131.444004800001,-69.538,81.294,175.825,0.6815489228651933
191.95,128.214165,37.864175,7133.089010400001,-69.194,81.41,175.595,0.6815489228651933
191.9666,128.214162,37.864172,7134.733406400001,-68.845,81.528,175.371,0.6815489228651933
191.9833,128.214158,37.864169,7136.377192800001,-68.493,81.646,175.151,0.6815489228651933
192.0,128.214154,37.864166,7138.020369600001,-68.136,81.766,174.936,0.6815489228651933
192.0166,128.214151,37.864163,7139.6632416,-67.775,81.886,174.727,0.6815489228651933
192.0333,128.214147,37.86416,7141.3051992,-67.409,82.007,174.523,0.6815489228651933
192.05,128.214143,37.864157,7142.946852000001,-67.038,82.128,174.326,0.6815489228651933
192.0666,128.21414,37.864154,7144.5878952,-66.661,82.251,174.134,0.6815489228651933
192.0833,128.214136,37.864151,7146.228633600001,-66.279,82.374,173.949,0.6815489228651933
192.1,128.214132,37.864148,7147.8684576,-65.891,82.498,173.771,0.6815489228651933
192.1166,128.214129,37.864146,7149.5079768000005,-65.496,82.623,173.6,0.6815489228651933
192.1333,128.214125,37.864143,7151.146886400001,-65.095,82.749,173.437,0.6815489228651933
192.15,128.214122,37.86414,7152.7851864,-64.687,82.875,173.282,0.6815489228651933
192.1666,128.214118,37.864137,7154.4231816,-64.271,83.002,173.135,0.6815489228651933
192.1833,128.214114,37.864134,7156.0602624,-63.848,83.13,172.996,0.6815489228651933
192.2,128.214111,37.864131,7157.697038400001,-63.415,83.259,172.868,0.6815489228651933
192.2166,128.214107,37.864128,7159.3332048,-62.974,83.389,172.749,0.6815489228651933
192.2333,128.214104,37.864125,7160.9690664,-62.523,83.519,172.641,0.6815489228651933
192.25,128.2141,37.864122,7162.6040136,-62.062,83.65,172.544,0.6815489228651933
192.2666,128.214097,37.864119,7164.238656,-61.589,83.781,172.459,0.6815489228651933
192.2833,128.214093,37.864116,7165.8726888,-61.105,83.914,172.386,0.6815489228651933
192.3,128.21409,37.864114,7167.5064168,-60.607,84.047,172.328,0.6815489228651933
192.3166,128.214086,37.864111,7169.1392304,-60.096,84.18,172.284,0.6815489228651933
192.3333,128.214083,37.864108,7170.7717391999995,-59.57,84.314,172.256,0.6815489228651933
192.35,128.214079,37.864105,7172.403638400001,-59.028,84.449,172.244,0.6815489228651933
192.3666,128.214076,37.864102,7174.035232800001,-58.468,84.585,172.251,0.6815489228651933
192.3833,128.214073,37.864099,7175.6659128,-57.889,84.721,172.278,0.6815489228651933
192.4,128.214069,37.864096,7177.2962880000005,-57.29,84.858,172.326,0.6815489228651933
192.4166,128.214066,37.864093,7178.9260536,-56.668,84.995,172.397,0.6815489228651933
192.4333,128.214062,37.86409,7180.5552096,-56.022,85.133,172.493,0.6815489228651933
192.45,128.214059,37.864088,7182.184060800001,-55.348,85.271,172.617,0.6815489228651933
192.4666,128.214056,37.864085,7183.8123024,-54.646,85.409,172.771,0.6815489228651933
192.4833,128.214052,37.864082,7185.4399344,-53.911,85.548,172.958,0.6815489228651933
192.5,128.214049,37.864079,7187.066956800001,-53.14,85.688,173.181,0.6815489228651933
192.5166,128.214046,37.864076,7188.6936744,-52.33,85.827,173.444,0.6815489228651933
192.5333,128.214042,37.864073,7190.319782400001,-51.476,85.967,173.751,0.6815489228651933
192.55,128.214039,37.864071,7191.945280800001,-50.574,86.107,174.107,0.6815489228651933
192.5666,128.214036,37.864068,7193.570169600001,-49.618,86.247,174.518,0.6815489228651933
192.5833,128.214032,37.864065,7195.1944488,-48.601,86.387,174.99,0.6815489228651933
192.6,128.214029,37.864062,7196.8184232,-47.515,86.528,175.531,0.6815489228651933
192.6166,128.214026,37.864059,7198.441788000001,-46.353,86.667,176.148,0.6815489228651933
192.6333,128.214023,37.864057,7200.064848,-45.104,86.807,176.853,0.6815489228651933
192.65,128.214019,37.864054,7201.6869936,-43.757,86.946,177.658,0.6815489228651933
192.6666,128.214016,37.864051,7203.3088344,-42.296,87.085,178.575,0.6815489228651933
192.6833,128.214013,37.864048,7204.9300656000005,-40.707,87.222,179.621,0.6801779868008971
192.7,128.21401,37.864045,7206.5506872000005,-38.969,87.359,180.816,0.6788071596762969
192.7166,128.214007,37.864043,7208.1706992,-37.06,87.494,182.183,0.6774364343550947
192.7333,128.214003,37.86404,7209.7904064,-34.952,87.627,183.748,0.6760658109325294
192.75,128.214,37.864037,7211.409504,-32.613,87.757,185.544,0.6746953267746244
192.7666,128.213997,37.864034,7213.027992,-30.006,87.885,187.61,0.6733249520253052
192.7833,128.213994,37.864032,7214.645870400001,-27.085,88.009,189.988,0.6719546798088282
192.8,128.213991,37.864029,7216.263444,-23.8,88.129,192.731,0.6705845102202687
192.8166,128.213987,37.864026,7217.880408,-20.094,88.243,195.895,0.6692144655514032
192.8333,128.213984,37.864023,7219.4967624,-15.904,88.35,199.543,0.667844524109755
192.85,128.213981,37.864021,7221.1125071999995,-11.17,88.449,203.735,0.6664747076517803
192.8666,128.213978,37.864018,7222.727642400001,-5.84,88.537,208.523,0.6651049945504451
192.8833,128.213975,37.864015,7224.3424728,0.112,88.612,213.933,0.6637353913310422
192.9,128.213972,37.864013,7225.9566936,6.674,88.672,219.952,0.6597754771276515
192.9166,128.213969,37.86401,7227.5703048000005,13.768,88.714,226.504,0.6558159269872412
192.9333,128.213966,37.864007,7229.183306400001,21.246,88.737,233.439,0.651856763093001
192.95,128.213963,37.864005,7230.7956984,28.895,88.74,240.545,0.6478980403755575
192.9666,128.213959,37.864002,7232.4077856,36.472,88.721,247.578,0.6439396072600821
192.9833,128.213956,37.863999,7234.0189584,43.746,88.682,254.307,0.6399816155616276
193.0,128.213953,37.863997,7235.6298264,50.54,88.623,260.557,0.6360240653825263
193.0166,128.21395,37.863994,7237.2400848,56.748,88.549,266.221,0.6320668821514981
193.0333,128.213947,37.863991,7238.849733600001,62.335,88.459,271.262,0.6281100139944613
193.05,128.213944,37.863989,7240.458772800001,67.312,88.358,275.693,0.6241535892310374
193.0666,128.213941,37.863986,7242.067507199999,71.723,88.246,279.558,0.6201974797767872
193.0833,128.213938,37.863984,7243.6753272000005,75.627,88.126,282.915,0.6162418154704191
193.1,128.213935,37.863981,7245.282842400001,79.086,87.999,285.826,0.6122863945352078
193.1166,128.213932,37.863979,7246.889748,82.16,87.866,288.351,0.6083314221632468
193.1333,128.213929,37.863976,7248.496044,84.879,87.729,290.541,0.5958463597388303
193.15,128.213926,37.863973,7250.1017304,87.295,87.589,292.447,0.5833628753831486
193.1666,128.213923,37.863971,7251.7068072,89.45,87.446,294.111,0.5708811927021716
193.1833,128.21392,37.863968,7253.311274400001,91.379,87.302,295.568,0.5584005086400115
193.2,128.213917,37.863966,7254.915436800001,93.113,87.155,296.848,0.5459216333371113
193.2166,128.213914,37.863963,7256.5186848,94.677,87.008,297.976,0.5334440707669602
193.2333,128.213911,37.863961,7258.121628000001,96.092,86.86,298.973,0.5209683239695432
193.25,128.213908,37.863958,7259.723656800001,97.375,86.711,299.855,0.5084936073961276
193.2666,128.213905,37.863956,7261.3253808,98.541,86.561,300.639,0.4960207136780975
193.2833,128.213902,37.863954,7262.9261904,99.604,86.411,301.336,0.4835491485610805
193.3,128.213899,37.863951,7264.5266952,100.575,86.261,301.956,0.47107912503417676
193.3166,128.213896,37.863949,7266.1262856,101.462,86.111,302.51,0.45861043188408745
193.3333,128.213893,37.863946,7267.7255712,102.274,85.961,303.005,0.44614328908360373
193.35,128.21389,37.863944,7269.3239424,103.018,85.811,303.447,0.43367777077284553
193.3666,128.213888,37.863942,7270.921704,103.701,85.662,303.843,0.42121380415016696
193.3833,128.213885,37.863939,7272.5191608000005,104.327,85.512,304.198,0.4087509511829769
193.4,128.213882,37.863937,7274.1157032,104.901,85.363,304.516,0.3962896647915101
193.4166,128.213879,37.863935,7275.711636,105.429,85.215,304.801,0.3838297198718361
193.4333,128.213876,37.863933,7277.3066544,105.912,85.067,305.057,0.37137133054902205
193.45,128.213873,37.86393,7278.901368000001,106.356,84.919,305.286,0.35891428446595247
193.4666,128.21387,37.863928,7280.4951672,106.764,84.773,305.492,0.34645908340927406
193.4833,128.213867,37.863926,7282.088356800001,107.137,84.626,305.678,0.33400494668290237
193.5,128.213865,37.863924,7283.6809368,107.479,84.481,305.844,0.32155215586443836
193.5166,128.213862,37.863922,7285.2729072,107.791,84.336,305.994,0.3091007118552811
193.5333,128.213859,37.86392,7286.8639632,108.077,84.192,306.129,0.29665061555647537
193.55,128.213856,37.863918,7288.454409600001,108.337,84.049,306.25,0.28420181262989147
193.5666,128.213853,37.863916,7290.043941600001,108.574,83.906,306.36,0.27175436000610864
193.5833,128.213851,37.863914,7291.633168800001,108.789,83.764,306.458,0.25930825200421315
193.6,128.213848,37.863912,7293.2214816000005,108.984,83.624,306.547,0.24686350268328078
193.6166,128.213845,37.86391,7294.80888,109.16,83.484,306.628,0.23442010636139582
193.6333,128.213842,37.863908,7296.395668800001,109.318,83.345,306.701,0.2219777865458371
193.65,128.213839,37.863906,7297.981847999999,109.459,83.207,306.767,0.2095370365339061
193.6666,128.213837,37.863904,7299.5671128,109.586,83.07,306.828,0.19709764300260738
193.6833,128.213834,37.863902,7301.151768000001,109.697,82.934,306.883,0.18465938616573518
193.7,128.213831,37.8639,7302.7355088,109.796,82.799,306.933,0.17222270170145054
193.7166,128.213828,37.863898,7304.31864,109.881,82.665,306.98,0.1597871039374299
193.7333,128.213826,37.863897,7305.9011616,109.953,82.533,307.011,0.14735286048060237
193.75,128.213823,37.863895,7307.4827688000005,110.001,82.402,307.019,0.13491949480912518
193.7666,128.21382,37.863893,7309.0634616,110.02,82.273,306.995,0.12248770659903013
193.7833,128.213817,37.863891,7310.6435448,110.006,82.147,306.935,0.11854676566653466
193.8,128.213815,37.863889,7312.2227136,109.962,82.023,306.844,0.11460616441030559
193.8166,128.213812,37.863888,7313.8012728,109.891,81.901,306.723,0.1106657831114077
193.8333,128.213809,37.863886,7315.3789176,109.795,81.782,306.575,0.10672573279315316
193.85,128.213806,37.863884,7316.9559528,109.678,81.665,306.402,0.10278602323225779
193.8666,128.213804,37.863883,7318.5320736,109.54,81.55,306.207,0.09884665629743762
193.8833,128.213801,37.863881,7320.1075848,109.384,81.438,305.99,0.09490756693150848
193.9,128.213798,37.863879,7321.6821816,109.211,81.328,305.753,0.0909687559622089
193.9166,128.213795,37.863878,7323.255864000001,109.024,81.219,305.499,0.08703028705128697
193.9333,128.213793,37.863876,7324.8289368000005,108.823,81.113,305.228,0.0830920977915242
193.95,128.21379,37.863875,7326.401400000001,108.611,81.009,304.941,0.07915419621382629
193.9666,128.213787,37.863873,7327.9729488,108.387,80.906,304.641,0.07521663221367467
193.9833,128.213785,37.863871,7329.543888000001,108.154,80.806,304.327,0.07127934994466094
194.0,128.213782,37.86387,7331.1139128,107.913,80.707,304.0,0.06734235810670842
194.0166,128.213779,37.863868,7332.6830232,107.663,80.61,303.663,0.0659794893830391
194.0333,128.213776,37.863867,7334.251524,107.407,80.515,303.315,0.06461673477987018
194.05,128.213774,37.863865,7335.819110400001,107.145,80.422,302.957,0.0632540613864044
194.0666,128.213771,37.863864,7337.3860872000005,106.878,80.331,302.59,0.06189145373398519
194.0833,128.213768,37.863862,7338.952149600001,106.607,80.241,302.215,0.0605289282352149
194.1,128.213766,37.863861,7340.517297600001,106.331,80.152,301.833,0.05916650157597153
194.1166,128.213763,37.863859,7342.081836,106.052,80.066,301.443,0.0578041412942023
194.1333,128.21376,37.863858,7343.6457648000005,105.771,79.98,301.046,0.05644189569835366
194.15,128.213757,37.863857,7345.2084744,105.488,79.897,300.644,0.05507971680495352
194.1666,128.213755,37.863855,7346.770879200001,105.202,79.815,300.235,0.05371762018519685
194.1833,128.213752,37.863854,7348.332064800001,104.916,79.734,299.822,0.05371762018519685
194.2,128.213749,37.863852,7349.892640800001,104.628,79.655,299.404,0.05371762018519685
194.2166,128.213747,37.863851,7351.4526072,104.34,79.577,298.981,0.05371762018519685
194.2333,128.213744,37.86385,7353.0113544000005,104.052,79.501,298.554,0.05371762018519685
194.25,128.213741,37.863848,7354.5697968,103.764,79.426,298.124,0.05371762018519685
194.2666,128.213738,37.863847,7356.127020000001,103.476,79.352,297.69,0.05371762018519685
194.2833,128.213736,37.863846,7357.683633600001,103.189,79.28,297.254,0.05371762018519685
194.3,128.213733,37.863844,7359.239637600001,102.903,79.209,296.814,0.05371762018519685
194.3166,128.21373,37.863843,7360.7944224,102.618,79.14,296.373,0.05371762018519685
194.3333,128.213727,37.863842,7362.348597600001,102.335,79.071,295.929,0.05371762018519685
194.35,128.213725,37.863841,7363.9021632,102.054,79.004,295.484,0.05371762018519685
194.3666,128.213722,37.863839,7365.454814400001,101.775,78.939,295.037,0.05371762018519685
194.3833,128.213719,37.863838,7367.006551200001,101.498,78.874,294.589,0.05371762018519685
194.4,128.213717,37.863837,7368.557373600001,101.223,78.811,294.14,0.05371762018519685
194.4166,128.213714,37.863836,7370.1075864,100.951,78.749,293.691,0.05371762018519685
194.4333,128.213711,37.863835,7371.6568848,100.682,78.688,293.241,0.05371762018519685
194.45,128.213708,37.863833,7373.2055736,100.416,78.628,292.791,0.05371762018519685
194.4666,128.213706,37.863832,7374.753043199999,100.153,78.57,292.341,0.05371762018519685
194.4833,128.213703,37.863831,7376.300208,99.893,78.513,291.89,0.05371762018519685
194.5,128.2137,37.86383,7377.8461536,99.636,78.457,291.44,0.05371762018519685
194.5166,128.213697,37.863829,7379.3914896,99.382,78.402,290.991,0.05371762018519685
194.5333,128.213694,37.863828,7380.935911200001,99.131,78.348,290.542,0.05371762018519685
194.55,128.213692,37.863827,7382.4794184,98.884,78.295,290.093,0.05371762018519685
194.5666,128.213689,37.863826,7384.022316,98.64,78.244,289.645,0.05371762018519685
194.5833,128.213686,37.863824,7385.5642992,98.399,78.194,289.198,0.05371762018519685
194.6,128.213683,37.863823,7387.105368,98.162,78.145,288.752,0.05371762018519685
194.6166,128.213681,37.863822,7388.6455224,97.928,78.097,288.307,0.05371762018519685
194.6333,128.213678,37.863821,7390.1850672,97.697,78.05,287.863,0.05371762018519685
194.65,128.213675,37.86382,7391.723697600001,97.469,78.004,287.42,0.05371762018519685
194.6666,128.213672,37.863819,7393.2614136,97.245,77.959,286.979,0.05371762018519685
194.6833,128.213669,37.863818,7394.798520000001,97.024,77.916,286.538,0.05371762018519685
194.7,128.213667,37.863817,7396.334712,96.807,77.873,286.099,0.05371762018519685
194.7166,128.213664,37.863816,7397.8699896,96.592,77.832,285.661,0.05371762018519685
194.7333,128.213661,37.863815,7399.4043528,96.381,77.792,285.225,0.05371762018519685
194.75,128.213658,37.863814,7400.938106400001,96.172,77.753,284.79,0.05371762018519685
194.7666,128.213655,37.863813,7402.4706408,95.967,77.715,284.357,0.05371762018519685
194.7833,128.213653,37.863812,7404.002565600001,95.764,77.678,283.925,0.05371762018519685
194.8,128.21365,37.863811,7405.5338808,95.565,77.642,283.494,0.05371762018519685
194.8166,128.213647,37.86381,7407.0639768,95.368,77.608,283.065,0.05371762018519685
194.8333,128.213644,37.86381,7408.5934632,95.174,77.574,282.638,0.05371762018519685
194.85,128.213641,37.863809,7410.1220352,94.983,77.542,282.212,0.05371762018519685
194.8666,128.213638,37.863808,7411.649692800001,94.794,77.51,281.788,0.05371762018519685
194.8833,128.213636,37.863807,7413.176436000001,94.608,77.48,281.365,0.05371762018519685
194.9,128.213633,37.863806,7414.702569600001,94.424,77.451,280.944,0.05371762018519685
194.9166,128.21363,37.863805,7416.227484000001,94.243,77.423,280.525,0.05371762018519685
194.9333,128.213627,37.863804,7417.7517888,94.062,77.396,280.113,0.05371762018519685
194.95,128.213624,37.863803,7419.275179200001,93.887,77.37,279.714,0.05371762018519685
194.9666,128.213621,37.863803,7420.797655200001,93.723,77.346,279.333,0.05371762018519685
194.9833,128.213618,37.863802,7422.3192168,93.575,77.322,278.975,0.05371762018519685
195.0,128.213615,37.863801,7423.839559200001,93.447,77.3,278.644,0.05371762018519685
195.0166,128.213613,37.8638,7425.359292000001,93.337,77.28,278.339,0.05371762018519685
195.0333,128.21361,37.863799,7426.877805600001,93.246,77.26,278.059,0.05371762018519685
195.05,128.213607,37.863798,7428.3954048000005,93.172,77.242,277.804,0.05371762018519685
195.0666,128.213604,37.863798,7429.9120896,93.116,77.225,277.574,0.05371762018519685
195.0833,128.213601,37.863797,7431.427555200001,93.076,77.21,277.367,0.05371762018519685
195.1,128.213598,37.863796,7432.942411200001,93.052,77.196,277.183,0.05371762018519685
195.1166,128.213595,37.863795,7434.456048,93.043,77.183,277.022,0.05371762018519685
195.1333,128.213592,37.863795,7435.968770400001,93.05,77.172,276.884,0.05371762018519685
195.15,128.213589,37.863794,7437.480578400001,93.072,77.162,276.767,0.05371762018519685
195.1666,128.213586,37.863793,7438.9911672,93.108,77.154,276.671,0.05371762018519685
195.1833,128.213583,37.863793,7440.501146400001,93.158,77.148,276.597,0.05371762018519685
195.2,128.21358,37.863792,7442.009906400001,93.221,77.142,276.542,0.05371762018519685
195.2166,128.213577,37.863791,7443.517752000001,93.297,77.139,276.508,0.05371762018519685
195.2333,128.213574,37.863791,7445.024683200001,93.387,77.136,276.494,0.05371762018519685
195.25,128.213572,37.86379,7446.5303952,93.488,77.135,276.499,0.05371762018519685
195.2666,128.213569,37.86379,7448.035192800001,93.602,77.136,276.523,0.05371762018519685
195.2833,128.213566,37.863789,7449.5393808,93.728,77.138,276.565,0.05371762018519685
195.3,128.213563,37.863788,7451.0423496,93.865,77.141,276.626,0.05371762018519685
195.3166,128.21356,37.863788,7452.5440992,94.013,77.145,276.704,0.05371762018519685
195.3333,128.213557,37.863787,7454.0452392,94.172,77.151,276.8,0.05371762018519685
195.35,128.213554,37.863787,7455.545160000001,94.341,77.158,276.913,0.05371762018519685
195.3666,128.213551,37.863786,7457.0441664,94.52,77.166,277.042,0.05371762018519685
195.3833,128.213548,37.863786,7458.5422584,94.709,77.176,277.188,0.05371762018519685
195.4,128.213545,37.863785,7460.0391312,94.907,77.186,277.35,0.05371762018519685
195.4166,128.213542,37.863785,7461.5353944,95.115,77.197,277.528,0.05371762018519685
195.4333,128.213539,37.863784,7463.030438400001,95.331,77.21,277.721,0.05371762018519685
195.45,128.213536,37.863784,7464.524568000001,95.556,77.224,277.929,0.05371762018519685
195.4666,128.213532,37.863783,7466.017783200001,95.789,77.238,278.152,0.05371762018519685
195.4833,128.213529,37.863783,7467.509779200001,96.031,77.253,278.39,0.05371762018519685
195.5,128.213526,37.863782,7469.000860800001,96.28,77.269,278.641,0.05371762018519685
195.5166,128.213523,37.863782,7470.491028,96.537,77.286,278.907,0.05371762018519685
195.5333,128.21352,37.863781,7471.9802808,96.805,77.304,279.181,0.05371762018519685
195.55,128.213517,37.863781,7473.468619200001,97.078,77.321,279.459,0.05371762018519685
195.5666,128.213514,37.863781,7474.9560432,97.352,77.34,279.734,0.05371762018519685
195.5833,128.213511,37.86378,7476.4425528,97.622,77.359,280.002,0.05371762018519685
195.6,128.213508,37.86378,7477.928148,97.881,77.379,280.256,0.05371762018519685
195.6166,128.213505,37.863779,7479.412828800001,98.129,77.4,280.497,0.05371762018519685
195.6333,128.213502,37.863779,7480.896900000001,98.366,77.423,280.723,0.05371762018519685
195.65,128.213499,37.863779,7482.379752000001,98.592,77.446,280.936,0.05371762018519685
195.6666,128.213496,37.863778,7483.8619944,98.806,77.47,281.135,0.05371762018519685
195.6833,128.213493,37.863778,7485.3433224,99.01,77.495,281.321,0.05371762018519685
195.7,128.213489,37.863778,7486.823736,99.204,77.522,281.495,0.05371762018519685
195.7166,128.213486,37.863777,7488.3032352,99.387,77.549,281.656,0.05371762018519685
195.7333,128.213483,37.863777,7489.782124800001,99.56,77.577,281.805,0.05371762018519685
195.75,128.21348,37.863777,7491.2601,99.724,77.606,281.942,0.05371762018519685
195.7666,128.213477,37.863776,7492.737160800001,99.877,77.637,282.068,0.05371762018519685
195.7833,128.213474,37.863776,7494.2133072,100.021,77.668,282.182,0.05371762018519685
195.8,128.213471,37.863776,7495.6885392,100.156,77.7,282.286,0.05371762018519685
195.8166,128.213468,37.863775,7497.1631615999995,100.281,77.733,282.378,0.05371762018519685
195.8333,128.213464,37.863775,7498.636869600001,100.397,77.767,282.461,0.05371762018519685
195.85,128.213461,37.863775,7500.1096632,100.504,77.802,282.533,0.05371762018519685
195.8666,128.213458,37.863774,7501.581542400001,100.602,77.837,282.595,0.05371762018519685
195.8833,128.213455,37.863774,7503.0525072,100.692,77.874,282.647,0.05371762018519685
195.9,128.213452,37.863774,7504.5228624,100.772,77.911,282.69,0.05371762018519685
195.9166,128.213449,37.863774,7505.9923032,100.844,77.949,282.723,0.05371762018519685
195.9333,128.213445,37.863773,7507.4608296,100.908,77.988,282.747,0.05371762018519685
195.95,128.213442,37.863773,7508.928441600001,100.963,78.027,282.762,0.05371762018519685
195.9666,128.213439,37.863773,7510.395444,101.01,78.067,282.768,0.05371762018519685
195.9833,128.213436,37.863773,7511.861532000001,101.048,78.108,282.765,0.05371762018519685
196.0,128.213433,37.863772,7513.3267056,101.078,78.15,282.754,0.05371762018519685
196.0166,128.213429,37.863772,7514.7909648,101.1,78.192,282.734,0.05371762018519685
196.0333,128.213426,37.863772,7516.254309600001,101.115,78.234,282.706,0.05371762018519685
196.05,128.213423,37.863772,7517.717044800001,101.121,78.277,282.67,0.05371762018519685
196.0666,128.21342,37.863772,7519.178865600001,101.119,78.321,282.626,0.05371762018519685
196.0833,128.213417,37.863771,7520.639772,101.109,78.365,282.574,0.05371762018519685
196.1,128.213413,37.863771,7522.1000688,101.091,78.409,282.515,0.05371762018519685
196.1166,128.21341,37.863771,7523.559146400001,101.065,78.454,282.448,0.05371762018519685
196.1333,128.213407,37.863771,7525.017614400001,101.032,78.5,282.373,0.05371762018519685
196.15,128.213404,37.863771,7526.475168,100.991,78.545,282.291,0.05371762018519685
196.1666,128.213401,37.86377,7527.932112,100.942,78.591,282.202,0.05371762018519685
196.1833,128.213397,37.86377,7529.3881416,100.886,78.637,282.105,0.05371762018519685
196.2,128.213394,37.86377,7530.842952000001,100.822,78.683,282.001,0.05371762018519685
196.2166,128.213391,37.86377,7532.2974576,100.75,78.73,281.891,0.05371762018519685
196.2333,128.213388,37.86377,7533.750744,100.67,78.776,281.773,0.05371762018519685
196.25,128.213384,37.863769,7535.2034208,100.584,78.823,281.649,0.05371762018519685
196.2666,128.213381,37.863769,7536.6551832000005,100.489,78.87,281.518,0.05371762018519685
196.2833,128.213378,37.863769,7538.1060312,100.387,78.917,281.38,0.05371762018519685
196.3,128.213374,37.863769,7539.556269600001,100.278,78.963,281.236,0.05371762018519685
196.3166,128.213371,37.863769,7541.0052888,100.161,79.01,281.085,0.05371762018519685
196.3333,128.213368,37.863769,7542.4536984,100.037,79.057,280.928,0.05371762018519685
196.35,128.213365,37.863769,7543.9014984,99.905,79.103,280.765,0.05371762018519685
196.3666,128.213361,37.863768,7545.348079200001,99.766,79.15,280.595,0.05371762018519685
196.3833,128.213358,37.863768,7546.794050400001,99.62,79.196,280.419,0.05371762018519685
196.4,128.213355,37.863768,7548.2391072,99.466,79.242,280.237,0.05371762018519685
196.4166,128.213351,37.863768,7549.6835544000005,99.305,79.288,280.048,0.05371762018519685
196.4333,128.213348,37.863768,7551.1270872000005,99.137,79.334,279.854,0.05371762018519685
196.45,128.213345,37.863768,7552.569705600001,98.962,79.379,279.654,0.05371762018519685
196.4666,128.213342,37.863768,7554.011409600001,98.78,79.424,279.448,0.05371762018519685
196.4833,128.213338,37.863768,7555.452504,98.59,79.468,279.237,0.05371762018519685
196.5,128.213335,37.863768,7556.8923792000005,98.394,79.513,279.02,0.05371762018519685
196.5166,128.213332,37.863767,7558.3319496,98.19,79.556,278.797,0.05371762018519685
196.5333,128.213328,37.863767,7559.770300800001,97.98,79.6,278.568,0.05371762018519685
196.55,128.213325,37.863767,7561.2080424000005,97.763,79.642,278.335,0.05371762018519685
196.5666,128.213322,37.863767,7562.644869600001,97.539,79.685,278.096,0.05371762018519685
196.5833,128.213318,37.863767,7564.0807824,97.308,79.726,277.851,0.05371762018519685
196.6,128.213315,37.863767,7565.5160856,97.07,79.767,277.601,0.05371762018519685
196.6166,128.213312,37.863767,7566.9504744000005,96.826,79.808,277.347,0.05371762018519685
196.6333,128.213308,37.863767,7568.3842536,96.576,79.847,277.087,0.05371762018519685
196.65,128.213305,37.863767,7569.8168136,96.319,79.887,276.822,0.05371762018519685
196.6666,128.213302,37.863767,7571.248764000001,96.055,79.925,276.553,0.05371762018519685
196.6833,128.213298,37.863767,7572.679800000001,95.786,79.963,276.279,0.05371762018519685
196.7,128.213295,37.863767,7574.1102264,95.51,79.999,276.0,0.05371762018519685
196.7166,128.213292,37.863767,7575.539738400001,95.228,80.036,275.717,0.05371762018519685
196.7333,128.213288,37.863767,7576.968336,94.938,80.071,275.436,0.05371762018519685
196.75,128.213285,37.863766,7578.3960192,94.647,80.106,275.163,0.05371762018519685
196.7666,128.213281,37.863766,7579.822788,94.361,80.141,274.905,0.05371762018519685
196.7833,128.213278,37.863766,7581.248947200001,94.085,80.175,274.668,0.05371762018519685
196.8,128.213275,37.863766,7582.6738872000005,93.825,80.208,274.456,0.05371762018519685
196.8166,128.213271,37.863766,7584.0979128,93.584,80.241,274.272,0.05371762018519685
196.8333,128.213268,37.863766,7585.520719200001,93.361,80.273,274.117,0.05371762018519685
196.85,128.213265,37.863766,7586.942916,93.156,80.304,273.99,0.05371762018519685
196.8666,128.213261,37.863766,7588.3638936,92.969,80.335,273.89,0.05371762018519685
196.8833,128.213258,37.863766,7589.783956800001,92.801,80.365,273.819,0.05371762018519685
196.9,128.213254,37.863766,7591.2031056000005,92.651,80.395,273.774,0.05371762018519685
196.9166,128.213251,37.863766,7592.6210352,92.518,80.424,273.757,0.05371762018519685
196.9333,128.213248,37.863766,7594.0383552,92.404,80.452,273.767,0.05371762018519685
196.95,128.213244,37.863766,7595.454456,92.307,80.48,273.804,0.05371762018519685
196.9666,128.213241,37.863766,7596.869642400001,92.227,80.508,273.867,0.05371762018519685
196.9833,128.213237,37.863766,7598.283914400001,92.165,80.535,273.956,0.05371762018519685
197.0,128.213234,37.863767,7599.6969672000005,92.119,80.562,274.071,0.05371762018519685
197.0166,128.213231,37.863767,7601.1091056000005,92.091,80.588,274.212,0.05371762018519685
197.0333,128.213227,37.863767,7602.5206344,92.079,80.613,274.379,0.05371762018519685
197.05,128.213224,37.863767,7603.930944,92.083,80.638,274.57,0.05371762018519685
197.0666,128.21322,37.863767,7605.3400344,92.104,80.662,274.786,0.05371762018519685
197.0833,128.213217,37.863767,7606.748515200001,92.141,80.685,275.027,0.05371762018519685
197.1,128.213214,37.863767,7608.1560816,92.193,80.708,275.291,0.05371762018519685
197.1166,128.21321,37.863767,7609.562428800001,92.261,80.73,275.58,0.05371762018519685
197.1333,128.213207,37.863767,7610.9678616,92.344,80.751,275.892,0.05371762018519685
197.15,128.213203,37.863767,7612.37238,92.441,80.771,276.227,0.05371762018519685
197.1666,128.2132,37.863768,7613.775984000001,92.553,80.79,276.584,0.05371762018519685
197.1833,128.213196,37.863768,7615.1786736,92.679,80.809,276.964,0.05371762018519685
197.2,128.213193,37.863768,7616.5804488,92.819,80.826,277.365,0.05371762018519685
197.2166,128.21319,37.863768,7617.981004800001,92.973,80.843,277.788,0.05371762018519685
197.2333,128.213186,37.863768,7619.380951200001,93.139,80.858,278.232,0.05371762018519685
197.25,128.213183,37.863768,7620.779678400001,93.318,80.872,278.696,0.05371762018519685
197.2666,128.213179,37.863769,7622.1774912,93.508,80.885,279.18,0.05371762018519685
197.2833,128.213176,37.863769,7623.5743896,93.71,80.896,279.682,0.05371762018519685
197.3,128.213172,37.863769,7624.970373600001,93.923,80.907,280.203,0.05371762018519685
197.3166,128.213169,37.863769,7626.365443199999,94.145,80.916,280.742,0.05371762018519685
197.3333,128.213166,37.863769,7627.7592936,94.377,80.923,281.297,0.05371762018519685
197.35,128.213162,37.86377,7629.1525344,94.618,80.929,281.869,0.05371762018519685
197.3666,128.213159,37.86377,7630.544556000001,94.866,80.934,282.456,0.05371762018519685
197.3833,128.213155,37.86377,7631.935968000001,95.122,80.936,283.058,0.05371762018519685
197.4,128.213152,37.86377,7633.326160800001,95.385,80.938,283.674,0.05371762018519685
197.4166,128.213148,37.863771,7634.7154392,95.653,80.937,284.303,0.05371762018519685
197.4333,128.213145,37.863771,7636.1038032,95.927,80.935,284.945,0.05371762018519685
197.45,128.213142,37.863771,7637.4912527999995,96.206,80.931,285.598,0.05371762018519685
197.4666,128.213138,37.863772,7638.877788000001,96.488,80.926,286.263,0.05371762018519685
197.4833,128.213135,37.863772,7640.2634088,96.773,80.918,286.937,0.05371762018519685
197.5,128.213131,37.863772,7641.648115200001,97.061,80.909,287.621,0.05371762018519685
197.5166,128.213128,37.863773,7643.031602399999,97.35,80.898,288.313,0.05371762018519685
197.5333,128.213124,37.863773,7644.41448,97.64,80.885,289.013,0.05371762018519685
197.55,128.213121,37.863773,7645.796138400001,97.931,80.87,289.72,0.05371762018519685
197.5666,128.213118,37.863774,7647.177187200001,98.22,80.854,290.434,0.05371762018519685
197.5833,128.213114,37.863774,7648.5570168,98.508,80.835,291.152,0.05371762018519685
197.6,128.213111,37.863774,7649.935932,98.795,80.814,291.876,0.05371762018519685
197.6166,128.213107,37.863775,7651.313932800001,99.078,80.792,292.603,0.05371762018519685
197.6333,128.213104,37.863775,7652.691324,99.358,80.767,293.334,0.05371762018519685
197.65,128.2131,37.863776,7654.067496000001,99.634,80.741,294.066,0.05371762018519685
197.6666,128.213097,37.863776,7655.4427536,99.906,80.712,294.801,0.05371762018519685
197.6833,128.213093,37.863776,7656.8167920000005,100.171,80.682,295.537,0.05371762018519685
197.7,128.21309,37.863777,7658.1902208,100.431,80.65,296.273,0.05371762018519685
197.7166,128.213087,37.863777,7659.5627352,100.685,80.616,297.008,0.05371762018519685
197.7333,128.213083,37.863778,7660.9343352000005,100.931,80.58,297.743,0.05371762018519685
197.75,128.21308,37.863778,7662.3050207999995,101.17,80.542,298.477,0.05371762018519685
197.7666,128.213076,37.863779,7663.674487200001,101.4,80.503,299.208,0.05371762018519685
197.7833,128.213073,37.863779,7665.043344,101.622,80.461,299.936,0.05371762018519685
197.8,128.21307,37.86378,7666.4109816,101.834,80.418,300.662,0.05371762018519685
197.8166,128.213066,37.86378,7667.778009600001,102.037,80.373,301.384,0.05371762018519685
197.8333,128.213063,37.863781,7669.143818400001,102.231,80.327,302.101,0.05371762018519685
197.85,128.213059,37.863781,7670.5090176,102.414,80.279,302.814,0.05371762018519685
197.8666,128.213056,37.863782,7671.872997600001,102.586,80.229,303.522,0.05371762018519685
197.8833,128.213052,37.863782,7673.2360632,102.747,80.177,304.225,0.05371762018519685
197.9,128.213049,37.863783,7674.598519200001,102.897,80.125,304.922,0.05371762018519685
197.9166,128.213046,37.863783,7675.959756000001,103.036,80.07,305.613,0.05371762018519685
197.9333,128.213042,37.863784,7677.320078400001,103.168,80.014,306.292,0.05371762018519685
197.95,128.213039,37.863785,7678.6797912,103.288,79.956,306.953,0.05371762018519685
197.9666,128.213035,37.863785,7680.0385896,103.391,79.897,307.59,0.05371762018519685
197.9833,128.213032,37.863786,7681.396473600001,103.472,79.838,308.199,0.05371762018519685
198.0,128.213029,37.863787,7682.7534432,103.526,79.777,308.774,0.05371762018519685
198.0166,128.213025,37.863787,7684.1094984,103.553,79.716,309.316,0.05371762018519685
198.0333,128.213022,37.863788,7685.4646392,103.555,79.655,309.826,0.05371762018519685
198.05,128.213019,37.863788,7686.819170400001,103.532,79.593,310.306,0.05371762018519685
198.0666,128.213015,37.863789,7688.172787200001,103.485,79.532,310.755,0.05371762018519685
198.0833,128.213012,37.86379,7689.5257944,103.415,79.47,311.176,0.05371762018519685
198.1,128.213008,37.86379,7690.8775824,103.324,79.408,311.568,0.05371762018519685
198.1166,128.213005,37.863791,7692.2290656000005,103.211,79.346,311.934,0.05371762018519685
198.1333,128.213002,37.863792,7693.5793296,103.079,79.284,312.273,0.05371762018519685
198.15,128.212998,37.863793,7694.928984000001,102.927,79.222,312.588,0.05371762018519685
198.1666,128.212995,37.863793,7696.2780288,102.757,79.16,312.878,0.05371762018519685
198.1833,128.212991,37.863794,7697.6261592,102.569,79.098,313.145,0.05371762018519685
198.2,128.212988,37.863795,7698.9733752,102.365,79.036,313.389,0.05371762018519685
198.2166,128.212985,37.863795,7700.319981600001,102.144,78.975,313.611,0.05371762018519685
198.2333,128.212981,37.863796,7701.6656736,101.909,78.913,313.812,0.05371762018519685
198.25,128.212978,37.863797,7703.010451200001,101.659,78.852,313.994,0.05371762018519685
198.2666,128.212975,37.863797,7704.3546192,101.396,78.791,314.156,0.05371762018519685
198.2833,128.212971,37.863798,7705.6978728,101.12,78.73,314.299,0.05371762018519685
198.3,128.212968,37.863799,7707.0405168,100.831,78.669,314.424,0.05371762018519685
198.3166,128.212964,37.8638,7708.3822464,100.531,78.609,314.532,0.05371762018519685
198.3333,128.212961,37.8638,7709.7230616,100.22,78.548,314.623,0.05371762018519685
198.35,128.212958,37.863801,7711.0632672,99.899,78.488,314.698,0.05371762018519685
198.3666,128.212954,37.863802,7712.4025584,99.568,78.428,314.758,0.05371762018519685
198.3833,128.212951,37.863803,7713.7409352,99.228,78.368,314.803,0.05371762018519685
198.4,128.212948,37.863803,7715.0787024,98.88,78.308,314.834,0.05371762018519685
198.4166,128.212944,37.863804,7716.4155552,98.523,78.248,314.852,0.05371762018519685
198.4333,128.212941,37.863805,7717.7517984,98.16,78.188,314.856,0.05371762018519685
198.45,128.212937,37.863806,7719.0871272,97.789,78.129,314.848,0.05371762018519685
198.4666,128.212934,37.863807,7720.421541600001,97.412,78.069,314.828,0.05371762018519685
198.4833,128.212931,37.863807,7721.7553464,97.03,78.01,314.796,0.05371762018519685
198.5,128.212927,37.863808,7723.087932,96.642,77.951,314.754,0.05371762018519685
198.5166,128.212924,37.863809,7724.420212800001,96.249,77.892,314.7,0.05371762018519685
198.5333,128.21292,37.86381,7725.7512744000005,95.851,77.833,314.637,0.05371762018519685
198.55,128.212917,37.863811,7727.0817264,95.45,77.774,314.564,0.05371762018519685
198.5666,128.212914,37.863811,7728.4115688,95.045,77.715,314.482,0.05371762018519685
198.5833,128.21291,37.863812,7729.740192,94.637,77.656,314.391,0.05371762018519685
198.6,128.212907,37.863813,7731.0682056000005,94.226,77.597,314.292,0.05371762018519685
198.6166,128.212904,37.863814,7732.3953048,93.813,77.538,314.185,0.05371762018519685
198.6333,128.2129,37.863815,7733.7217944,93.397,77.479,314.07,0.05371762018519685
198.65,128.212897,37.863816,7735.047369600001,92.98,77.421,313.948,0.05371762018519685
198.6666,128.212893,37.863816,7736.3720304,92.561,77.362,313.819,0.05371762018519685
198.6833,128.21289,37.863817,7737.6960816,92.142,77.303,313.683,0.05371762018519685
198.7,128.212887,37.863818,7739.019218400001,91.721,77.244,313.541,0.05371762018519685
198.7166,128.212883,37.863819,7740.341440800001,91.3,77.186,313.394,0.05371762018519685
198.7333,128.21288,37.86382,7741.6630536,90.879,77.127,313.24,0.05371762018519685
198.75,128.212876,37.863821,7742.983752000001,90.457,77.068,313.081,0.05371762018519685
198.7666,128.212873,37.863822,7744.303536,90.036,77.01,312.918,0.05371762018519685
198.7833,128.21287,37.863823,7745.622405600001,89.616,76.951,312.749,0.05371762018519685
198.8,128.212866,37.863824,7746.940665600001,89.196,76.892,312.576,0.05371762018519685
198.8166,128.212863,37.863824,7748.2580112000005,88.778,76.834,312.398,0.05371762018519685
198.8333,128.21286,37.863825,7749.574747200001,88.36,76.775,312.217,0.05371762018519685
198.85,128.212856,37.863826,7750.8905688,87.944,76.716,312.032,0.05371762018519685
198.8666,128.212853,37.863827,7752.205476,87.529,76.658,311.843,0.05371762018519685
198.8833,128.212849,37.863828,7753.5194688,87.117,76.599,311.651,0.05371762018519685
198.9,128.212846,37.863829,7754.8328520000005,86.706,76.541,311.456,0.05371762018519685
198.9166,128.212843,37.86383,7756.1453208,86.297,76.482,311.257,0.05371762018519685
198.9333,128.212839,37.863831,7757.4568752,85.89,76.423,311.056,0.05371762018519685
198.95,128.212836,37.863832,7758.767820000001,85.486,76.365,310.853,0.05371762018519685
198.9666,128.212832,37.863833,7760.077850400001,85.084,76.306,310.647,0.05371762018519685
198.9833,128.212829,37.863834,7761.3869664,84.685,76.248,310.439,0.05371762018519685
199.0,128.212826,37.863835,7762.695168,84.288,76.19,310.228,0.05371762018519685
199.0166,128.212822,37.863836,7764.00276,83.895,76.131,310.016,0.05371762018519685
199.0333,128.212819,37.863837,7765.309437600001,83.504,76.073,309.802,0.05371762018519685
199.05,128.212815,37.863838,7766.615200800001,83.116,76.015,309.586,0.05371762018519685
199.0666,128.212812,37.863839,7767.9203544,82.731,75.956,309.369,0.05371762018519685
199.0833,128.212809,37.86384,7769.2245936,82.349,75.898,309.15,0.05371762018519685
199.1,128.212805,37.863841,7770.5279184,81.971,75.84,308.93,0.05371762018519685
199.1166,128.212802,37.863842,7771.830328800001,81.595,75.782,308.709,0.05371762018519685
199.1333,128.212798,37.863843,7773.131824800001,81.219,75.725,308.489,0.05371762018519685
199.15,128.212795,37.863844,7774.432711200001,80.843,75.668,308.276,0.05371762018519685
199.1666,128.212792,37.863845,7775.732683200001,80.473,75.613,308.071,0.05371762018519685
199.1833,128.212788,37.863846,7777.031436,80.112,75.558,307.879,0.05371762018519685
199.2,128.212785,37.863847,7778.329579200001,79.761,75.505,307.702,0.05371762018519685
199.2166,128.212781,37.863848,7779.626808,79.422,75.453,307.539,0.05371762018519685
199.2333,128.212778,37.863849,7780.922817600001,79.093,75.402,307.391,0.05371762018519685
199.25,128.212774,37.86385,7782.218217600001,78.774,75.353,307.257,0.05371762018519685
199.2666,128.212771,37.863851,7783.5123984,78.465,75.305,307.137,0.05371762018519685
199.2833,128.212768,37.863852,7784.805969600001,78.167,75.259,307.031,0.05371762018519685
199.3,128.212764,37.863853,7786.0983216,77.878,75.214,306.937,0.05371762018519685
199.3166,128.212761,37.863854,7787.3897592,77.598,75.171,306.857,0.05371762018519685
199.3333,128.212758,37.863855,7788.680282400001,77.327,75.129,306.789,0.05371762018519685
199.35,128.212754,37.863856,7789.9698912,77.065,75.089,306.733,0.05371762018519685
199.3666,128.212751,37.863858,7791.2585856000005,76.811,75.051,306.689,0.05371762018519685
199.3833,128.212747,37.863859,7792.546365600001,76.566,75.014,306.657,0.05371762018519685
199.4,128.212744,37.86386,7793.8332312,76.328,74.978,306.636,0.05371762018519685
199.4166,128.212741,37.863861,7795.119182400001,76.098,74.944,306.626,0.05371762018519685
199.4333,128.212737,37.863862,7796.403914400001,75.876,74.912,306.627,0.05371762018519685
199.45,128.212734,37.863863,7797.6880368,75.662,74.882,306.639,0.05371762018519685
199.4666,128.212731,37.863864,7798.97094,75.454,74.853,306.661,0.05371762018519685
199.4833,128.212727,37.863866,7800.2532336,75.253,74.825,306.693,0.05371762018519685
199.5,128.212724,37.863867,7801.534308,75.059,74.8,306.735,0.05371762018519685
199.5166,128.21272,37.863868,7802.8144680000005,74.872,74.775,306.787,0.05371762018519685
199.5333,128.212717,37.863869,7804.0937136,74.691,74.753,306.848,0.05371762018519685
199.55,128.212714,37.86387,7805.3720448,74.516,74.732,306.918,0.05371762018519685
199.5666,128.21271,37.863872,7806.6494616,74.348,74.713,306.997,0.05371762018519685
199.5833,128.212707,37.863873,7807.925964000001,74.185,74.695,307.086,0.05371762018519685
199.6,128.212704,37.863874,7809.201552,74.028,74.679,307.183,0.05371762018519685
199.6166,128.2127,37.863875,7810.4762256,73.877,74.664,307.288,0.05371762018519685
199.6333,128.212697,37.863876,7811.7499848,73.731,74.651,307.402,0.05371762018519685
199.65,128.212694,37.863878,7813.022524800001,73.591,74.639,307.524,0.05371762018519685
199.6666,128.21269,37.863879,7814.294455200001,73.456,74.629,307.654,0.05371762018519685
199.6833,128.212687,37.86388,7815.5651664,73.326,74.621,307.793,0.05371762018519685
199.7,128.212684,37.863881,7816.835268000001,73.201,74.614,307.938,0.05371762018519685
199.7166,128.21268,37.863883,7818.1041504,73.081,74.608,308.092,0.05371762018519685
199.7333,128.212677,37.863884,7819.3724232,72.966,74.604,308.252,0.05371762018519685
199.75,128.212674,37.863885,7820.6394768,72.855,74.602,308.42,0.05371762018519685
199.7666,128.212671,37.863887,7821.905616,72.748,74.601,308.595,0.05371762018519685
199.7833,128.212667,37.863888,7823.1711456,72.646,74.601,308.777,0.05371762018519685
199.8,128.212664,37.863889,7824.435456000001,72.548,74.602,308.965,0.05371762018519685
199.8166,128.212661,37.863891,7825.698852,72.454,74.605,309.161,0.05371762018519685
199.8333,128.212657,37.863892,7826.961333600001,72.365,74.61,309.362,0.05371762018519685
199.85,128.212654,37.863893,7828.2232056,72.279,74.615,309.57,0.05371762018519685
199.8666,128.212651,37.863895,7829.4838584,72.196,74.622,309.784,0.05371762018519685
199.8833,128.212647,37.863896,7830.743596800001,72.118,74.63,310.004,0.05371762018519685
199.9,128.212644,37.863897,7832.0024207999995,72.042,74.639,310.23,0.05371762018519685
199.9166,128.212641,37.863899,7833.2603304,71.971,74.65,310.462,0.05371762018519685
199.9333,128.212638,37.8639,7834.5173256,71.902,74.662,310.7,0.05371762018519685
199.95,128.212634,37.863901,7835.773406400001,71.837,74.675,310.943,0.05371762018519685
199.9666,128.212631,37.863903,7837.028572800001,71.775,74.689,311.192,0.05371762018519685
