Time,Longitude,Latitude,Altitude,Roll (deg),Pitch (deg),Yaw (deg),Health
0.0,128.181881,37.914475,2492.6278824,0.0,-0.005,179.999,1.0
0.0166,128.181881,37.914435,2492.6123376,0.0,-0.017,180.0,1.0
0.0333,128.181881,37.914394,2492.5940496,0.115,-0.036,180.021,1.0
0.05,128.181881,37.914353,2492.5733232000002,0.341,-0.058,180.063,1.0
0.0666,128.181881,37.914313,2492.5489392000004,0.685,-0.082,180.117,1.0
0.0833,128.181881,37.914272,2492.520288,1.155,-0.107,180.173,1.0
0.1,128.181881,37.914231,2492.4864552,1.75,-0.132,180.227,1.0
0.1166,128.181881,37.914191,2492.4465264,2.464,-0.157,180.278,1.0
0.1333,128.181881,37.91415,2492.4005016,3.289,-0.18,180.325,1.0
0.15,128.181881,37.914109,2492.3471616,4.218,-0.2,180.371,1.0
0.1666,128.181881,37.914068,2492.285592,5.242,-0.22,180.415,1.0
0.1833,128.181881,37.914027,2492.2179264,6.357,-0.239,180.457,1.0
0.2,128.181881,37.913987,2492.1432504000004,7.555,-0.258,180.498,1.0
0.2166,128.181881,37.913946,2492.0618688,8.832,-0.279,180.538,1.0
0.2333,128.181881,37.913905,2491.9743912000004,10.184,-0.284,180.58,1.0
0.25,128.181881,37.913864,2491.8808176000002,11.605,-0.273,180.624,1.0
0.2666,128.181881,37.913823,2491.781148,13.092,-0.253,180.67,1.0
0.2833,128.181881,37.913782,2491.6753824,14.641,-0.23,180.716,1.0
0.3,128.181881,37.913741,2491.5644352,16.249,-0.208,180.762,1.0
0.3166,128.181881,37.9137,2491.4476968000004,17.912,-0.189,180.807,1.0
0.3333,128.181881,37.913659,2491.3263864,19.626,-0.154,180.859,1.0
0.35,128.181881,37.913618,2491.2008088000002,21.39,-0.094,180.921,1.0
0.3666,128.181881,37.913576,2491.0703544000003,23.201,-0.018,180.992,1.0
0.3833,128.181881,37.913535,2490.9362424,25.056,0.065,181.069,1.0
0.4,128.181881,37.913494,2490.7978632,26.954,0.15,181.149,1.0
0.4166,128.181881,37.913453,2490.6561312000003,28.893,0.23,181.231,1.0
0.4333,128.181881,37.913412,2490.511656,30.87,0.322,181.324,1.0
0.45,128.181881,37.91337,2490.3647424,32.884,0.441,181.44,1.0
0.4666,128.181881,37.913329,2490.2153904,34.935,0.58,181.575,1.0
0.4833,128.181881,37.913288,2490.0639048000003,37.022,0.725,181.724,1.0
0.5,128.181881,37.913246,2489.9105904,39.143,0.869,181.881,1.0
0.5166,128.181881,37.913205,2489.7560568,41.297,1.005,182.041,1.0
0.5333,128.181881,37.913164,2489.6021328,43.375,1.155,182.21,1.0
0.55,128.181881,37.913122,2489.449428,45.376,1.331,182.4,1.0
0.5666,128.181881,37.913081,2489.2988568,47.306,1.527,182.617,1.0
0.5833,128.181881,37.913039,2489.1513336,49.173,1.727,182.857,1.0
0.6,128.181881,37.912998,2489.0071632,50.989,1.92,183.11,1.0
0.6166,128.18188,37.912956,2488.8660408,52.766,2.1,183.372,1.0
0.6333,128.18188,37.912915,2488.7294904,54.381,2.289,183.647,1.0
0.65,128.181879,37.912873,2488.5978168,55.85,2.499,183.951,1.0
0.6666,128.181879,37.912832,2488.4719344,57.195,2.722,184.287,1.0
0.6833,128.181878,37.91279,2488.3524528000003,58.435,2.943,184.646,1.0
0.7,128.181877,37.912749,2488.2390672,59.592,3.153,185.019,1.0
0.7166,128.181876,37.912707,2488.1299488,60.688,3.345,185.398,1.0
0.7333,128.181875,37.912666,2488.0278408,61.651,3.535,185.78,1.0
0.75,128.181873,37.912624,2487.9321336,62.501,3.721,186.164,1.0
0.7666,128.181872,37.912583,2487.8434368000003,63.258,3.901,186.549,1.0
0.7833,128.18187,37.912541,2487.7605312,63.938,4.069,186.934,1.0
0.8,128.181868,37.9125,2487.6837216000004,64.558,4.224,187.317,1.0
0.8166,128.181866,37.912458,2487.6120936,65.133,4.366,187.698,1.0
0.8333,128.181864,37.912417,2487.545952,65.678,4.496,188.077,1.0
0.85,128.181861,37.912375,2487.484992,66.205,4.616,188.453,1.0
0.8666,128.181859,37.912334,2487.4289088,66.72,4.728,188.825,1.0
0.8833,128.181856,37.912292,2487.3780072000004,67.228,4.832,189.194,1.0
0.9,128.181853,37.912251,2487.3319824,67.733,4.93,189.56,1.0
0.9166,128.18185,37.912209,2487.2905296000004,68.237,5.021,189.921,1.0
0.9333,128.181846,37.912168,2487.254868,68.703,5.111,190.277,1.0
0.95,128.181843,37.912127,2487.2246928,69.133,5.199,190.628,1.0
0.9666,128.181839,37.912085,2487.200004,69.531,5.284,190.975,1.0
0.9833,128.181835,37.912044,2487.1804968,69.9,5.365,191.318,1.0
1.0,128.181831,37.912002,2487.1661712,70.245,5.439,191.659,1.0
1.0166,128.181827,37.911961,2487.1570272,70.571,5.508,191.997,1.0
1.0333,128.181822,37.91192,2487.1533696,70.869,5.574,192.333,1.0
1.05,128.181817,37.911878,2487.1545888,71.144,5.637,192.666,1.0
1.0666,128.181812,37.911837,2487.1606848,71.399,5.697,192.997,1.0
1.0833,128.181807,37.911796,2487.1716576,71.638,5.754,193.325,1.0
1.1,128.181802,37.911754,2487.1875072000003,71.864,5.808,193.652,1.0
1.1166,128.181796,37.911713,2487.2079288000004,72.081,5.859,193.977,1.0
1.1333,128.18179,37.911672,2487.2332272000003,72.286,5.907,194.299,1.0
1.15,128.181784,37.911631,2487.2630976,72.483,5.953,194.62,1.0
1.1666,128.181778,37.911589,2487.29754,72.673,5.997,194.939,1.0
1.1833,128.181771,37.911548,2487.3365544000003,72.856,6.04,195.256,1.0
1.2,128.181765,37.911507,2487.3801408,73.035,6.08,195.571,1.0
1.2166,128.181758,37.911466,2487.4279944,73.21,6.119,195.884,1.0
1.2333,128.18175,37.911425,2487.4801152000005,73.507,6.135,196.183,1.0
1.25,128.181743,37.911384,2487.5358936000002,73.919,6.129,196.466,1.0
1.2666,128.181736,37.911343,2487.5941104000003,74.452,6.11,196.74,1.0
1.2833,128.181728,37.911302,2487.6550704,75.109,6.084,197.008,1.0
1.3,128.18172,37.911261,2487.7178592,75.883,6.055,197.274,1.0
1.3166,128.181712,37.91122,2487.7824768,76.757,6.027,197.539,1.0
1.3333,128.181704,37.911179,2487.8486184000003,77.712,5.998,197.802,1.0
1.35,128.181696,37.911138,2487.916284,78.731,5.97,198.064,1.0
1.3666,128.181687,37.911097,2487.9854736,79.799,5.94,198.324,1.0
1.3833,128.181678,37.911056,2488.0561872,80.904,5.907,198.583,1.0
1.4,128.181669,37.911015,2488.1278152000004,82.036,5.87,198.841,1.0
1.4166,128.18166,37.910975,2488.2006624,83.189,5.828,199.098,1.0
1.4333,128.181651,37.910934,2488.274424,84.333,5.784,199.363,1.0
1.45,128.181641,37.910893,2488.3487952,85.466,5.738,199.636,1.0
1.4666,128.181632,37.910852,2488.4234712,86.586,5.687,199.914,1.0
1.4833,128.181622,37.910811,2488.4981472,87.695,5.629,200.194,1.0
1.5,128.181612,37.910771,2488.5728232,88.794,5.564,200.474,1.0
1.5166,128.181601,37.91073,2488.6465848,89.884,5.49,200.754,1.0
1.5333,128.181591,37.910689,2488.7194320000003,90.934,5.414,201.043,1.0
1.55,128.18158,37.910649,2488.79106,91.945,5.334,201.341,1.0
1.5666,128.181569,37.910608,2488.8614688,92.924,5.249,201.643,1.0
1.5833,128.181558,37.910568,2488.929744,93.872,5.156,201.948,1.0
1.6,128.181546,37.910527,2488.9961904,94.797,5.056,202.252,1.0
1.6166,128.181534,37.910487,2489.0605032,95.702,4.947,202.555,1.0
1.6333,128.181523,37.910447,2489.1214632,96.563,4.835,202.857,1.0
1.65,128.18151,37.910406,2489.1793752000003,97.385,4.72,203.158,1.0
1.6666,128.181498,37.910366,2489.2342392,98.173,4.599,203.459,1.0
1.6833,128.181485,37.910326,2489.2854456,98.933,4.473,203.758,1.0
1.7,128.181472,37.910286,2489.3329944,99.671,4.341,204.055,1.0
1.7166,128.181459,37.910246,2489.3765808000003,100.39,4.202,204.35,1.0
1.7333,128.181446,37.910206,2489.4152904,101.078,4.059,204.645,1.0
1.75,128.181433,37.910166,2489.449428,101.74,3.912,204.939,1.0
1.7666,128.181419,37.910126,2489.4786888000003,102.379,3.762,205.232,1.0
1.7833,128.181405,37.910086,2489.5030728,103.0,3.608,205.523,1.0
1.8,128.181391,37.910046,2489.5222752,103.605,3.448,205.812,1.0
1.8166,128.181376,37.910006,2489.5359912000004,104.199,3.284,206.099,1.0
1.8333,128.181361,37.909967,2489.5448304,104.841,3.109,206.383,1.0
1.85,128.181347,37.909927,2489.5481832,105.531,2.922,206.663,1.0
1.8666,128.181332,37.909887,2489.5460496,106.267,2.728,206.939,1.0
1.8833,128.181316,37.909848,2489.5384296,107.042,2.528,207.212,1.0
1.9,128.181301,37.909808,2489.5244088,107.85,2.322,207.482,1.0
1.9166,128.181285,37.909769,2489.504292,108.684,2.111,207.749,1.0
1.9333,128.18127,37.909729,2489.4765552,109.494,1.9,208.014,1.0
1.95,128.181254,37.90969,2489.4415032,110.279,1.691,208.278,1.0
1.9666,128.181237,37.90965,2489.3979168,111.041,1.483,208.541,1.0
1.9833,128.181221,37.909611,2489.345796,111.783,1.274,208.802,1.0
2.0,128.181204,37.909572,2489.2854456,112.511,1.066,209.061,1.0
2.0166,128.181187,37.909533,2489.2165608,113.223,0.856,209.318,1.0
2.0333,128.18117,37.909494,2489.1376176000003,113.879,0.647,209.575,1.0
2.05,128.181153,37.909455,2489.048616,114.479,0.44,209.833,1.0
2.0666,128.181135,37.909416,2488.9492512,115.03,0.232,210.09,1.0
2.0833,128.181118,37.909377,2488.8404376000003,115.537,0.019,210.345,1.0
2.1,128.1811,37.909338,2488.7215656,116.007,-0.198,210.598,1.0
2.1166,128.181081,37.909299,2488.5923304000003,116.447,-0.42,210.848,1.0
2.1333,128.181063,37.909261,2488.4518176,116.851,-0.645,211.098,1.0
2.15,128.181044,37.909222,2488.3009416,117.223,-0.872,211.347,1.0
2.1666,128.181025,37.909184,2488.1393976,117.57,-1.101,211.594,1.0
2.1833,128.181006,37.909145,2487.9671856,117.896,-1.333,211.841,1.0
2.2,128.180987,37.909107,2487.7836960000004,118.205,-1.566,212.086,1.0
2.2166,128.180968,37.909069,2487.5895384,118.5,-1.801,212.329,1.0
2.2333,128.180948,37.90903,2487.3837984,118.778,-2.037,212.572,1.0
2.25,128.180928,37.908992,2487.1670856,119.044,-2.274,212.815,1.0
2.2666,128.180908,37.908954,2486.9387904,119.297,-2.511,213.056,1.0
2.2833,128.180888,37.908916,2486.6989128,119.54,-2.748,213.296,1.0
2.3,128.180867,37.908878,2486.4477576,119.773,-2.986,213.535,1.0
2.3166,128.180847,37.90884,2486.18502,119.999,-3.225,213.773,1.0
2.3333,128.180826,37.908803,2485.9100904,120.215,-3.463,214.01,1.0
2.35,128.180805,37.908765,2485.6232736,120.422,-3.7,214.247,1.0
2.3666,128.180783,37.908727,2485.3245696000004,120.622,-3.937,214.483,1.0
2.3833,128.180762,37.90869,2485.0139784000003,120.813,-4.173,214.719,1.0
2.4,128.18074,37.908652,2484.6911952,120.997,-4.41,214.953,1.0
2.4166,128.180718,37.908615,2484.35622,121.174,-4.647,215.187,1.0
2.4333,128.180696,37.908578,2484.0090528,121.346,-4.883,215.42,1.0
2.45,128.180674,37.908541,2483.6493888,121.512,-5.119,215.652,1.0
2.4666,128.180652,37.908504,2483.2775328000002,121.673,-5.355,215.884,1.0
2.4833,128.180629,37.908467,2482.89318,121.829,-5.59,216.115,1.0
2.5,128.180606,37.90843,2482.4960256,121.981,-5.826,216.345,1.0
2.5166,128.180584,37.908393,2482.0866792,122.128,-6.061,216.574,1.0
2.5333,128.18056,37.908356,2481.663312,122.263,-6.294,216.804,1.0
2.55,128.180537,37.908319,2481.227448,122.386,-6.526,217.035,1.0
2.5666,128.180514,37.908283,2480.7781728,122.498,-6.756,217.265,1.0
2.5833,128.18049,37.908246,2480.3160960000005,122.598,-6.986,217.495,1.0
2.6,128.180466,37.90821,2479.8409128000003,122.687,-7.216,217.724,1.0
2.6166,128.180442,37.908174,2479.3526232000004,122.767,-7.446,217.953,1.0
2.6333,128.180418,37.908137,2478.8493984,122.817,-7.67,218.185,1.0
2.65,128.180393,37.908101,2478.3318480000003,122.838,-7.888,218.421,1.0
2.6666,128.180369,37.908065,2477.8008864000003,122.831,-8.103,218.659,1.0
2.6833,128.180344,37.908029,2477.255904,122.796,-8.317,218.897,1.0
2.7,128.180319,37.907994,2476.6975104000003,122.736,-8.53,219.135,1.0
2.7166,128.180294,37.907958,2476.125096,122.654,-8.743,219.372,1.0
2.7333,128.180268,37.907922,2475.5374416,122.506,-8.948,219.616,1.0
2.75,128.180243,37.907887,2474.9345472,122.297,-9.143,219.867,1.0
2.7666,128.180217,37.907852,2474.3167176,122.031,-9.332,220.121,1.0
2.7833,128.180191,37.907816,2473.6848672,121.711,-9.52,220.377,1.0
2.8,128.180165,37.907781,2473.0386912000004,121.343,-9.706,220.633,1.0
2.8166,128.180138,37.907746,2472.3784944000004,120.935,-9.893,220.889,1.0
2.8333,128.180112,37.907711,2471.7058008,120.538,-10.083,221.143,1.0
2.85,128.180085,37.907677,2471.0200008,120.155,-10.275,221.396,1.0
2.8666,128.180058,37.907642,2470.321704,119.79,-10.468,221.648,1.0
2.8833,128.180031,37.907607,2469.61152,119.443,-10.658,221.902,1.0
2.9,128.180004,37.907573,2468.8882296,119.111,-10.845,222.157,1.0
2.9166,128.179977,37.907539,2468.1527472,118.791,-11.029,222.414,1.0
2.9333,128.179949,37.907504,2467.4035488,118.453,-11.204,222.676,1.0
2.95,128.179921,37.90747,2466.6409392,118.095,-11.371,222.94,1.0
2.9666,128.179894,37.907436,2465.8652232000004,117.715,-11.533,223.208,1.0
2.9833,128.179865,37.907402,2465.0773152,117.312,-11.69,223.476,1.0
3.0,128.179837,37.907369,2464.2763008,116.889,-11.846,223.745,1.0
3.0166,128.179809,37.907335,2463.4633992000004,116.447,-11.999,224.014,1.0
3.0333,128.17978,37.907301,2462.6364768,115.964,-12.146,224.285,1.0
3.05,128.179751,37.907268,2461.7970576000002,115.444,-12.289,224.557,1.0
3.0666,128.179722,37.907235,2460.9457512000004,114.892,-12.426,224.831,1.0
3.0833,128.179693,37.907202,2460.081948,114.31,-12.561,225.106,1.0
3.1,128.179663,37.907169,2459.2065624,113.703,-12.693,225.381,1.0
3.1166,128.179634,37.907136,2458.3198992000002,113.076,-12.822,225.659,1.0
3.1333,128.179604,37.907103,2457.424092,112.577,-12.979,225.925,1.0
3.15,128.179574,37.907071,2456.5179216,112.202,-13.164,226.181,1.0
3.1666,128.179544,37.907038,2455.6010832,111.965,-13.363,226.432,1.0
3.1833,128.179514,37.907006,2454.6741864,111.877,-13.566,226.681,1.0
3.2,128.179483,37.906974,2453.7372312,111.933,-13.766,226.932,1.0
3.2166,128.179453,37.906942,2452.7902176000002,112.114,-13.961,227.185,1.0
3.2333,128.179422,37.906909,2451.83406,112.438,-14.145,227.421,1.0
3.25,128.179391,37.906878,2450.8687584000004,112.895,-14.321,227.635,1.0
3.2666,128.17936,37.906846,2449.8943128,113.477,-14.492,227.833,1.0
3.2833,128.179329,37.906814,2448.9113328000003,114.175,-14.661,228.022,1.0
3.3,128.179298,37.906782,2447.9192088,114.977,-14.831,228.207,1.0
3.3166,128.179267,37.90675,2446.9188552,115.866,-15.002,228.389,1.0
3.3333,128.179235,37.906719,2445.9078336,116.802,-15.174,228.579,1.0
3.35,128.179204,37.906687,2444.8870584,117.774,-15.348,228.774,1.0
3.3666,128.179172,37.906656,2443.8553104000002,118.77,-15.525,228.972,1.0
3.3833,128.17914,37.906625,2442.8122848,119.785,-15.704,229.169,1.0
3.4,128.179108,37.906593,2441.7585912000004,120.812,-15.887,229.363,1.0
3.4166,128.179076,37.906562,2440.6930104000003,121.848,-16.074,229.553,1.0
3.4333,128.179044,37.906531,2439.614628,122.827,-16.268,229.757,1.0
3.45,128.179012,37.9065,2438.5231392,123.748,-16.469,229.974,1.0
3.4666,128.178979,37.90647,2437.4179344000004,124.618,-16.677,230.199,1.0
3.4833,128.178947,37.906439,2436.2987088,125.443,-16.893,230.423,1.0
3.5,128.178914,37.906409,2435.1660720000004,126.231,-17.116,230.644,1.0
3.5166,128.178881,37.906378,2434.0197192,126.989,-17.346,230.86,1.0
3.5333,128.178848,37.906348,2432.86026,127.736,-17.583,231.07,1.0
3.55,128.178815,37.906318,2431.6870848,128.478,-17.827,231.274,1.0
3.5666,128.178782,37.906288,2430.4998888,129.22,-18.077,231.474,1.0
3.5833,128.178749,37.906258,2429.2989768,129.964,-18.331,231.669,1.0
3.6,128.178715,37.906228,2428.0837392000003,130.712,-18.589,231.861,1.0
3.6166,128.178682,37.906198,2426.8541760000003,131.465,-18.851,232.05,1.0
3.6333,128.178648,37.906169,2425.6081536,132.133,-19.106,232.245,1.0
3.65,128.178615,37.906139,2424.3459768,132.716,-19.353,232.446,1.0
3.6666,128.178581,37.90611,2423.0676456,133.221,-19.599,232.65,1.0
3.6833,128.178547,37.90608,2421.7719408000003,133.654,-19.846,232.852,1.0
3.7,128.178513,37.906051,2420.4585576,134.026,-20.098,233.049,1.0
3.7166,128.178479,37.906022,2419.1287152000004,134.347,-20.355,233.241,1.0
3.7333,128.178444,37.905994,2417.7790608,134.606,-20.608,233.438,1.0
3.75,128.17841,37.905965,2416.4111184000003,134.814,-20.857,233.641,1.0
3.7666,128.178376,37.905937,2415.0261072000003,134.975,-21.104,233.848,1.0
3.7833,128.178341,37.905908,2413.6237224,135.094,-21.352,234.054,1.0
3.8,128.178307,37.90588,2412.2036592,135.176,-21.603,234.26,1.0
3.8166,128.178272,37.905852,2410.7668320000002,135.228,-21.856,234.465,1.0
3.8333,128.178237,37.905824,2409.3101928,135.195,-22.104,234.676,1.0
3.85,128.178202,37.905796,2407.8352656,135.083,-22.347,234.894,1.0
3.8666,128.178167,37.905768,2406.3408312,134.901,-22.588,235.117,1.0
3.8833,128.178132,37.905741,2404.8281088,134.657,-22.829,235.34,1.0
3.9,128.178097,37.905714,2403.297708,134.362,-23.071,235.563,1.0
3.9166,128.178062,37.905686,2401.7496288,134.025,-23.313,235.785,1.0
3.9333,128.178027,37.905659,2400.1814328,133.632,-23.554,236.011,1.0
3.95,128.177991,37.905633,2398.5958632,133.192,-23.792,236.24,1.0
3.9666,128.177956,37.905606,2396.9926152000003,132.712,-24.028,236.472,1.0
3.9833,128.17792,37.905579,2395.3719936,132.198,-24.262,236.706,1.0
4.0,128.177885,37.905553,2393.7339984,131.656,-24.494,236.942,1.0
4.0166,128.177849,37.905527,2392.0792392000003,131.091,-24.724,237.181,1.0
4.0333,128.177813,37.905501,2390.4089352,130.538,-24.955,237.419,1.0
4.05,128.177777,37.905475,2388.7227816,130.0,-25.186,237.656,1.0
4.0666,128.177741,37.905449,2387.021388,129.476,-25.416,237.894,1.0
4.0833,128.177705,37.905423,2385.30384,128.966,-25.642,238.135,1.0
4.1,128.177669,37.905398,2383.5710520000002,128.468,-25.863,238.38,1.0
4.1166,128.177633,37.905372,2381.8224144,127.977,-26.081,238.627,1.0
4.1333,128.177597,37.905347,2380.0600608,127.542,-26.299,238.873,1.0
4.15,128.17756,37.905322,2378.2833816,127.158,-26.518,239.116,1.0
4.1666,128.177524,37.905297,2376.4929864,126.819,-26.736,239.359,1.0
4.1833,128.177487,37.905272,2374.6879608,126.519,-26.951,239.604,1.0
4.2,128.177451,37.905247,2372.8686096,126.25,-27.161,239.851,1.0
4.2166,128.177414,37.905223,2371.034628,126.007,-27.366,240.101,1.0
4.2333,128.177377,37.905198,2369.1878448,125.807,-27.571,240.351,1.0
4.25,128.17734,37.905174,2367.3270408000003,125.644,-27.776,240.599,1.0
4.2666,128.177304,37.90515,2365.452216,125.512,-27.979,240.846,1.0
4.2833,128.177267,37.905126,2363.5630656,125.406,-28.18,241.095,1.0
4.3,128.17723,37.905102,2361.6598944,125.321,-28.379,241.344,1.0
4.3166,128.177193,37.905078,2359.7423976,125.252,-28.575,241.595,1.0
4.3333,128.177155,37.905055,2357.8114896,125.193,-28.772,241.843,1.0
4.35,128.177118,37.905031,2355.8659512,125.14,-28.972,242.089,1.0
4.3666,128.177081,37.905008,2353.9063920000003,125.094,-29.173,242.333,1.0
4.3833,128.177043,37.904985,2351.9325072,125.056,-29.374,242.577,1.0
4.4,128.177006,37.904962,2349.9446016,125.024,-29.575,242.821,1.0
4.4166,128.176968,37.904939,2347.9420656,124.999,-29.774,243.066,1.0
4.4333,128.176931,37.904917,2345.926728,124.987,-29.975,243.309,1.0
4.45,128.176893,37.904894,2343.8970648,124.987,-30.179,243.55,1.0
4.4666,128.176856,37.904872,2341.8536856,125.0,-30.384,243.79,1.0
4.4833,128.176818,37.90485,2339.7959808,125.024,-30.589,244.03,1.0
4.5,128.17678,37.904827,2337.7239504000004,125.057,-30.794,244.27,1.0
4.5166,128.176742,37.904806,2335.6378992,125.099,-30.997,244.511,1.0
4.5333,128.176704,37.904784,2333.5390464,125.172,-31.204,244.75,1.0
4.55,128.176666,37.904762,2331.4270872,125.274,-31.412,244.986,1.0
4.5666,128.176628,37.904741,2329.3008024,125.401,-31.622,245.222,1.0
4.5833,128.17659,37.904719,2327.1608016,125.55,-31.832,245.457,1.0
4.6,128.176552,37.904698,2325.00678,125.719,-32.042,245.692,1.0
4.6166,128.176514,37.904677,2322.8387376,125.902,-32.251,245.928,1.0
4.6333,128.176475,37.904656,2320.6581984,126.128,-32.463,246.16,1.0
4.65,128.176437,37.904635,2318.464248,126.393,-32.678,246.389,1.0
4.6666,128.176399,37.904615,2316.2565816,126.692,-32.895,246.615,1.0
4.6833,128.17636,37.904594,2314.0348944,127.021,-33.114,246.84,1.0
4.7,128.176322,37.904574,2311.7991864,127.375,-33.332,247.065,1.0
4.7166,128.176284,37.904554,2309.5494576,127.749,-33.55,247.289,1.0
4.7333,128.176245,37.904533,2307.287232,128.155,-33.77,247.511,1.0
4.75,128.176207,37.904513,2305.0100712,128.589,-33.993,247.729,1.0
4.7666,128.176168,37.904494,2302.7191944,129.046,-34.217,247.945,1.0
4.7833,128.176129,37.904474,2300.4136872,129.524,-34.443,248.159,1.0
4.8,128.176091,37.904454,2298.0938544,130.019,-34.671,248.371,1.0
4.8166,128.176052,37.904435,2295.7593912,130.528,-34.899,248.581,1.0
4.8333,128.176014,37.904416,2293.4106024000002,131.049,-35.129,248.789,1.0
4.85,128.175975,37.904397,2291.0465736,131.58,-35.362,248.995,1.0
4.8666,128.175936,37.904378,2288.6679144,132.119,-35.596,249.198,1.0
4.8833,128.175897,37.904359,2286.27432,132.666,-35.833,249.399,1.0
4.9,128.175859,37.90434,2283.8651808,133.219,-36.072,249.598,1.0
4.9166,128.17582,37.904322,2281.4414112,133.778,-36.313,249.794,1.0
4.9333,128.175781,37.904303,2279.0030112,134.353,-36.558,249.986,1.0
4.95,128.175742,37.904285,2276.5490664000004,134.943,-36.805,250.175,1.0
4.9666,128.175704,37.904267,2274.0801864,135.547,-37.056,250.36,1.0
4.9833,128.175665,37.904249,2271.5960664000004,136.163,-37.309,250.543,1.0
5.0,128.175626,37.904231,2269.0960968,136.79,-37.565,250.723,1.0
5.0166,128.175587,37.904214,2266.5808872000002,137.427,-37.822,250.9,1.0
5.0333,128.175549,37.904196,2264.051352,138.095,-38.083,251.072,1.0
5.05,128.17551,37.904179,2261.5065768,138.791,-38.349,251.237,1.0
5.0666,128.175471,37.904161,2258.9462568,139.514,-38.617,251.398,1.0
5.0833,128.175432,37.904144,2256.3703920000003,140.26,-38.887,251.556,1.0
5.1,128.175394,37.904127,2253.7786776000003,141.026,-39.16,251.71,1.0
5.1166,128.175355,37.90411,2251.1714184,141.809,-39.435,251.86,1.0
5.1333,128.175316,37.904093,2248.5477,142.603,-39.711,252.007,1.0
5.15,128.175278,37.904077,2245.9078272,143.407,-39.989,252.15,1.0
5.1666,128.175239,37.90406,2243.2518,144.22,-40.27,252.289,1.0
5.1833,128.175201,37.904044,2240.5793136,145.04,-40.553,252.422,1.0
5.2,128.175162,37.904027,2237.890368,145.867,-40.838,252.551,1.0
5.2166,128.175124,37.904011,2235.1849632,146.701,-41.127,252.674,1.0
5.2333,128.175085,37.903995,2232.4615752,147.51,-41.416,252.797,1.0
5.25,128.175047,37.903979,2229.720204,148.294,-41.706,252.918,1.0
5.2666,128.175008,37.903964,2226.961764,149.057,-41.998,253.037,1.0
5.2833,128.17497,37.903948,2224.1856456,149.803,-42.292,253.149,1.0
5.3,128.174932,37.903932,2221.3924584,150.537,-42.59,253.256,1.0
5.3166,128.174894,37.903917,2218.5818976,151.263,-42.891,253.356,1.0
5.3333,128.174856,37.903902,2215.7524392,151.942,-43.192,253.457,1.0
5.35,128.174818,37.903887,2212.9040832,152.579,-43.494,253.559,1.0
5.3666,128.17478,37.903872,2210.0374392000003,153.181,-43.798,253.659,1.0
5.3833,128.174742,37.903857,2207.152812,153.754,-44.104,253.754,1.0
5.4,128.174704,37.903842,2204.2505064,154.305,-44.412,253.843,1.0
5.4166,128.174666,37.903827,2201.3302176,154.84,-44.723,253.926,1.0
5.4333,128.174629,37.903813,2198.3904216,155.329,-45.035,254.011,1.0
5.45,128.174591,37.903798,2195.4311184000003,155.776,-45.346,254.098,1.0
5.4666,128.174554,37.903784,2192.4541368,156.188,-45.659,254.185,1.0
5.4833,128.174517,37.90377,2189.4585624,156.572,-45.972,254.268,1.0
5.5,128.174479,37.903756,2186.4450048000003,156.934,-46.287,254.347,1.0
5.5166,128.174442,37.903742,2183.4131592000003,157.279,-46.604,254.421,1.0
5.5333,128.174405,37.903728,2180.3618064,157.592,-46.921,254.497,1.0
5.55,128.174368,37.903715,2177.2924704,157.876,-47.237,254.574,1.0
5.5666,128.174332,37.903701,2174.2048464,158.137,-47.554,254.651,1.0
5.5833,128.174295,37.903688,2171.0992392000003,158.38,-47.871,254.726,1.0
5.6,128.174258,37.903674,2167.975344,158.607,-48.188,254.799,1.0
5.6166,128.174222,37.903661,2164.8334656,158.822,-48.506,254.87,1.0
5.6333,128.174185,37.903648,2161.673604,159.022,-48.823,254.942,1.0
5.65,128.174149,37.903635,2158.4954544,159.21,-49.14,255.017,1.0
5.6666,128.174113,37.903622,2155.2999312,159.388,-49.455,255.093,1.0
5.6833,128.174077,37.903609,2152.08612,159.556,-49.77,255.168,1.0
5.7,128.174041,37.903596,2148.8549352,159.715,-50.085,255.243,1.0
5.7166,128.174005,37.903584,2145.606072,159.868,-50.399,255.317,1.0
5.7333,128.17397,37.903571,2142.3377016000004,159.988,-50.71,255.403,1.0
5.75,128.173934,37.903559,2139.051348,160.076,-51.018,255.502,1.0
5.7666,128.173899,37.903547,2135.7470112,160.135,-51.324,255.609,1.0
5.7833,128.173864,37.903535,2132.4246912000003,160.167,-51.629,255.717,1.0
5.8,128.173829,37.903523,2129.084388,160.176,-51.933,255.825,1.0
5.8166,128.173794,37.903511,2125.7267112,160.166,-52.238,255.931,1.0
5.8333,128.173759,37.903499,2122.3495272,160.055,-52.539,256.052,1.0
5.85,128.173724,37.903487,2118.9537504,159.849,-52.837,256.19,1.0
5.8666,128.17369,37.903476,2115.539076,159.56,-53.133,256.337,1.0
5.8833,128.173655,37.903464,2112.1051992000002,159.203,-53.429,256.487,1.0
5.9,128.173621,37.903453,2108.6533392,158.791,-53.725,256.635,1.0
5.9166,128.173587,37.903442,2105.1838008,158.336,-54.02,256.783,1.0
5.9333,128.173553,37.903431,2101.6971936,157.889,-54.317,256.926,1.0
5.95,128.173519,37.90342,2098.1935176,157.458,-54.614,257.067,1.0
5.9666,128.173486,37.903409,2094.673992,157.04,-54.911,257.212,1.0
5.9833,128.173452,37.903399,2091.1377024000003,156.633,-55.205,257.363,1.0
6.0,128.173419,37.903388,2087.5846488,156.232,-55.498,257.522,1.0
6.0166,128.173386,37.903377,2084.015136,155.834,-55.787,257.691,1.0
6.0333,128.173353,37.903367,2080.4288592000003,155.429,-56.074,257.869,1.0
6.05,128.17332,37.903357,2076.8261232000004,155.015,-56.358,258.056,1.0
6.0666,128.173287,37.903347,2073.206928,154.591,-56.638,258.249,1.0
6.0833,128.173254,37.903337,2069.5715784,154.155,-56.917,258.45,1.0
6.1,128.173222,37.903327,2065.9197696,153.709,-57.193,258.656,1.0
6.1166,128.17319,37.903317,2062.2521112,153.252,-57.467,258.868,1.0
6.1333,128.173157,37.903308,2058.5695176000004,152.798,-57.74,259.083,1.0
6.15,128.173125,37.903298,2054.8707696,152.347,-58.011,259.302,1.0
6.1666,128.173093,37.903289,2051.1564768,151.898,-58.281,259.527,1.0
6.1833,128.173062,37.903279,2047.426944,151.448,-58.548,259.758,1.0
6.2,128.17303,37.90327,2043.6818664000002,150.995,-58.813,259.997,1.0
6.2166,128.172999,37.903261,2039.9215488,150.538,-59.076,260.244,1.0
6.2333,128.172967,37.903252,2036.144772,149.998,-59.333,260.51,1.0
6.25,128.172936,37.903244,2032.3524504000002,149.375,-59.584,260.797,1.0
6.2666,128.172905,37.903235,2028.5436696000002,148.68,-59.831,261.097,1.0
6.2833,128.172874,37.903227,2024.7190392000002,147.924,-60.077,261.403,1.0
6.3,128.172844,37.903218,2020.8791688,147.119,-60.321,261.714,1.0
6.3166,128.172813,37.90321,2017.0243632,146.274,-60.564,262.031,1.0
6.3333,128.172783,37.903202,2013.155232,145.479,-60.811,262.338,1.0
6.35,128.172753,37.903194,2009.2720800000002,144.737,-61.061,262.64,1.0
6.3666,128.172722,37.903187,2005.3749072000003,144.04,-61.31,262.945,1.0
6.3833,128.172692,37.903179,2001.4643232000003,143.378,-61.557,263.263,1.0
6.4,128.172663,37.903172,1997.5406328000001,142.739,-61.798,263.597,1.0
6.4166,128.172633,37.903164,1993.6029216000002,142.115,-62.034,263.947,1.0
6.4333,128.172603,37.903157,1989.6530184,141.554,-62.269,264.3,1.0
6.45,128.172574,37.90315,1985.6906184000002,141.049,-62.504,264.652,1.0
6.4666,128.172545,37.903143,1981.7154168,140.588,-62.737,265.008,1.0
6.4833,128.172515,37.903136,1977.7271088,140.16,-62.966,265.373,1.0
6.5,128.172486,37.903129,1973.7259992000002,139.753,-63.191,265.748,1.0
6.5166,128.172457,37.903123,1969.7120880000002,139.361,-63.412,266.133,1.0
6.5333,128.172429,37.903116,1965.6844608,138.854,-63.602,266.524,1.0
6.55,128.1724,37.90311,1961.6443368000002,138.268,-63.745,266.887,1.0
6.5666,128.172372,37.903104,1957.5914112,137.637,-63.833,267.171,1.0
6.5833,128.172343,37.903098,1953.5269032,136.999,-63.856,267.328,1.0
6.6,128.172315,37.903092,1949.4505080000001,136.39,-63.805,267.32,1.0
6.6166,128.172287,37.903086,1945.3622255999999,135.796,-63.689,267.167,1.0
6.6333,128.172259,37.903081,1941.2623608,135.185,-63.528,266.912,1.0
6.65,128.172231,37.903076,1937.1509136000002,134.525,-63.339,266.597,1.0
6.6666,128.172204,37.90307,1933.027884,133.784,-63.14,266.261,1.0
6.6833,128.172176,37.903065,1928.8947960000003,132.931,-62.947,265.942,1.0
6.7,128.172149,37.90306,1924.7513448000002,131.938,-62.777,265.674,1.0
6.7166,128.172121,37.903055,1920.5978352000002,130.789,-62.639,265.476,1.0
6.7333,128.172094,37.903051,1916.4348768,129.503,-62.524,265.331,1.0
6.75,128.172067,37.903046,1912.2627744000001,128.105,-62.423,265.212,1.0
6.7666,128.17204,37.903042,1908.0818328,126.617,-62.329,265.103,1.0
6.7833,128.172013,37.903038,1903.8923568,125.049,-62.239,264.994,1.0
6.8,128.171986,37.903034,1899.6949560000003,123.406,-62.151,264.887,1.0
6.8166,128.17196,37.90303,1895.4899352,121.691,-62.066,264.781,1.0
6.8333,128.171933,37.903026,1891.2775992000002,119.906,-61.985,264.679,1.0
6.85,128.171906,37.903022,1887.0585576,118.053,-61.908,264.581,1.0
6.8666,128.17188,37.903019,1882.8328104000002,116.136,-61.835,264.487,1.0
6.8833,128.171853,37.903015,1878.6009672000002,114.157,-61.765,264.397,1.0
6.9,128.171827,37.903012,1874.3633328,112.121,-61.699,264.311,1.0
6.9166,128.1718,37.903009,1870.1199072000002,110.03,-61.636,264.228,1.0
6.9333,128.171774,37.903005,1865.8713,107.889,-61.577,264.148,1.0
6.95,128.171748,37.903003,1861.6178160000002,105.701,-61.521,264.071,1.0
6.9666,128.171721,37.903,1857.3594552,103.468,-61.468,263.997,1.0
6.9833,128.171695,37.902997,1853.0968272,101.194,-61.418,263.925,1.0
7.0,128.171668,37.902994,1848.8302368000002,98.882,-61.371,263.857,1.0
7.0166,128.171642,37.902992,1844.5593792,96.536,-61.327,263.79,1.0
7.0333,128.171616,37.902989,1840.2851688,94.157,-61.286,263.727,1.0
7.05,128.171589,37.902987,1836.0076056,91.75,-61.247,263.665,1.0
7.0666,128.171563,37.902985,1831.7269944000002,89.317,-61.211,263.607,1.0
7.0833,128.171537,37.902982,1827.4433352,86.862,-61.177,263.55,1.0
7.1,128.17151,37.90298,1823.1572376000001,84.385,-61.146,263.496,1.0
7.1166,128.171484,37.902978,1818.8687016000001,81.891,-61.116,263.444,1.0
7.1333,128.171457,37.902976,1814.5780320000001,79.355,-61.086,263.42,1.0
7.15,128.171431,37.902975,1810.2858384,76.781,-61.055,263.424,1.0
7.1666,128.171404,37.902973,1805.9915112,74.181,-61.024,263.443,1.0
7.1833,128.171378,37.902971,1801.6959648000002,71.567,-60.993,263.466,1.0
7.2,128.171351,37.90297,1797.3991992,68.947,-60.964,263.488,1.0
7.2166,128.171324,37.902968,1793.1012144,66.325,-60.935,263.507,1.0
7.2333,128.171298,37.902967,1788.80262,63.665,-60.898,263.564,1.0
7.25,128.171271,37.902965,1784.5040256,60.939,-60.841,263.697,1.0
7.2666,128.171244,37.902964,1780.205736,58.135,-60.757,263.921,1.0
7.2833,128.171217,37.902963,1775.9071416,55.288,-60.652,264.199,1.0
7.3,128.17119,37.902962,1771.6085472,52.436,-60.536,264.491,1.0
7.3166,128.171163,37.902961,1767.3105624,49.606,-60.416,264.77,1.0
7.3333,128.171136,37.90296,1763.0128823999999,46.898,-60.288,265.087,1.0
7.35,128.171109,37.902959,1758.7155072000003,44.283,-60.134,265.47,1.0
7.3666,128.171082,37.902958,1754.4181320000002,41.748,-59.934,265.913,1.0
7.3833,128.171054,37.902957,1750.1201472,39.309,-59.696,266.371,1.0
7.4,128.171027,37.902956,1745.8227720000002,36.975,-59.434,266.808,1.0
7.4166,128.170999,37.902955,1741.5275304,34.732,-59.162,267.205,1.0
7.4333,128.170972,37.902955,1737.2328984,32.679,-58.872,267.619,1.0
7.45,128.170944,37.902954,1732.9397904,30.772,-58.547,268.073,1.0
7.4666,128.170916,37.902954,1728.6475968000002,28.995,-58.179,268.547,1.0
7.4833,128.170888,37.902953,1724.3560128000001,27.353,-57.782,269.0,1.0
7.5,128.17086,37.902952,1720.0662576,25.839,-57.375,269.406,1.0
7.5166,128.170832,37.902952,1715.7798552,24.423,-56.972,269.76,1.0
7.5333,128.170803,37.902952,1711.4952816,23.161,-56.559,270.107,1.0
7.55,128.170775,37.902951,1707.2134512,22.017,-56.126,270.462,1.0
7.5666,128.170746,37.902951,1702.9334496,20.978,-55.68,270.806,1.0
7.5833,128.170718,37.902951,1698.6564960000003,20.04,-55.233,271.121,1.0
7.6,128.170689,37.902951,1694.3841144,19.189,-54.793,271.399,1.0
7.6166,128.17066,37.90295,1690.1163048,18.4,-54.364,271.642,1.0
7.6333,128.170631,37.90295,1685.8518480000002,17.704,-53.95,271.867,1.0
7.65,128.170601,37.90295,1681.5910488000002,17.079,-53.55,272.078,1.0
7.6666,128.170572,37.90295,1677.3354312000001,16.514,-53.161,272.274,1.0
7.6833,128.170542,37.90295,1673.0856048,15.999,-52.78,272.454,1.0
7.7,128.170512,37.90295,1668.8421792,15.523,-52.408,272.616,1.0
7.7166,128.170482,37.902951,1664.6051544,15.078,-52.043,272.763,1.0
7.7333,128.170452,37.902951,1660.3763592,14.59,-51.684,272.886,1.0
7.75,128.170421,37.902951,1656.1564032,14.056,-51.331,272.99,1.0
7.7666,128.170391,37.902951,1651.9465056000001,13.474,-50.984,273.083,1.0
7.7833,128.17036,37.902952,1647.745752,12.847,-50.643,273.171,1.0
7.8,128.170329,37.902952,1643.5541424000003,12.184,-50.31,273.256,1.0
7.8166,128.170297,37.902953,1639.3716768,11.499,-49.981,273.338,1.0
7.8333,128.170266,37.902953,1635.1977456000002,10.847,-49.659,273.419,1.0
7.85,128.170234,37.902954,1631.0317392000002,10.235,-49.341,273.5,1.0
7.8666,128.170202,37.902954,1626.8736576,9.664,-49.027,273.573,1.0
7.8833,128.17017,37.902955,1622.7250248,9.133,-48.717,273.635,1.0
7.9,128.170138,37.902956,1618.5858408000001,8.633,-48.409,273.685,1.0
7.9166,128.170106,37.902957,1614.4564104,8.155,-48.105,273.726,1.0
7.9333,128.170073,37.902957,1610.3346000000001,7.729,-47.805,273.764,1.0
7.95,128.17004,37.902958,1606.221324,7.346,-47.511,273.803,1.0
7.9666,128.170007,37.902959,1602.1174968,7.002,-47.22,273.839,1.0
7.9833,128.169974,37.90296,1598.023728,6.692,-46.932,273.868,1.0
8.0,128.169941,37.902961,1593.9397128,6.41,-46.648,273.89,1.0
8.0166,128.169907,37.902962,1589.8660608,6.146,-46.366,273.906,1.0
8.0333,128.169873,37.902963,1585.8009432000001,5.913,-46.088,273.921,1.0
8.05,128.169839,37.902964,1581.7464936000001,5.704,-45.814,273.935,1.0
8.0666,128.169805,37.902965,1577.702712,5.515,-45.542,273.947,1.0
8.0833,128.169771,37.902966,1573.6692936000002,5.342,-45.273,273.957,1.0
8.1,128.169736,37.902967,1569.646848,5.183,-45.005,273.964,1.0
8.1166,128.169701,37.902968,1565.63568,5.034,-44.74,273.968,1.0
8.1333,128.169666,37.902969,1561.6348752000001,4.899,-44.477,273.972,1.0
8.15,128.169631,37.90297,1557.6453480000002,4.775,-44.217,273.975,1.0
8.1666,128.169596,37.902972,1553.6674032,4.66,-43.958,273.977,1.0
8.1833,128.16956,37.902973,1549.700736,4.552,-43.7,273.978,1.0
8.2,128.169524,37.902974,1545.7459560000002,4.451,-43.444,273.978,1.0
8.2166,128.169488,37.902975,1541.8030632,4.355,-43.19,273.977,1.0
8.2333,128.169452,37.902977,1537.8717528000002,4.265,-42.936,273.975,1.0
8.25,128.169416,37.902978,1533.9523296,4.181,-42.684,273.974,1.0
8.2666,128.169379,37.902979,1530.0450984,4.102,-42.433,273.972,1.0
8.2833,128.169342,37.902981,1526.150364,4.027,-42.184,273.969,1.0
8.3,128.169305,37.902982,1522.2678216000002,3.955,-41.935,273.966,1.0
8.3166,128.169268,37.902984,1518.397776,3.886,-41.686,273.963,1.0
8.3333,128.169231,37.902985,1514.5399224,3.821,-41.439,273.959,1.0
8.35,128.169193,37.902987,1510.6951752000002,3.76,-41.193,273.956,1.0
8.3666,128.169155,37.902988,1506.8629248,3.701,-40.947,273.952,1.0
8.3833,128.169117,37.90299,1503.0437808000001,3.646,-40.702,273.948,1.0
8.4,128.169079,37.902991,1499.2374384,3.592,-40.457,273.944,1.0
8.4166,128.169041,37.902993,1495.4442024,3.54,-40.213,273.94,1.0
8.4333,128.169002,37.902995,1491.6640728,3.491,-39.97,273.936,1.0
8.45,128.168963,37.902996,1487.8970496,3.444,-39.727,273.932,1.0
8.4666,128.168924,37.902998,1484.1437424,3.4,-39.485,273.927,1.0
8.4833,128.168885,37.903,1480.4035416,3.357,-39.242,273.923,1.0
8.5,128.168846,37.903001,1476.6770568000002,3.316,-39.001,273.919,1.0
8.5166,128.168806,37.903003,1472.9642880000001,3.277,-38.759,273.915,1.0
8.5333,128.168767,37.903005,1469.2649304,3.24,-38.519,273.91,1.0
8.55,128.168727,37.903007,1465.5792888,3.204,-38.278,273.906,1.0
8.5666,128.168687,37.903009,1461.9079728000002,3.17,-38.038,273.902,1.0
8.5833,128.168646,37.90301,1458.2503728000002,3.138,-37.798,273.898,1.0
8.6,128.168606,37.903012,1454.6067936000002,3.107,-37.558,273.894,1.0
8.6166,128.168565,37.903014,1450.97754,3.077,-37.318,273.89,1.0
8.6333,128.168524,37.903016,1447.3623072000003,3.049,-37.079,273.886,1.0
8.65,128.168483,37.903018,1443.7614,3.022,-36.84,273.883,1.0
8.6666,128.168442,37.90302,1440.1748184,2.996,-36.601,273.879,1.0
8.6833,128.168401,37.903022,1436.6028672000002,2.972,-36.362,273.875,1.0
8.7,128.168359,37.903024,1433.0455464,2.949,-36.123,273.872,1.0
8.7166,128.168317,37.903026,1429.5025512000002,2.927,-35.885,273.869,1.0
8.7333,128.168275,37.903028,1425.9744912,2.906,-35.646,273.865,1.0
8.75,128.168233,37.90303,1422.4610616000002,2.886,-35.408,273.862,1.0
8.7666,128.168191,37.903032,1418.9625672000002,2.868,-35.17,273.86,1.0
8.7833,128.168148,37.903034,1415.4793128000001,2.85,-34.932,273.857,1.0
8.8,128.168106,37.903036,1412.0106888,2.834,-34.694,273.854,1.0
8.8166,128.168063,37.903038,1408.5573048,2.818,-34.457,273.852,1.0
8.8333,128.16802,37.903041,1405.1191608,2.804,-34.219,273.849,1.0
8.85,128.167977,37.903043,1401.6962568000001,2.79,-33.981,273.847,1.0
8.8666,128.167933,37.903045,1398.2885928,2.777,-33.744,273.845,1.0
8.8833,128.16789,37.903047,1394.8964736,2.765,-33.506,273.843,1.0
8.9,128.167846,37.903049,1391.5198992,2.754,-33.269,273.841,1.0
8.9166,128.167802,37.903051,1388.1588696000001,2.744,-33.032,273.839,1.0
8.9333,128.167758,37.903054,1384.8130800000001,2.735,-32.794,273.838,1.0
8.95,128.167714,37.903056,1381.4834448000001,2.726,-32.557,273.837,1.0
8.9666,128.167669,37.903058,1378.1693544,2.718,-32.32,273.836,1.0
8.9833,128.167625,37.903061,1374.8711136000002,2.711,-32.083,273.835,1.0
9.0,128.16758,37.903063,1371.5890272000001,2.705,-31.845,273.834,1.0
9.0166,128.167535,37.903065,1368.3227904,2.699,-31.608,273.833,1.0
9.0333,128.16749,37.903068,1365.0724032,2.694,-31.371,273.833,1.0
9.05,128.167445,37.90307,1361.8384752000002,2.69,-31.134,273.832,1.0
9.0666,128.167399,37.903072,1358.6207016,2.686,-30.897,273.833,1.0
9.0833,128.167354,37.903075,1355.4190824,2.682,-30.66,273.833,1.0
9.1,128.167308,37.903077,1352.2339224,2.68,-30.423,273.833,1.0
9.1166,128.167262,37.90308,1349.0649168,2.678,-30.186,273.834,1.0
9.1333,128.167216,37.903082,1345.9126752000002,2.675,-29.949,273.835,1.0
9.15,128.16717,37.903085,1342.7768928,2.672,-29.712,273.837,1.0
9.1666,128.167123,37.903087,1339.6575696000002,2.668,-29.476,273.84,1.0
9.1833,128.167077,37.90309,1336.5553152000002,2.666,-29.239,273.843,1.0
9.2,128.16703,37.903092,1333.4695199999999,2.666,-29.002,273.846,1.0
9.2166,128.166983,37.903095,1330.4004888000002,2.666,-28.765,273.849,1.0
9.2333,128.166936,37.903097,1327.3482216,2.666,-28.528,273.853,1.0
9.25,128.166889,37.9031,1324.313328,2.665,-28.291,273.857,1.0
9.2666,128.166841,37.903102,1321.2951984,2.665,-28.054,273.862,1.0
9.2833,128.166794,37.903105,1318.2941376,2.665,-27.818,273.867,1.0
9.3,128.166746,37.903108,1315.3101456000002,2.666,-27.581,273.872,1.0
9.3166,128.166698,37.90311,1312.3435272000002,2.669,-27.344,273.877,1.0
9.3333,128.16665,37.903113,1309.3939776000002,2.671,-27.107,273.883,1.0
9.35,128.166602,37.903116,1306.4618016000002,2.672,-26.87,273.889,1.0
9.3666,128.166554,37.903118,1303.5469992,2.674,-26.634,273.896,1.0
9.3833,128.166506,37.903121,1300.6495704000001,2.676,-26.397,273.902,1.0
9.4,128.166457,37.903124,1297.76982,2.679,-26.16,273.909,1.0
9.4166,128.166408,37.903126,1294.907748,2.683,-25.923,273.916,1.0
9.4333,128.16636,37.903129,1292.0630495999999,2.687,-25.686,273.923,1.0
9.45,128.16631,37.903132,1289.2360296000002,2.691,-25.45,273.93,1.0
9.4666,128.166261,37.903135,1286.4269927999999,2.694,-25.213,273.938,1.0
9.4833,128.166212,37.903138,1283.6356344,2.698,-24.976,273.946,1.0
9.5,128.166163,37.90314,1280.8622592000002,2.702,-24.739,273.954,1.0
9.5166,128.166113,37.903143,1278.1065624,2.708,-24.502,273.962,1.0
9.5333,128.166063,37.903146,1275.3688488,2.713,-24.265,273.97,1.0
9.55,128.166013,37.903149,1272.6494232000002,2.717,-24.029,273.979,1.0
9.5666,128.165963,37.903152,1269.9479808,2.722,-23.792,273.988,1.0
9.5833,128.165913,37.903155,1267.2648264000002,2.727,-23.555,273.997,1.0
9.6,128.165863,37.903158,1264.5996552,2.733,-23.318,274.006,1.0
9.6166,128.165813,37.903161,1261.952772,2.739,-23.081,274.015,1.0
9.6333,128.165762,37.903164,1259.3241768,2.745,-22.844,274.024,1.0
9.65,128.165711,37.903166,1256.7141744000003,2.751,-22.607,274.033,1.0
9.6666,128.165661,37.903169,1254.12246,2.757,-22.37,274.043,1.0
9.6833,128.16561,37.903172,1251.5493384,2.763,-22.133,274.052,1.0
9.7,128.165559,37.903175,1248.9945048000002,2.769,-21.896,274.062,1.0
9.7166,128.165507,37.903178,1246.4585688,2.776,-21.659,274.071,1.0
9.7333,128.165456,37.903181,1243.9409208,2.782,-21.422,274.081,1.0
9.75,128.165405,37.903185,1241.4421704000001,2.789,-21.185,274.091,1.0
9.7666,128.165353,37.903188,1238.9623176,2.795,-20.948,274.101,1.0
9.7833,128.165301,37.903191,1236.5010576000002,2.802,-20.711,274.112,1.0
9.8,128.16525,37.903194,1234.0586952,2.809,-20.474,274.122,1.0
9.8166,128.165198,37.903197,1231.6352304,2.816,-20.237,274.132,1.0
9.8333,128.165146,37.9032,1229.2306632,2.823,-20.0,274.142,1.0
9.85,128.165093,37.903203,1226.8449936,2.83,-19.763,274.153,1.0
9.8666,128.165041,37.903206,1224.4785264000002,2.836,-19.525,274.163,1.0
9.8833,128.164989,37.90321,1222.1309568000001,2.843,-19.288,274.174,1.0
9.9,128.164936,37.903213,1219.8028944,2.85,-19.051,274.185,1.0
9.9166,128.164883,37.903216,1217.4937296,2.858,-18.814,274.195,1.0
9.9333,128.164831,37.903219,1215.2004144,3.01,-18.605,274.235,1.0
9.95,128.164778,37.903222,1212.9226440000002,3.299,-18.451,274.3,1.0
9.9666,128.164725,37.903226,1210.6582848,3.748,-18.376,274.371,1.0
9.9833,128.164672,37.903229,1208.405508,4.357,-18.405,274.429,1.0
10.0,128.164618,37.903232,1206.1624848000001,5.101,-18.561,274.463,1.0
10.0166,128.164565,37.903235,1203.9286056,5.939,-18.813,274.475,1.0
10.0333,128.164512,37.903239,1201.7008224,6.933,-19.128,274.476,1.0
10.05,128.164459,37.903242,1199.4782208,8.064,-19.476,274.475,1.0
10.0666,128.164405,37.903245,1197.258972,9.328,-19.825,274.473,1.0
10.0833,128.164352,37.903249,1195.0455144,10.703,-20.146,274.472,1.0
10.1,128.164298,37.903252,1192.8375432,12.166,-20.407,274.472,1.0
10.1166,128.164244,37.903255,1190.6356680000001,13.694,-20.595,274.477,1.0
10.1333,128.164191,37.903259,1188.441108,15.008,-20.679,274.46,1.0
10.15,128.164137,37.903262,1186.2553872,16.112,-20.642,274.437,1.0
10.1666,128.164083,37.903266,1184.0806392,16.97,-20.473,274.442,1.0
10.1833,128.164029,37.903269,1181.9193024,17.556,-20.162,274.505,1.0
10.2,128.163975,37.903273,1179.7707672000001,17.879,-19.736,274.626,1.0
10.2166,128.163921,37.903276,1177.6377768,17.968,-19.216,274.793,1.0
10.2333,128.163867,37.90328,1175.5215504,17.86,-18.624,274.987,1.0
10.25,128.163813,37.903284,1173.4239168,17.582,-17.983,275.191,1.0
10.2666,128.163758,37.903288,1171.3464000000001,17.149,-17.324,275.395,1.0
10.2833,128.163704,37.903292,1169.290524,16.594,-16.677,275.59,1.0
10.3,128.163649,37.903296,1167.2581176,15.955,-16.073,275.771,1.0
10.3166,128.163595,37.9033,1165.247352,15.264,-15.542,275.929,1.0
10.3333,128.16354,37.903304,1163.26158,14.463,-15.11,276.048,1.0
10.35,128.163485,37.903308,1161.2998872,13.568,-14.803,276.119,1.0
10.3666,128.16343,37.903312,1159.3622736,12.58,-14.648,276.141,1.0
10.3833,128.163375,37.903316,1157.4475200000002,11.499,-14.668,276.116,1.0
10.4,128.16332,37.903321,1155.5525784000001,10.325,-14.88,276.05,1.0
10.4166,128.163265,37.903325,1153.6774488,9.056,-15.246,275.956,1.0
10.4333,128.16321,37.90333,1151.8193880000001,7.692,-15.731,275.846,1.0
10.45,128.163154,37.903334,1149.9774816,6.231,-16.297,275.732,1.0
10.4666,128.163099,37.903338,1148.1492911999999,4.669,-16.907,275.622,1.0
10.4833,128.163043,37.903343,1146.3339024000002,3.003,-17.527,275.526,1.0
10.5,128.162988,37.903347,1144.5304008,1.234,-18.121,275.448,1.0
10.5166,128.162932,37.903352,1142.7375672,-0.636,-18.656,275.392,1.0
10.5333,128.162877,37.903356,1140.9523536000002,-2.238,-19.099,275.387,1.0
10.55,128.162821,37.903361,1139.1750648,-3.585,-19.419,275.428,1.0
10.5666,128.162765,37.903365,1137.4047864000001,-4.646,-19.597,275.48,1.0
10.5833,128.16271,37.90337,1135.6412136000001,-5.396,-19.618,275.517,1.0
10.6,128.162654,37.903374,1133.8855656,-5.839,-19.465,275.523,1.0
10.6166,128.162598,37.903379,1132.1375376,-6.053,-19.125,275.493,1.0
10.6333,128.162542,37.903383,1130.3977392000002,-6.106,-18.608,275.437,1.0
10.65,128.162487,37.903387,1128.6661704,-6.067,-17.94,275.361,1.0
10.6666,128.162431,37.903392,1126.9443552,-5.978,-17.148,275.271,1.0
10.6833,128.162375,37.903396,1125.2329032,-5.865,-16.26,275.171,1.0
10.7,128.162319,37.903401,1123.5366912,-5.742,-15.306,275.064,1.0
10.7166,128.162262,37.903405,1121.8560240000002,-5.617,-14.321,274.956,1.0
10.7333,128.162206,37.903409,1120.1921208,-5.498,-13.34,274.854,1.0
10.75,128.16215,37.903414,1118.5468104000001,-5.385,-12.399,274.763,1.0
10.7666,128.162093,37.903418,1116.9210072,-5.276,-11.532,274.682,1.0
10.7833,128.162037,37.903422,1115.3156256,-5.167,-10.773,274.613,1.0
10.8,128.16198,37.903427,1113.7303608,-5.057,-10.153,274.558,1.0
10.8166,128.161924,37.903431,1112.164908,-4.947,-9.705,274.519,1.0
10.8333,128.161867,37.903435,1110.621096,-5.001,-9.456,274.475,1.0
10.85,128.16181,37.90344,1109.0964864,-5.21,-9.43,274.43,1.0
10.8666,128.161753,37.903444,1107.5907744,-5.588,-9.621,274.4,1.0
10.8833,128.161696,37.903448,1106.1036552,-6.143,-9.992,274.394,1.0
10.9,128.161639,37.903452,1104.6329952,-6.872,-10.502,274.413,1.0
10.9166,128.161582,37.903456,1103.1781848,-7.763,-11.113,274.455,1.0
10.9333,128.161525,37.903461,1101.7383096,-8.803,-11.785,274.511,1.0
10.95,128.161468,37.903465,1100.3118456000002,-9.985,-12.48,274.579,1.0
10.9666,128.161411,37.903469,1098.898488,-11.304,-13.162,274.654,1.0
10.9833,128.161353,37.903473,1097.4957984,-12.757,-13.794,274.734,1.0
11.0,128.161296,37.903477,1096.1031672000001,-14.339,-14.344,274.813,1.0
11.0166,128.161239,37.903481,1094.7202896000001,-16.042,-14.779,274.88,1.0
11.0333,128.161181,37.903485,1093.3471656000002,-17.853,-15.078,274.923,1.0
11.05,128.161124,37.903489,1091.9837952,-19.757,-15.223,274.929,1.0
11.0666,128.161067,37.903493,1090.6310928,-21.737,-15.2,274.882,1.0
11.0833,128.161009,37.903497,1089.2878392,-23.782,-15.035,274.779,1.0
11.1,128.160952,37.903501,1087.9552536,-25.881,-14.754,274.621,1.0
11.1166,128.160894,37.903504,1086.633336,-28.025,-14.384,274.409,1.0
11.1333,128.160837,37.903508,1085.3214768,-29.846,-13.89,274.174,1.0
11.15,128.160779,37.903512,1084.0196760000001,-31.362,-13.301,273.919,1.0
11.1666,128.160721,37.903515,1082.7297624,-32.539,-12.666,273.63,1.0
11.1833,128.160664,37.903519,1081.4514312000001,-33.358,-12.029,273.3,1.0
11.2,128.160606,37.903522,1080.1840728,-33.848,-11.421,272.947,1.0
11.2166,128.160548,37.903526,1078.9276872,-34.055,-10.862,272.598,1.0
11.2333,128.16049,37.903529,1077.6874559999999,-34.38,-10.398,272.244,1.0
11.25,128.160432,37.903532,1076.4603312000002,-34.838,-10.046,271.911,1.0
11.2666,128.160374,37.903535,1075.2466176,-35.482,-9.808,271.649,1.0
11.2833,128.160316,37.903538,1074.0472296,-36.336,-9.647,271.459,1.0
11.3,128.160258,37.903541,1072.8627768000001,-37.385,-9.536,271.327,1.0
11.3166,128.1602,37.903544,1071.6941735999999,-38.597,-9.454,271.226,1.0
11.3333,128.160142,37.903546,1070.5377624,-39.879,-9.384,271.132,1.0
11.35,128.160083,37.903549,1069.3941528,-41.184,-9.304,271.025,1.0
11.3666,128.160025,37.903551,1068.2627352,-42.494,-9.196,270.884,1.0
11.3833,128.159967,37.903553,1067.1429,-43.801,-9.039,270.691,1.0
11.4,128.159908,37.903555,1066.0334280000002,-45.105,-8.838,270.447,1.0
11.4166,128.15985,37.903557,1064.9352336000002,-46.412,-8.616,270.173,1.0
11.4333,128.159792,37.903559,1063.8461832,-47.605,-8.366,269.872,1.0
11.45,128.159733,37.903561,1062.7665816,-48.69,-8.106,269.559,1.0
11.4666,128.159675,37.903563,1061.696124,-49.688,-7.856,269.245,1.0
11.4833,128.159616,37.903564,1060.6348104,-50.619,-7.63,268.937,1.0
11.5,128.159557,37.903566,1059.5841648,-51.506,-7.428,268.632,1.0
11.5166,128.159499,37.903567,1058.5432728,-52.373,-7.245,268.331,1.0
11.5333,128.15944,37.903568,1057.5103056,-53.149,-7.061,268.029,1.0
11.55,128.159381,37.903569,1056.485568,-53.846,-6.874,267.726,1.0
11.5666,128.159323,37.90357,1055.46906,-54.484,-6.69,267.423,1.0
11.5833,128.159264,37.903571,1054.46322,-55.075,-6.517,267.122,1.0
11.6,128.159205,37.903571,1053.4662192,-55.633,-6.358,266.823,1.0
11.6166,128.159146,37.903572,1052.4786672,-56.173,-6.21,266.528,1.0
11.6333,128.159087,37.903572,1051.502088,-56.785,-6.076,266.233,1.0
11.65,128.159028,37.903572,1050.5361768,-57.472,-5.953,265.938,1.0
11.6666,128.158969,37.903572,1049.5809336,-58.226,-5.835,265.645,1.0
11.6833,128.15891,37.903572,1048.635444,-59.031,-5.718,265.355,1.0
11.7,128.158851,37.903571,1047.6990984000001,-59.873,-5.604,265.069,1.0
11.7166,128.158792,37.903571,1046.7722016,-60.734,-5.493,264.784,1.0
11.7333,128.158733,37.90357,1045.8526200000001,-61.498,-5.381,264.503,1.0
11.75,128.158674,37.903569,1044.941268,-62.166,-5.269,264.225,1.0
11.7666,128.158615,37.903568,1044.037536,-62.752,-5.163,263.947,1.0
11.7833,128.158556,37.903567,1043.1405096,-63.276,-5.067,263.666,1.0
11.8,128.158497,37.903565,1042.2520176,-63.759,-4.981,263.384,1.0
11.8166,128.158438,37.903564,1041.3708408,-64.221,-4.902,263.102,1.0
11.8333,128.158379,37.903562,1040.4954552000002,-64.612,-4.823,262.823,1.0
11.85,128.15832,37.90356,1039.6264704,-64.942,-4.742,262.549,1.0
11.8666,128.15826,37.903558,1038.7641912,-65.223,-4.663,262.279,1.0
11.8833,128.158201,37.903555,1037.9092272,-65.467,-4.589,262.01,1.0
11.9,128.158142,37.903553,1037.0609688,-65.683,-4.521,261.741,1.0
11.9166,128.158083,37.90355,1036.2200256,-65.881,-4.457,261.473,1.0
11.9333,128.158024,37.903548,1035.3845688000001,-66.056,-4.396,261.207,1.0
11.95,128.157964,37.903545,1034.5564272000001,-66.212,-4.334,260.945,1.0
11.9666,128.157905,37.903541,1033.7349912,-66.355,-4.273,260.684,1.0
11.9833,128.157846,37.903538,1032.9202608,-66.489,-4.214,260.425,1.0
12.0,128.157787,37.903535,1032.1122360000002,-66.614,-4.156,260.168,1.0
12.0166,128.157728,37.903531,1031.3112216,-66.733,-4.1,259.911,1.0
12.0333,128.157668,37.903527,1030.5163032,-66.846,-4.045,259.655,1.0
12.05,128.157609,37.903523,1029.7287000000001,-66.953,-3.99,259.401,1.0
12.0666,128.15755,37.903519,1028.9471928,-67.056,-3.936,259.148,1.0
12.0833,128.157491,37.903514,1028.172696,-67.157,-3.882,258.896,1.0
12.1,128.157432,37.90351,1027.4049048000002,-67.255,-3.829,258.645,1.0
12.1166,128.157373,37.903505,1026.6435144000002,-67.351,-3.777,258.394,1.0
12.1333,128.157313,37.9035,1025.8879152,-67.432,-3.724,258.145,1.0
12.15,128.157254,37.903495,1025.1390216,-67.5,-3.669,257.898,1.0
12.1666,128.157195,37.903489,1024.3965288,-67.555,-3.613,257.652,1.0
12.1833,128.157136,37.903484,1023.6604368000001,-67.6,-3.559,257.406,1.0
12.2,128.157077,37.903478,1022.9310504,-67.635,-3.506,257.16,1.0
12.2166,128.157018,37.903472,1022.20776,-67.666,-3.454,256.915,1.0
12.2333,128.156959,37.903466,1021.489956,-67.669,-3.4,256.672,1.0
12.25,128.1569,37.90346,1020.7785528,-67.648,-3.342,256.431,1.0
12.2666,128.156841,37.903453,1020.0732456000001,-67.606,-3.284,256.192,1.0
12.2833,128.156782,37.903447,1019.3746440000001,-67.545,-3.226,255.952,1.0
12.3,128.156723,37.90344,1018.6821384,-67.471,-3.17,255.713,1.0
12.3166,128.156664,37.903433,1017.9963384,-67.388,-3.115,255.474,1.0
12.3333,128.156605,37.903426,1017.31572,-67.27,-3.057,255.238,1.0
12.35,128.156546,37.903419,1016.6411976,-67.122,-2.994,255.005,1.0
12.3666,128.156487,37.903411,1015.973076,-66.948,-2.929,254.774,1.0
12.3833,128.156428,37.903403,1015.31166,-66.752,-2.865,254.543,1.0
12.4,128.156369,37.903395,1014.6569496000001,-66.537,-2.801,254.312,1.0
12.4166,128.15631,37.903387,1014.0086400000001,-66.312,-2.739,254.081,1.0
12.4333,128.156251,37.903379,1013.3658168,-66.058,-2.669,253.855,1.0
12.45,128.156192,37.903371,1012.7293944,-65.781,-2.593,253.633,1.0
12.4666,128.156134,37.903362,1012.0999824,-65.481,-2.513,253.413,1.0
12.4833,128.156075,37.903353,1011.4772760000001,-65.157,-2.432,253.195,1.0
12.5,128.156016,37.903344,1010.8618848000001,-64.812,-2.353,252.976,1.0
12.5166,128.155958,37.903335,1010.2538088000001,-64.453,-2.275,252.757,1.0
12.5333,128.155899,37.903326,1009.6515240000001,-64.075,-2.189,252.543,1.0
12.55,128.15584,37.903316,1009.0565544,-63.681,-2.095,252.334,1.0
12.5666,128.155782,37.903307,1008.4689000000001,-63.27,-1.996,252.128,1.0
12.5833,128.155723,37.903297,1007.8891704,-62.839,-1.896,251.923,1.0
12.6,128.155665,37.903287,1007.3173656000001,-62.389,-1.797,251.718,1.0
12.6166,128.155606,37.903277,1006.7534856,-61.925,-1.698,251.514,1.0
12.6333,128.155548,37.903266,1006.1972256,-61.444,-1.598,251.311,1.0
12.65,128.155489,37.903256,1005.6495000000001,-60.952,-1.494,251.111,1.0
12.6666,128.155431,37.903245,1005.110004,-60.45,-1.388,250.912,1.0
12.6833,128.155373,37.903234,1004.5793472,-59.941,-1.279,250.715,1.0
12.7,128.155314,37.903223,1004.0572248,-59.426,-1.168,250.52,1.0
12.7166,128.155256,37.903212,1003.5445512000001,-58.904,-1.055,250.325,1.0
12.7333,128.155198,37.903201,1003.0407168,-58.378,-0.94,250.133,1.0
12.75,128.15514,37.903189,1002.5463312,-57.847,-0.823,249.942,1.0
12.7666,128.155082,37.903177,1002.0613944,-57.313,-0.703,249.752,1.0
12.7833,128.155023,37.903165,1001.5862112,-56.777,-0.581,249.564,1.0
12.8,128.154965,37.903153,1001.1210864000001,-56.237,-0.456,249.378,1.0
12.8166,128.154907,37.903141,1000.6660200000001,-55.694,-0.329,249.193,1.0
12.8333,128.154849,37.903129,1000.2213168,-55.154,-0.199,249.01,1.0
12.85,128.154792,37.903116,999.7869768,-54.615,-0.066,248.828,1.0
12.8666,128.154734,37.903103,999.3636096,-54.076,0.069,248.649,1.0
12.8833,128.154676,37.903091,998.9506056,-53.537,0.207,248.471,1.0
12.9,128.154618,37.903077,998.5488792000001,-52.995,0.347,248.295,1.0
12.9166,128.154561,37.903064,998.1581256000001,-52.452,0.489,248.119,1.0
12.9333,128.154503,37.903051,997.7792592000001,-51.915,0.634,247.946,1.0
12.95,128.154445,37.903037,997.4119752000001,-51.384,0.782,247.774,1.0
12.9666,128.154388,37.903024,997.0562735999999,-50.857,0.932,247.604,1.0
12.9833,128.15433,37.90301,996.7124592000001,-50.332,1.084,247.436,1.0
13.0,128.154273,37.902996,996.3808368,-49.808,1.239,247.269,1.0
13.0166,128.154215,37.902982,996.0611016,-49.283,1.395,247.104,1.0
13.0333,128.154158,37.902967,995.7544728,-48.763,1.555,246.941,1.0
13.0499,128.154101,37.902953,995.4600360000001,-48.248,1.716,246.779,1.0
13.0666,128.154044,37.902938,995.1784008000001,-47.736,1.88,246.619,1.0
13.0833,128.153986,37.902923,994.9095672000001,-47.225,2.046,246.461,1.0
13.1,128.153929,37.902908,994.6538400000001,-46.714,2.214,246.305,1.0
13.1166,128.153872,37.902893,994.4112192,-46.202,2.383,246.149,1.0
13.1333,128.153815,37.902878,994.1823144000001,-45.693,2.555,245.996,1.0
13.15,128.153758,37.902863,993.9665160000001,-45.186,2.727,245.843,1.0
13.1666,128.153701,37.902847,993.7647383999999,-44.682,2.902,245.692,1.0
13.1833,128.153645,37.902832,993.5766768000001,-44.179,3.078,245.542,1.0
13.2,128.153588,37.902816,993.4023312,-43.678,3.257,245.395,1.0
13.2166,128.153531,37.9028,993.2420064,-43.176,3.437,245.249,1.0
13.2333,128.153474,37.902784,993.096312,-42.679,3.62,245.105,1.0
13.25,128.153418,37.902768,992.9649432000001,-42.185,3.804,244.963,1.0
13.2666,128.153361,37.902751,992.8479000000001,-41.693,3.99,244.823,1.0
13.2833,128.153305,37.902735,992.7454872000001,-41.201,4.178,244.685,1.0
13.3,128.153249,37.902718,992.6577048000001,-40.709,4.368,244.548,1.0
13.3166,128.153192,37.902702,992.5851624000001,-40.217,4.559,244.413,1.0
13.3333,128.153136,37.902685,992.52786,-39.73,4.751,244.279,1.0
13.35,128.15308,37.902668,992.4854928000001,-39.249,4.946,244.148,1.0
13.3666,128.153024,37.902651,992.4586704000001,-38.772,5.142,244.018,1.0
13.3833,128.152968,37.902633,992.447088,-38.297,5.339,243.89,1.0
13.4,128.152912,37.902616,992.4513552000001,-37.823,5.538,243.764,1.0
13.4166,128.152856,37.902599,992.4708624,-37.349,5.739,243.64,1.0
13.4333,128.1528,37.902581,992.5068288,-36.879,5.941,243.517,1.0
13.45,128.152744,37.902563,992.5583400000002,-36.414,6.144,243.396,1.0
13.4666,128.152688,37.902546,992.6260056,-35.951,6.349,243.277,1.0
13.4833,128.152633,37.902528,992.7098256,-35.489,6.556,243.16,1.0
13.5,128.152577,37.90251,992.8101048000001,-35.028,6.763,243.045,1.0
13.5166,128.152522,37.902492,992.9265384,-34.567,6.972,242.931,1.0
13.5333,128.152466,37.902473,993.059736,-34.11,7.182,242.819,1.0
13.55,128.152411,37.902455,993.2093928,-33.657,7.393,242.708,1.0
13.5666,128.152355,37.902437,993.3758136,-33.207,7.605,242.598,1.0
13.5833,128.1523,37.902418,993.5589984000001,-32.759,7.818,242.491,1.0
13.6,128.152245,37.902399,993.759252,-32.312,8.033,242.386,1.0
13.6166,128.15219,37.902381,993.9762696000001,-31.865,8.248,242.282,1.0
13.6333,128.152135,37.902362,994.2109656000001,-31.423,8.465,242.18,1.0
13.65,128.15208,37.902343,994.4627303999999,-30.986,8.682,242.079,1.0
13.6666,128.152025,37.902324,994.731564,-30.552,8.901,241.979,1.0
13.6833,128.151971,37.902305,995.0180760000001,-30.121,9.121,241.882,1.0
13.7,128.151916,37.902285,995.3219616000001,-29.692,9.341,241.786,1.0
13.7166,128.151861,37.902266,995.6432208,-29.263,9.563,241.692,1.0
13.7333,128.151807,37.902247,995.982768,-28.84,9.786,241.6,1.0
13.75,128.151752,37.902227,996.3399936,-28.421,10.009,241.509,1.0
13.7666,128.151698,37.902208,996.7148976,-28.006,10.233,241.419,1.0
13.7833,128.151644,37.902188,997.1077848000001,-27.594,10.458,241.331,1.0
13.8,128.151589,37.902168,997.5186552000001,-27.183,10.684,241.245,1.0
13.8166,128.151535,37.902148,997.9475088000002,-26.773,10.911,241.161,1.0
13.8333,128.151481,37.902128,998.3949552,-26.368,11.139,241.078,1.0
13.85,128.151427,37.902108,998.8603848000001,-25.968,11.367,240.997,1.0
13.8666,128.151373,37.902088,999.3444072,-25.57,11.596,240.917,1.0
13.8833,128.151319,37.902068,999.8467176,-25.175,11.826,240.838,1.0
13.9,128.151266,37.902048,1000.3673160000001,-24.782,12.056,240.762,1.0
13.9166,128.151212,37.902028,1000.9062024000001,-24.39,12.287,240.687,1.0
13.9333,128.151158,37.902007,1001.4642911999999,-24.003,12.519,240.614,1.0
13.95,128.151105,37.901987,1002.0409728000001,-23.623,12.752,240.541,1.0
13.9666,128.151052,37.901967,1002.6365519999999,-23.246,12.985,240.47,1.0
13.9833,128.150998,37.901946,1003.2507240000001,-22.873,13.218,240.401,1.0
14.0,128.150945,37.901926,1003.8834888000001,-22.502,13.453,240.333,1.0
14.0166,128.150892,37.901905,1004.535456,-22.132,13.688,240.268,1.0
14.0333,128.150839,37.901884,1005.2063208,-21.768,13.923,240.203,1.0
14.05,128.150786,37.901863,1005.896388,-21.408,14.159,240.14,1.0
14.0666,128.150733,37.901843,1006.6053528,-21.052,14.396,240.078,1.0
14.0833,128.15068,37.901822,1007.3335200000001,-20.699,14.633,240.017,1.0
14.1,128.150627,37.901801,1008.0805848000001,-20.347,14.871,239.959,1.0
14.1166,128.150575,37.90178,1008.846852,-19.997,15.109,239.902,1.0
14.1333,128.150522,37.901759,1009.6326264000002,-19.65,15.348,239.846,1.0
14.15,128.15047,37.901738,1010.4376032,-19.306,15.587,239.791,1.0
14.1666,128.150417,37.901717,1011.2614776,-18.965,15.826,239.738,1.0
14.1833,128.150365,37.901695,1012.1048592000001,-18.625,16.066,239.686,1.0
14.2,128.150313,37.901674,1012.9674432,-18.286,16.306,239.636,1.0
14.2166,128.15026,37.901653,1013.8495344,-17.948,16.547,239.587,1.0
14.2333,128.150208,37.901632,1014.7514376,-17.616,16.788,239.539,1.0
14.25,128.150156,37.90161,1015.6725432000001,-17.287,17.03,239.493,1.0
14.2666,128.150105,37.901589,1016.613156,-16.963,17.272,239.447,1.0
14.2833,128.150053,37.901568,1017.573276,-16.641,17.514,239.404,1.0
14.3,128.150001,37.901546,1018.5529032,-16.322,17.756,239.362,1.0
14.3166,128.149949,37.901525,1019.5520376000001,-16.003,17.999,239.321,1.0
14.3333,128.149898,37.901503,1020.5709840000001,-15.689,18.243,239.281,1.0
14.35,128.149846,37.901482,1021.6097424,-15.38,18.486,239.243,1.0
14.3666,128.149795,37.90146,1022.6680080000001,-15.073,18.73,239.205,1.0
14.3833,128.149744,37.901439,1023.745476,-14.769,18.974,239.169,1.0
14.4,128.149693,37.901417,1024.8430608,-14.466,19.219,239.135,1.0
14.4166,128.149642,37.901395,1025.9598480000002,-14.165,19.464,239.102,1.0
14.4333,128.149591,37.901374,1027.0970568,-13.868,19.709,239.07,1.0
14.45,128.14954,37.901352,1028.2537728,-13.576,19.954,239.039,1.0
14.4666,128.149489,37.90133,1029.429996,-13.288,20.2,239.009,1.0
14.4833,128.149438,37.901309,1030.6260312,-13.002,20.445,238.98,1.0
14.5,128.149388,37.901287,1031.8418784,-12.718,20.692,238.953,1.0
14.5166,128.149337,37.901265,1033.0772328,-12.436,20.938,238.927,1.0
14.5333,128.149287,37.901243,1034.3327040000001,-12.157,21.185,238.903,1.0
14.55,128.149236,37.901222,1035.6076824000002,-11.88,21.432,238.879,1.0
14.5666,128.149186,37.9012,1036.902168,-11.606,21.679,238.856,1.0
14.5833,128.149136,37.901178,1038.2167704,-11.334,21.926,238.835,1.0
14.6,128.149086,37.901156,1039.5505752000001,-11.063,22.173,238.815,1.0
14.6166,128.149036,37.901135,1040.9044968,-10.792,22.421,238.796,1.0
14.6333,128.148986,37.901113,1042.2782304,-10.526,22.669,238.778,1.0
14.65,128.148936,37.901091,1043.6714712,-10.262,22.917,238.761,1.0
14.6666,128.148887,37.901069,1045.084524,-10.002,23.165,238.745,1.0
14.6833,128.148837,37.901047,1046.517084,-9.743,23.413,238.73,1.0
14.7,128.148788,37.901026,1047.969456,-9.486,23.662,238.717,1.0
14.7166,128.148738,37.901004,1049.44164,-9.23,23.911,238.705,1.0
14.7333,128.148689,37.900982,1050.9336360000002,-8.979,24.159,238.694,1.0
14.75,128.14864,37.90096,1052.4451392,-8.732,24.409,238.683,1.0
14.7666,128.148591,37.900938,1053.9764544,-8.489,24.658,238.673,1.0
14.7833,128.148542,37.900917,1055.5275816,-8.249,24.907,238.665,1.0
14.8,128.148493,37.900895,1057.0979112,-8.011,25.157,238.658,1.0
14.8166,128.148444,37.900873,1058.6880528000002,-7.774,25.406,238.652,1.0
14.8333,128.148395,37.900851,1060.2980064,-7.541,25.656,238.647,1.0
14.85,128.148347,37.90083,1061.9274672000001,-7.312,25.906,238.643,1.0
14.8666,128.148298,37.900808,1063.5767400000002,-7.085,26.156,238.639,1.0
14.8833,128.14825,37.900786,1065.2452152,-6.861,26.407,238.637,1.0
14.9,128.148202,37.900764,1066.9331976,-6.639,26.657,238.636,1.0
14.9166,128.148154,37.900743,1068.6406872000002,-6.417,26.908,238.636,1.0
14.9333,128.148105,37.900721,1070.3679888000001,-6.2,27.158,238.637,1.0
14.95,128.148058,37.900699,1072.1144928,-5.985,27.409,238.638,1.0
14.9666,128.14801,37.900678,1073.880504,-5.773,27.66,238.64,1.0
14.9833,128.147962,37.900656,1075.6657176,-5.563,27.911,238.643,1.0
15.0,128.147914,37.900635,1077.4704384,-5.354,28.162,238.648,1.0
15.0166,128.147867,37.900613,1079.2943616,-5.147,28.413,238.653,1.0
15.0333,128.147819,37.900591,1081.137792,-4.943,28.665,238.659,1.0
15.05,128.147772,37.90057,1083.0004248,-4.742,28.916,238.666,1.0
15.0666,128.147725,37.900548,1084.88226,-4.543,29.168,238.673,1.0
15.0833,128.147678,37.900527,1086.7836024,-4.347,29.419,238.681,1.0
15.1,128.147631,37.900506,1088.7038424,-4.152,29.671,238.69,1.0
15.1166,128.147584,37.900484,1090.64298,-3.958,29.923,238.701,1.0
15.1333,128.147537,37.900463,1092.6019296000002,-3.768,30.175,238.712,1.0
15.15,128.14749,37.900441,1094.5794720000001,-3.582,30.427,238.723,1.0
15.1666,128.147444,37.90042,1096.5765216,-3.399,30.679,238.734,1.0
15.1833,128.147397,37.900399,1098.592164,-3.218,30.932,238.747,1.0
15.2,128.147351,37.900378,1100.6270088,-3.04,31.184,238.761,1.0
15.2166,128.147304,37.900357,1102.6807512,-2.862,31.437,238.776,1.0
15.2333,128.147258,37.900335,1104.7533912,-2.688,31.689,238.792,1.0
15.25,128.147212,37.900314,1106.8449288,-2.515,31.942,238.808,1.0
15.2666,128.147166,37.900293,1108.9550592,-2.345,32.195,238.824,1.0
15.2833,128.14712,37.900272,1111.084392,-2.177,32.448,238.842,1.0
15.3,128.147075,37.900251,1113.2320128,-2.009,32.701,238.86,1.0
15.3166,128.147029,37.90023,1115.3982264,-1.843,32.954,238.88,1.0
15.3333,128.146984,37.900209,1117.5836424,-1.68,33.208,238.899,1.0
15.35,128.146938,37.900188,1119.7873464,-1.521,33.461,238.919,1.0
15.3666,128.146893,37.900168,1122.0099480000001,-1.364,33.715,238.94,1.0
15.3833,128.146848,37.900147,1124.2505328,-1.21,33.968,238.961,1.0
15.4,128.146803,37.900126,1126.5100152,-1.057,34.222,238.984,1.0
15.4166,128.146758,37.900105,1128.7877856,-0.905,34.476,239.007,1.0
15.4333,128.146713,37.900085,1131.0838440000002,-0.758,34.73,239.031,1.0
15.45,128.146669,37.900064,1133.3984952,-0.613,34.984,239.055,1.0
15.4666,128.146624,37.900044,1135.7314344,-0.472,35.238,239.079,1.0
15.4833,128.14658,37.900023,1138.0826616000002,-0.332,35.493,239.104,1.0
15.5,128.146535,37.900003,1140.451872,-0.195,35.747,239.131,1.0
15.5166,128.146491,37.899982,1142.8390656000001,-0.058,36.002,239.158,1.0
15.5333,128.146447,37.899962,1145.2454616000002,0.067,36.257,239.184,1.0
15.55,128.146403,37.899942,1147.6698408,0.184,36.512,239.209,1.0
15.5666,128.146359,37.899922,1150.1122032,0.292,36.767,239.234,1.0
15.5833,128.146316,37.899901,1152.5728536000001,0.393,37.023,239.261,1.0
15.6,128.146272,37.899881,1155.0511824,0.49,37.278,239.288,1.0
15.6166,128.146228,37.899861,1157.5474944,0.583,37.534,239.317,1.0
15.6333,128.146185,37.899841,1160.0620944,0.669,37.791,239.346,1.0
15.65,128.146142,37.899821,1162.594068,0.751,38.047,239.374,1.0
15.6666,128.146099,37.899802,1165.1440248,0.828,38.304,239.402,1.0
15.6833,128.146056,37.899782,1167.71166,0.901,38.561,239.43,1.0
15.7,128.146013,37.899762,1170.2969736,0.972,38.818,239.459,1.0
15.7166,128.14597,37.899742,1172.8996608,1.041,39.075,239.489,1.0
15.7333,128.145928,37.899723,1175.5200264000002,1.105,39.333,239.518,1.0
15.75,128.145885,37.899703,1178.1577656000002,1.165,39.591,239.547,1.0
15.7666,128.145843,37.899684,1180.8128784,1.222,39.849,239.576,1.0
15.7833,128.145801,37.899664,1183.4853648,1.276,40.107,239.604,1.0
15.8,128.145759,37.899645,1186.1752248,1.327,40.365,239.634,1.0
15.8166,128.145717,37.899626,1188.8818488,1.376,40.624,239.664,1.0
15.8333,128.145675,37.899607,1191.6061512,1.423,40.882,239.693,1.0
15.85,128.145633,37.899587,1194.3472176,1.468,41.141,239.722,1.0
15.8666,128.145592,37.899568,1197.1050480000001,1.511,41.4,239.751,1.0
15.8833,128.14555,37.899549,1199.880252,1.552,41.66,239.78,1.0
15.9,128.145509,37.89953,1202.6719152,1.592,41.919,239.809,1.0
15.9166,128.145468,37.899511,1205.4806472,1.63,42.179,239.839,1.0
15.9333,128.145427,37.899493,1208.3058384,1.669,42.438,239.869,1.0
15.95,128.145386,37.899474,1211.1474888,1.708,42.698,239.9,1.0
15.9666,128.145345,37.899455,1214.0059032,1.748,42.958,239.931,1.0
15.9833,128.145305,37.899437,1216.8807768000001,1.789,43.218,239.962,1.0
16.0,128.145264,37.899418,1219.7721096,1.83,43.478,239.993,1.0
16.0166,128.145224,37.8994,1222.6795968000001,1.87,43.737,240.024,1.0
16.0333,128.145184,37.899381,1225.6017144000002,1.928,43.997,240.058,1.0
16.05,128.145144,37.899363,1228.5402912,2.003,44.256,240.096,1.0
16.0666,128.145104,37.899345,1231.4944128,2.091,44.514,240.135,1.0
16.0833,128.145064,37.899326,1234.4646888000002,2.191,44.773,240.174,1.0
16.1,128.145025,37.899308,1237.4505096,2.3,45.031,240.212,1.0
16.1166,128.144985,37.89929,1240.45218,2.414,45.29,240.249,1.0
16.1333,128.144946,37.899272,1243.4678712000002,2.58,45.547,240.294,1.0
16.15,128.144906,37.899254,1246.4972784000001,2.794,45.803,240.348,1.0
16.1666,128.144867,37.899236,1249.5419256,3.048,46.059,240.405,1.0
16.1833,128.144828,37.899219,1252.6012032,3.334,46.314,240.462,1.0
16.2,128.14479,37.899201,1255.6757208000001,3.644,46.57,240.517,1.0
16.2166,128.144751,37.899183,1258.7648688,3.97,46.824,240.571,1.0
16.2333,128.144712,37.899166,1261.867428,4.342,47.077,240.63,1.0
16.25,128.144674,37.899148,1264.9837032,4.755,47.329,240.698,1.0
16.2666,128.144635,37.899131,1268.1149136000001,5.2,47.579,240.77,1.0
16.2833,128.144597,37.899114,1271.2604496,5.671,47.829,240.845,1.0
16.3,128.144559,37.899096,1274.4203112,6.163,48.078,240.922,1.0
16.3166,128.144521,37.899079,1277.5944984,6.67,48.326,241.0,1.0
16.3333,128.144483,37.899062,1280.7839256,7.181,48.574,241.081,1.0
16.35,128.144446,37.899045,1283.9879832000001,7.692,48.821,241.165,1.0
16.3666,128.144408,37.899028,1287.2063664000002,8.204,49.066,241.253,1.0
16.3833,128.144371,37.899011,1290.4390752000002,8.718,49.312,241.347,1.0
16.4,128.144334,37.898995,1293.6864143999999,9.235,49.556,241.447,1.0
16.4166,128.144296,37.898978,1296.9477744000003,9.757,49.801,241.552,1.0
16.4333,128.144259,37.898961,1300.2246792,10.259,50.045,241.659,1.0
16.45,128.144223,37.898945,1303.5162144,10.743,50.29,241.768,1.0
16.4666,128.144186,37.898929,1306.8217704,11.214,50.535,241.88,1.0
16.4833,128.144149,37.898912,1310.141652,11.676,50.779,241.998,1.0
16.5,128.144113,37.898896,1313.4755544,12.133,51.023,242.123,1.0
16.5166,128.144077,37.89888,1316.8234776000002,12.589,51.267,242.255,1.0
16.5333,128.144041,37.898864,1320.186336,13.029,51.511,242.389,1.0
16.55,128.144005,37.898849,1323.5629104000002,13.455,51.755,242.526,1.0
16.5666,128.143969,37.898833,1326.9532007999999,13.873,52.0,242.667,1.0
16.5833,128.143933,37.898817,1330.3572072000002,14.285,52.244,242.812,1.0
16.6,128.143897,37.898802,1333.7746248,14.693,52.487,242.963,1.0
16.6166,128.143862,37.898786,1337.2054536,15.102,52.731,243.12,1.0
16.6333,128.143827,37.898771,1340.6499984,15.508,52.974,243.282,1.0
16.65,128.143792,37.898756,1344.1076496,15.913,53.217,243.447,1.0
16.6666,128.143757,37.898741,1347.5781024,16.318,53.46,243.617,1.0
16.6833,128.143722,37.898726,1351.0619664000003,16.725,53.702,243.791,1.0
16.7,128.143687,37.898711,1354.5583272000001,17.134,53.944,243.97,1.0
16.7166,128.143652,37.898697,1358.0677944000001,17.547,54.185,244.154,1.0
16.7333,128.143618,37.898682,1361.5897584000002,17.965,54.426,244.342,1.0
16.75,128.143583,37.898668,1365.1242192,18.388,54.666,244.536,1.0
16.7666,128.143549,37.898653,1368.6708720000001,18.817,54.905,244.734,1.0
16.7833,128.143515,37.898639,1372.2303264000002,19.251,55.144,244.937,1.0
16.8,128.143481,37.898625,1375.801668,19.69,55.382,245.144,1.0
16.8166,128.143447,37.898611,1379.3852016,20.135,55.62,245.356,1.0
16.8333,128.143414,37.898597,1382.9809272,20.587,55.856,245.574,1.0
16.85,128.14338,37.898584,1386.5882352,21.047,56.092,245.797,1.0
16.8666,128.143347,37.89857,1390.2077352000001,21.513,56.327,246.025,1.0
16.8833,128.143313,37.898557,1393.8388176000003,21.986,56.561,246.259,1.0
16.9,128.14328,37.898543,1397.4811776000001,22.465,56.794,246.497,1.0
16.9166,128.143247,37.89853,1401.1354248,22.951,57.026,246.741,1.0
16.9333,128.143214,37.898517,1404.8006448,23.448,57.257,246.992,1.0
16.95,128.143181,37.898504,1408.4771424,23.955,57.486,247.249,1.0
16.9666,128.143149,37.898491,1412.1649176000003,24.473,57.715,247.512,1.0
16.9833,128.143116,37.898479,1415.8636656,25.0,57.942,247.781,1.0
17.0,128.143084,37.898466,1419.5733864000001,25.536,58.168,248.056,1.0
17.0166,128.143052,37.898454,1423.2937752,26.079,58.393,248.337,1.0
17.0333,128.14302,37.898441,1427.024832,26.633,58.617,248.624,1.0
17.05,128.142988,37.898429,1430.7665568,27.198,58.839,248.919,1.0
17.0666,128.142956,37.898417,1434.5186448000002,27.772,59.059,249.22,1.0
17.0833,128.142924,37.898405,1438.2814008,28.355,59.278,249.528,1.0
17.1,128.142892,37.898393,1442.0542152000003,28.946,59.496,249.842,1.0
17.1166,128.142861,37.898382,1445.8370880000002,29.546,59.712,250.164,1.0
17.1333,128.14283,37.89837,1449.6300192,30.159,59.926,250.493,1.0
17.15,128.142798,37.898359,1453.4327039999998,30.783,60.138,250.831,1.0
17.1666,128.142767,37.898348,1457.2451424,31.419,60.348,251.176,1.0
17.1833,128.142736,37.898337,1461.0673344000002,32.066,60.557,251.529,1.0
17.2,128.142705,37.898326,1464.89928,32.722,60.764,251.889,1.0
17.2166,128.142675,37.898315,1468.7403696000001,33.388,60.969,252.257,1.0
17.2333,128.142644,37.898304,1472.5906032,34.066,61.172,252.633,1.0
17.25,128.142614,37.898294,1476.4502856000001,34.755,61.372,253.017,1.0
17.2666,128.142583,37.898284,1480.319112,35.454,61.57,253.41,1.0
17.2833,128.142553,37.898273,1484.1964728,36.164,61.766,253.811,1.0
17.3,128.142523,37.898263,1488.0829776,36.884,61.96,254.22,1.0
17.3166,128.142493,37.898254,1491.9783216,37.613,62.152,254.638,1.0
17.3333,128.142463,37.898244,1495.8815904,38.357,62.34,255.066,1.0
17.35,128.142433,37.898234,1499.7936984,39.114,62.526,255.503,1.0
17.3666,128.142404,37.898225,1503.714036,39.885,62.709,255.949,1.0
17.3833,128.142374,37.898215,1507.6422984,40.667,62.89,256.404,1.0
17.4,128.142345,37.898206,1511.5787904,41.462,63.067,256.868,1.0
17.4166,128.142315,37.898197,1515.5232072000001,42.267,63.242,257.341,1.0
17.4333,128.142286,37.898189,1519.4755488,43.087,63.414,257.823,1.0
17.45,128.142257,37.89818,1523.4352056,43.92,63.582,258.315,1.0
17.4666,128.142228,37.898171,1527.4027872,44.767,63.747,258.816,1.0
17.4833,128.142199,37.898163,1531.377684,45.626,63.908,259.327,1.0
17.5,128.142171,37.898155,1535.3595912,46.496,64.067,259.847,1.0
17.5166,128.142142,37.898147,1539.3488136,47.378,64.221,260.376,1.0
17.5333,128.142114,37.898139,1543.3453512,48.27,64.373,260.914,1.0
17.55,128.142085,37.898131,1547.3488992000002,49.174,64.52,261.462,1.0
17.5666,128.142057,37.898124,1551.358848,50.087,64.664,262.018,1.0
17.5833,128.142029,37.898116,1555.3758072000003,51.01,64.804,262.584,1.0
17.6,128.142001,37.898109,1559.3991672000002,51.944,64.94,263.16,1.0
17.6166,128.141973,37.898102,1563.428928,52.888,65.072,263.745,1.0
17.6333,128.141945,37.898095,1567.4650896,53.837,65.2,264.338,1.0
17.65,128.141917,37.898088,1571.507652,54.793,65.325,264.94,1.0
17.6666,128.141889,37.898082,1575.5560056000002,55.755,65.445,265.55,1.0
17.6833,128.141862,37.898075,1579.6101504,56.724,65.56,266.17,1.0
17.7,128.141835,37.898069,1583.6700864000002,57.7,65.671,266.798,1.0
17.7166,128.141807,37.898063,1587.7358136,58.684,65.778,267.435,1.0
17.7333,128.14178,37.898057,1591.807332,59.652,65.882,268.077,1.0
17.75,128.141753,37.898051,1595.8843368000003,60.604,65.984,268.725,1.0
17.7666,128.141726,37.898046,1599.9665232000002,61.545,66.083,269.379,1.0
17.7833,128.141699,37.898041,1604.0538912000002,62.478,66.177,270.041,1.0
17.8,128.141672,37.898035,1608.146136,63.406,66.265,270.712,1.0
17.8166,128.141646,37.89803,1612.2432576,64.333,66.348,271.393,1.0
17.8333,128.141619,37.898026,1616.345256,65.237,66.429,272.078,1.0
17.85,128.141593,37.898021,1620.4521312000002,66.122,66.509,272.768,1.0
17.8666,128.141566,37.898017,1624.5632736,66.991,66.585,273.464,1.0
17.8833,128.14154,37.898012,1628.6786832000003,67.848,66.657,274.166,1.0
17.9,128.141514,37.898008,1632.79836,68.696,66.724,274.875,1.0
17.9166,128.141488,37.898005,1636.9219992,69.54,66.785,275.592,1.0
17.9333,128.141462,37.898001,1641.0499056,70.37,66.844,276.313,1.0
17.95,128.141436,37.897997,1645.1811648,71.19,66.901,277.038,1.0
17.9666,128.14141,37.897994,1649.3163864,72.002,66.954,277.768,1.0
17.9833,128.141384,37.897991,1653.4549608,72.807,67.003,278.502,1.0
18.0,128.141359,37.897988,1657.5968880000003,73.607,67.048,279.24,1.0
18.0166,128.141333,37.897985,1661.742168,74.404,67.089,279.982,1.0
18.0333,128.141308,37.897983,1665.8908008,75.192,67.128,280.727,1.0
18.05,128.141283,37.897981,1670.0421767999999,75.972,67.164,281.474,1.0
18.0666,128.141258,37.897978,1674.1966008,76.745,67.198,282.224,1.0
18.0833,128.141233,37.897976,1678.353768,77.512,67.228,282.975,1.0
18.1,128.141208,37.897975,1682.5136784000001,78.273,67.254,283.73,1.0
18.1166,128.141183,37.897973,1686.6763320000002,79.03,67.276,284.487,1.0
18.1333,128.141158,37.897972,1690.8408144,79.63,67.315,285.181,1.0
18.15,128.141134,37.89797,1695.0074304,80.03,67.367,285.762,1.0
18.1666,128.141109,37.897969,1699.1758752,80.174,67.419,286.182,1.0
18.1833,128.141085,37.897969,1703.3464536000001,80.01,67.461,286.395,1.0
18.2,128.14106,37.897968,1707.5182512000001,79.492,67.483,286.353,1.0
18.2166,128.141036,37.897968,1711.6918776000002,78.651,67.486,286.084,1.0
18.2333,128.141012,37.897967,1715.867028,77.555,67.474,285.655,1.0
18.25,128.140988,37.897967,1720.0440072000001,76.27,67.452,285.128,1.0
18.2666,128.140964,37.897968,1724.2228152000002,74.857,67.423,284.566,1.0
18.2833,128.140941,37.897968,1728.4031472,73.372,67.395,284.024,1.0
18.3,128.140917,37.897968,1732.5850032,71.867,67.371,283.555,1.0
18.3166,128.140894,37.897969,1736.768688,70.364,67.358,283.182,1.0
18.3333,128.140871,37.89797,1740.9538968000002,68.901,67.36,282.942,1.0
18.35,128.140847,37.897971,1745.1412392000002,67.447,67.375,282.8,1.0
18.3666,128.140824,37.897972,1749.3304104000001,65.966,67.397,282.71,1.0
18.3833,128.140801,37.897973,1753.5214104000001,64.43,67.422,282.64,1.0
18.4,128.140779,37.897975,1757.7148488,62.83,67.449,282.575,1.0
18.4166,128.140756,37.897976,1761.9098112000001,61.165,67.476,282.511,1.0
18.4333,128.140733,37.897978,1766.1069072000003,59.483,67.514,282.494,1.0
18.45,128.140711,37.89798,1770.3061368,57.824,67.574,282.566,1.0
18.4666,128.140689,37.897981,1774.5075000000002,56.186,67.656,282.721,1.0
18.4833,128.140667,37.897983,1778.7109968000002,54.54,67.752,282.925,1.0
18.5,128.140645,37.897986,1782.916932,52.859,67.857,283.145,1.0
18.5166,128.140623,37.897988,1787.1256104000001,51.13,67.965,283.365,1.0
18.5333,128.140601,37.89799,1791.3364224,49.427,68.088,283.63,1.0
18.55,128.14058,37.897992,1795.5496728,47.797,68.239,283.978,1.0
18.5666,128.140558,37.897995,1799.7653616000002,46.237,68.418,284.401,1.0
18.5833,128.140537,37.897997,1803.9840984,44.715,68.617,284.864,1.0
18.6,128.140516,37.898,1808.2055784000001,43.205,68.826,285.334,1.0
18.6166,128.140495,37.898003,1812.4304112,41.688,69.041,285.793,1.0
18.6333,128.140474,37.898006,1816.6576823999999,40.365,69.266,286.309,1.0
18.65,128.140454,37.898008,1820.8883064,39.263,69.516,286.917,1.0
18.6666,128.140433,37.898011,1825.1216736000001,38.342,69.796,287.594,1.0
18.6833,128.140413,37.898014,1829.3580888000001,37.541,70.098,288.292,1.0
18.7,128.140392,37.898017,1833.597552,36.809,70.411,288.978,1.0
18.7166,128.140372,37.89802,1837.8406728000002,36.11,70.731,289.638,1.0
18.7333,128.140352,37.898023,1842.0871464,35.622,71.064,290.348,1.0
18.75,128.140332,37.898026,1846.3366680000001,35.349,71.415,291.133,1.0
18.7666,128.140313,37.898029,1850.5898472,35.239,71.779,291.964,1.0
18.7833,128.140293,37.898033,1854.8460744000001,35.236,72.15,292.803,1.0
18.8,128.140273,37.898036,1859.1062640000002,35.298,72.522,293.631,1.0
18.8166,128.140254,37.898039,1863.3704160000002,35.398,72.893,294.441,1.0
18.8333,128.140235,37.898042,1867.6379208,35.581,73.255,295.249,1.0
18.85,128.140216,37.898046,1871.9087784,35.836,73.608,296.062,1.0
18.8666,128.140197,37.898049,1876.1839032,36.145,73.954,296.876,1.0
18.8833,128.140178,37.898053,1880.4626856000002,36.497,74.294,297.69,1.0
18.9,128.14016,37.898056,1884.7454304,36.88,74.628,298.503,1.0
18.9166,128.140141,37.898059,1889.0318328,37.287,74.957,299.316,1.0
18.9333,128.140123,37.898063,1893.3221976,37.863,75.271,300.186,1.0
18.95,128.140105,37.898066,1897.6159152000002,38.606,75.568,301.115,1.0
18.9666,128.140087,37.89807,1901.9132904,39.482,75.853,302.082,1.0
18.9833,128.14007,37.898074,1906.2137136000001,40.46,76.131,303.066,1.0
19.0,128.140052,37.898077,1910.5177944000002,41.519,76.405,304.056,1.0
19.0166,128.140035,37.898081,1914.825228,42.642,76.675,305.054,1.0
19.0333,128.140017,37.898084,1919.1360144,43.885,76.912,306.064,1.0
19.05,128.14,37.898088,1923.449544,45.176,77.101,307.023,1.0
19.0666,128.139983,37.898092,1927.765512,46.464,77.242,307.874,1.0
19.0833,128.139966,37.898096,1932.0842232000002,47.776,77.352,308.64,1.0
19.1,128.139949,37.898099,1936.4059823999999,49.159,77.447,309.37,1.0
19.1166,128.139933,37.898103,1940.7301800000002,50.642,77.535,310.097,1.0
19.1333,128.139916,37.898107,1945.056816,52.15,77.604,310.75,1.0
19.15,128.1399,37.898111,1949.3855856000002,53.602,77.642,311.251,1.0
19.1666,128.139883,37.898115,1953.7158792,54.917,77.64,311.522,1.0
19.1833,128.139867,37.898119,1958.0480016000001,56.016,77.588,311.487,1.0
19.2,128.139851,37.898122,1962.3819528000001,56.98,77.5,311.232,1.0
19.2166,128.139835,37.898126,1966.7180376000001,57.892,77.39,310.843,1.0
19.2333,128.139819,37.89813,1971.0559512000002,58.83,77.27,310.403,1.0
19.25,128.139803,37.898134,1975.3956936000002,59.872,77.151,309.99,1.0
19.2666,128.139787,37.898138,1979.7366552,61.047,77.038,309.637,1.0
19.2833,128.139771,37.898143,1984.0797504000002,62.346,76.931,309.335,1.0
19.3,128.139756,37.898147,1988.4240648,63.747,76.828,309.062,1.0
19.3166,128.13974,37.898151,1992.7702080000001,65.233,76.727,308.803,1.0
19.3333,128.139725,37.898155,1997.1175704,66.667,76.638,308.529,1.0
19.35,128.139709,37.898159,2001.466152,68.037,76.562,308.236,1.0
19.3666,128.139694,37.898163,2005.8159528000003,69.354,76.492,307.935,1.0
19.3833,128.139678,37.898168,2010.1672776000003,70.628,76.424,307.636,1.0
19.4,128.139663,37.898172,2014.5198216000001,71.87,76.354,307.345,1.0
19.4166,128.139648,37.898177,2018.8732800000002,73.094,76.281,307.065,1.0
19.4333,128.139633,37.898181,2023.2276528000002,74.313,76.205,306.796,1.0
19.45,128.139618,37.898186,2027.5829400000002,75.535,76.127,306.537,1.0
19.4666,128.139603,37.89819,2031.9391416,76.764,76.048,306.285,1.0
19.4833,128.139589,37.898195,2036.2959528000001,78.005,75.969,306.04,1.0
19.5,128.139574,37.898199,2040.6533736000001,79.259,75.892,305.803,1.0
19.5166,128.139559,37.898204,2045.0117088,80.526,75.815,305.572,1.0
19.5333,128.139544,37.898209,2049.3706536,81.839,75.736,305.347,1.0
19.55,128.13953,37.898214,2053.730208,83.194,75.655,305.126,1.0
19.5666,128.139515,37.898219,2058.090372,84.587,75.574,304.909,1.0
19.5833,128.139501,37.898223,2062.4508408,86.014,75.495,304.696,1.0
19.6,128.139486,37.898228,2066.8116144,87.471,75.419,304.486,1.0
19.6166,128.139472,37.898233,2071.1726928,88.948,75.346,304.277,1.0
19.6333,128.139457,37.898238,2075.5343808000002,90.496,75.269,304.068,1.0
19.65,128.139443,37.898243,2079.8966784,92.106,75.188,303.856,1.0
19.6666,128.139428,37.898248,2084.2595856000003,93.77,75.107,303.642,1.0
19.6833,128.139414,37.898253,2088.6227976,95.484,75.029,303.43,1.0
19.7,128.139399,37.898258,2092.9860096,97.24,74.955,303.22,1.0
19.7166,128.139385,37.898263,2097.3498312,99.029,74.885,303.012,1.0
19.7333,128.139371,37.898268,2101.7142624000003,100.895,74.813,302.798,1.0
19.75,128.139356,37.898273,2106.079608,102.829,74.736,302.574,1.0
19.7666,128.139342,37.898278,2110.4458680000002,104.824,74.66,302.344,1.0
19.7833,128.139327,37.898283,2114.8124328,106.875,74.587,302.114,1.0
19.8,128.139313,37.898288,2119.1796072,108.975,74.52,301.888,1.0
19.8166,128.139298,37.898293,2123.5473912,111.114,74.457,301.666,1.0
19.8333,128.139284,37.898298,2127.9163944,113.312,74.396,301.436,1.0
19.85,128.13927,37.898303,2132.2869216,115.562,74.333,301.194,1.0
19.8666,128.139255,37.898308,2136.6583632,117.864,74.272,300.945,1.0
19.8833,128.139241,37.898313,2141.0313288,120.22,74.212,300.692,1.0
19.9,128.139226,37.898318,2145.4052088,122.625,74.157,300.441,1.0
19.9166,128.139212,37.898323,2149.7800032,125.071,74.106,300.195,1.0
19.9333,128.139197,37.898328,2154.157236,127.564,74.058,299.945,1.0
19.95,128.139183,37.898332,2158.5356880000004,130.097,74.013,299.689,1.0
19.9666,128.139168,37.898337,2162.9162736,132.669,73.971,299.429,1.0
19.9833,128.139154,37.898342,2167.2983832,135.279,73.932,299.168,1.0
20.0,128.139139,37.898347,2171.6823216000003,137.927,73.896,298.906,1.0
20.0166,128.139125,37.898351,2176.0683936,140.61,73.864,298.646,1.0
20.0333,128.139111,37.898356,2180.4565992000003,143.326,73.835,298.387,1.0
20.05,128.139096,37.898361,2184.8469384,146.073,73.81,298.131,1.0
20.0666,128.139082,37.898365,2189.2391064,148.847,73.788,297.876,1.0
20.0833,128.139068,37.89837,2193.6340176000003,151.647,73.77,297.623,1.0
20.1,128.139053,37.898374,2198.0307576,154.469,73.756,297.374,1.0
20.1166,128.139039,37.898379,2202.4296312,157.309,73.745,297.131,1.0
20.1333,128.139025,37.898383,2206.8291144,160.157,73.722,296.938,1.0
20.15,128.13901,37.898388,2211.2292072,163.028,73.668,296.813,1.0
20.1666,128.138996,37.898393,2215.6289952,165.92,73.563,296.751,1.0
20.1833,128.138982,37.898397,2220.030612,168.798,73.42,296.714,1.0
20.2,128.138968,37.898402,2224.4328384,171.638,73.258,296.673,1.0
20.2166,128.138953,37.898406,2228.8365888000003,174.428,73.091,296.611,1.0
20.2333,128.138939,37.898411,2233.23912,177.093,72.9,296.582,1.0
20.25,128.138925,37.898415,2237.6407368,179.636,72.666,296.577,1.0
20.2666,128.13891,37.89842,2242.0408296,-177.967,72.381,296.555,1.0
20.2833,128.138896,37.898424,2246.4390936000004,-175.729,72.061,296.484,1.0
20.3,128.138882,37.898429,2250.8361384,-173.64,71.727,296.352,1.0
20.3166,128.138867,37.898434,2255.2328784,-171.672,71.395,296.164,1.0
20.3333,128.138853,37.898438,2259.6253512000003,-169.903,71.042,295.966,1.0
20.35,128.138838,37.898443,2264.014776,-168.317,70.649,295.751,1.0
20.3666,128.138824,37.898448,2268.4002384,-166.912,70.221,295.492,1.0
20.3833,128.138809,37.898452,2272.7814336,-165.673,69.775,295.181,1.0
20.4,128.138794,37.898457,2277.159276,-164.569,69.327,294.823,1.0
20.4166,128.138779,37.898462,2281.5340704,-163.567,68.889,294.429,1.0
20.4333,128.138764,37.898467,2285.9024640000002,-162.716,68.437,294.019,1.0
20.45,128.138749,37.898472,2290.2653712,-161.996,67.965,293.594,1.0
20.4666,128.138733,37.898477,2294.6221824,-161.385,67.48,293.151,1.0
20.4833,128.138718,37.898481,2298.9744216,-160.866,66.997,292.692,1.0
20.5,128.138702,37.898486,2303.3211744000005,-160.417,66.523,292.221,1.0
20.5166,128.138686,37.898491,2307.6627456,-160.017,66.062,291.743,1.0
20.5333,128.13867,37.898496,2311.9973064,-159.683,65.61,291.274,1.0
20.55,128.138654,37.898501,2316.3251616000002,-159.4,65.167,290.817,1.0
20.5666,128.138638,37.898506,2320.6469208000003,-159.159,64.735,290.369,1.0
20.5833,128.138622,37.898511,2324.9619744,-158.954,64.312,289.925,1.0
20.6,128.138605,37.898516,2329.2706272,-158.777,63.9,289.484,1.0
20.6166,128.138588,37.898521,2333.5728792,-158.618,63.496,289.047,1.0
20.6333,128.138571,37.898526,2337.86934,-158.413,63.105,288.596,1.0
20.65,128.138554,37.898531,2342.1597048000003,-158.156,62.726,288.132,1.0
20.6666,128.138537,37.898536,2346.4448880000004,-157.841,62.355,287.668,1.0
20.6833,128.13852,37.898541,2350.7245848000002,-157.467,61.993,287.212,1.0
20.7,128.138502,37.898545,2354.9984904,-157.037,61.636,286.767,1.0
20.7166,128.138484,37.89855,2359.2659952,-156.563,61.286,286.332,1.0
20.7333,128.138467,37.898555,2363.5261848,-156.092,60.94,285.917,1.0
20.75,128.138449,37.89856,2367.7787544000003,-155.633,60.598,285.52,1.0
20.7666,128.13843,37.898565,2372.0227896,-155.195,60.261,285.131,1.0
20.7833,128.138412,37.89857,2376.2582904,-154.783,59.932,284.744,1.0
20.8,128.138393,37.898575,2380.4858664000003,-154.397,59.61,284.357,1.0
20.8166,128.138374,37.898579,2384.704908,-154.031,59.295,283.968,1.0
20.8333,128.138355,37.898584,2388.9145008,-153.718,58.983,283.587,1.0
20.85,128.138336,37.898589,2393.1140352,-153.45,58.673,283.214,1.0
20.8666,128.138317,37.898594,2397.303816,-153.223,58.367,282.845,1.0
20.8833,128.138297,37.898598,2401.4844528000003,-153.035,58.065,282.477,1.0
20.9,128.138277,37.898603,2405.6556408,-152.879,57.767,282.108,1.0
20.9166,128.138257,37.898608,2409.8176848,-152.748,57.473,281.737,1.0
20.9333,128.138237,37.898612,2413.9681464,-152.655,57.181,281.371,1.0
20.95,128.138217,37.898617,2418.1088544,-152.592,56.89,281.01,1.0
20.9666,128.138196,37.898621,2422.2398088,-152.557,56.601,280.653,1.0
20.9833,128.138175,37.898625,2426.3604,-152.544,56.314,280.298,1.0
21.0,128.138154,37.89863,2430.4709328,-152.549,56.029,279.945,1.0
21.0166,128.138133,37.898634,2434.5714072,-152.569,55.746,279.594,1.0
21.0333,128.138111,37.898638,2438.6609088,-152.606,55.464,279.246,1.0
21.05,128.13809,37.898643,2442.7403520000003,-152.658,55.183,278.904,1.0
21.0666,128.138068,37.898647,2446.8091272,-152.721,54.903,278.565,1.0
21.0833,128.138046,37.898651,2450.8672344,-152.794,54.624,278.23,1.0
21.1,128.138023,37.898655,2454.9149784,-152.874,54.347,277.899,1.0
21.1166,128.138001,37.898659,2458.9520544,-152.96,54.07,277.571,1.0
21.1333,128.137978,37.898663,2462.9781576,-153.052,53.794,277.247,1.0
21.15,128.137956,37.898667,2466.993288,-153.15,53.518,276.928,1.0
21.1666,128.137932,37.898671,2470.9977504000003,-153.252,53.243,276.614,1.0
21.1833,128.137909,37.898674,2474.9909352,-153.357,52.969,276.303,1.0
21.2,128.137886,37.898678,2478.9731472,-153.465,52.695,275.996,1.0
21.2166,128.137862,37.898682,2482.9443864,-153.574,52.422,275.693,1.0
21.2333,128.137838,37.898685,2486.9040432,-153.685,52.148,275.394,1.0
21.25,128.137814,37.898689,2490.8524224000003,-153.798,51.876,275.099,1.0
21.2666,128.13779,37.898692,2494.7892192,-153.913,51.603,274.808,1.0
21.2833,128.137766,37.898696,2498.7147384,-154.028,51.331,274.521,1.0
21.3,128.137741,37.898699,2502.6286752,-154.144,51.059,274.238,1.0
21.3166,128.137716,37.898702,2506.5310296000002,-154.26,50.787,273.958,1.0
21.3333,128.137691,37.898706,2510.4214968,-154.377,50.515,273.682,1.0
21.35,128.137666,37.898709,2514.3003816,-154.494,50.243,273.41,1.0
21.3666,128.137641,37.898712,2518.1673792,-154.612,49.972,273.141,1.0
21.3833,128.137615,37.898715,2522.0221848,-154.729,49.7,272.876,1.0
21.4,128.137589,37.898718,2525.8654079999997,-154.846,49.428,272.614,1.0
21.4166,128.137563,37.898721,2529.6961344,-154.963,49.157,272.355,1.0
21.4333,128.137537,37.898724,2533.5152784000006,-155.08,48.885,272.1,1.0
21.45,128.137511,37.898727,2537.3216208000003,-155.197,48.612,271.847,1.0
21.4666,128.137484,37.898729,2541.1160760000002,-155.314,48.34,271.598,1.0
21.4833,128.137458,37.898732,2544.8980344,-155.431,48.067,271.352,1.0
21.5,128.137431,37.898734,2548.6674960000005,-155.547,47.793,271.108,1.0
21.5166,128.137404,37.898737,2552.4244608,-155.663,47.52,270.868,1.0
21.5333,128.137376,37.898739,2556.168624,-155.778,47.245,270.63,1.0
21.55,128.137349,37.898742,2559.9005952,-155.893,46.971,270.395,1.0
21.5666,128.137321,37.898744,2563.6194600000003,-156.008,46.696,270.163,1.0
21.5833,128.137293,37.898746,2567.3255232,-156.121,46.421,269.933,1.0
21.6,128.137265,37.898748,2571.0187848000005,-156.234,46.145,269.706,1.0
21.6166,128.137237,37.89875,2574.6992448,-156.347,45.869,269.482,1.0
21.6333,128.137209,37.898752,2578.3662936,-156.459,45.592,269.26,1.0
21.65,128.13718,37.898754,2582.020236,-156.571,45.315,269.041,1.0
21.6666,128.137152,37.898756,2585.661072,-156.682,45.037,268.824,1.0
21.6833,128.137123,37.898758,2589.2881920000004,-156.794,44.759,268.61,1.0
21.7,128.137094,37.89876,2592.9022056000003,-156.904,44.481,268.398,1.0
21.7166,128.137064,37.898761,2596.5028079999997,-157.015,44.202,268.189,1.0
21.7333,128.137035,37.898763,2600.0893896000002,-157.125,43.922,267.982,1.0
21.75,128.137005,37.898765,2603.66256,-157.236,43.642,267.778,1.0
21.7666,128.136976,37.898766,2607.2217096000004,-157.346,43.362,267.576,1.0
21.7833,128.136946,37.898767,2610.7671432,-157.457,43.081,267.377,1.0
21.8,128.136916,37.898769,2614.2988608,-157.568,42.799,267.179,1.0
21.8166,128.136885,37.89877,2617.8162528000003,-157.678,42.517,266.984,1.0
21.8333,128.136855,37.898771,2621.3193192000003,-157.789,42.235,266.792,1.0
21.85,128.136824,37.898772,2624.8083647999997,-157.9,41.951,266.604,1.0
21.8666,128.136793,37.898773,2628.2830848000003,-158.012,41.667,266.417,1.0
21.8833,128.136762,37.898774,2631.7431744,-158.125,41.382,266.233,1.0
21.9,128.136731,37.898775,2635.1889384,-158.238,41.097,266.051,1.0
21.9166,128.1367,37.898775,2638.620072,-158.353,40.811,265.871,1.0
21.9333,128.136668,37.898776,2642.0362704,-158.469,40.524,265.695,1.0
21.95,128.136637,37.898777,2645.4375336,-158.587,40.238,265.521,1.0
21.9666,128.136605,37.898777,2648.8241664,-158.706,39.951,265.35,1.0
21.9833,128.136573,37.898778,2652.1955592,-158.827,39.664,265.182,1.0
22.0,128.136541,37.898778,2655.5520168000003,-158.95,39.377,265.016,1.0
22.0166,128.136508,37.898778,2658.8935392000003,-159.075,39.09,264.852,1.0
22.0333,128.136476,37.898779,2662.2192120000004,-159.203,38.803,264.691,1.0
22.05,128.136443,37.898779,2665.5296448,-159.333,38.516,264.534,1.0
22.0666,128.136411,37.898779,2668.8248375999997,-159.466,38.228,264.38,1.0
22.0833,128.136378,37.898779,2672.1041808,-159.601,37.941,264.227,1.0
22.1,128.136344,37.898779,2675.368284,-159.74,37.654,264.077,1.0
22.1166,128.136311,37.898778,2678.6165376,-159.88,37.367,263.929,1.0
22.1333,128.136278,37.898778,2681.848332,-160.025,37.079,263.784,1.0
22.15,128.136244,37.898778,2685.0645816,-160.174,36.791,263.642,1.0
22.1666,128.13621,37.898778,2688.2649816000003,-160.327,36.502,263.503,1.0
22.1833,128.136176,37.898777,2691.4489224,-160.483,36.214,263.366,1.0
22.2,128.136142,37.898776,2694.6170136,-160.643,35.926,263.232,1.0
22.2166,128.136108,37.898776,2697.7689504000004,-160.806,35.637,263.099,1.0
22.2333,128.136074,37.898775,2700.9038184,-160.965,35.346,262.975,1.0
22.25,128.136039,37.898774,2704.0222272,-161.119,35.054,262.86,1.0
22.2666,128.136005,37.898773,2707.1241768,-161.274,34.759,262.751,1.0
22.2833,128.13597,37.898773,2710.2090576000005,-161.434,34.465,262.647,1.0
22.3,128.135935,37.898771,2713.2774792,-161.6,34.17,262.545,1.0
22.3166,128.1359,37.89877,2716.328832,-161.773,33.875,262.444,1.0
22.3333,128.135864,37.898769,2719.3625064000003,-161.959,33.579,262.347,1.0
22.35,128.135829,37.898768,2722.379112,-162.156,33.283,262.252,1.0
22.3666,128.135793,37.898767,2725.378344,-162.362,32.986,262.16,1.0
22.3833,128.135758,37.898765,2728.3605072,-162.578,32.69,262.07,1.0
22.4,128.135722,37.898764,2731.3252967999997,-162.801,32.393,261.981,1.0
22.4166,128.135686,37.898762,2734.2727128,-163.031,32.096,261.894,1.0
22.4333,128.13565,37.898761,2737.2012312,-163.274,31.798,261.81,1.0
22.45,128.135613,37.898759,2740.1123760000005,-163.528,31.5,261.73,1.0
22.4666,128.135577,37.898757,2743.0055376,-163.794,31.201,261.653,1.0
22.4833,128.13554,37.898755,2745.880716,-164.069,30.902,261.578,1.0
22.5,128.135503,37.898753,2748.738216,-164.353,30.602,261.505,1.0
22.5166,128.135467,37.898751,2751.5777328000004,-164.645,30.303,261.434,1.0
22.5333,128.135429,37.898749,2754.3974376,-164.954,30.002,261.368,1.0
22.55,128.135392,37.898747,2757.1985496,-165.28,29.7,261.306,1.0
22.5666,128.135355,37.898745,2759.9810688000002,-165.621,29.398,261.248,1.0
22.5833,128.135318,37.898743,2762.7449952,-165.977,29.095,261.193,1.0
22.6,128.13528,37.898741,2765.4900239999997,-166.344,28.792,261.14,1.0
22.6166,128.135242,37.898738,2768.2164600000006,-166.722,28.489,261.089,1.0
22.6333,128.135204,37.898736,2770.9221696,-167.121,28.184,261.043,1.0
22.65,128.135166,37.898733,2773.6089816,-167.537,27.879,261.001,1.0
22.6666,128.135128,37.898731,2776.2762864,-167.971,27.573,260.964,1.0
22.6833,128.13509,37.898728,2778.9243888,-168.419,27.266,260.93,1.0
22.7,128.135051,37.898725,2781.552984,-168.88,26.959,260.899,1.0
22.7166,128.135013,37.898723,2784.1623768,-169.352,26.651,260.87,1.0
22.7333,128.134974,37.89872,2786.7504336,-169.852,26.343,260.848,1.0
22.75,128.134935,37.898717,2789.3171544,-170.377,26.033,260.833,1.0
22.7666,128.134896,37.898714,2791.8640632,-170.926,25.722,260.822,1.0
22.7833,128.134857,37.898711,2794.3905504000004,-171.496,25.411,260.816,1.0
22.8,128.134818,37.898708,2796.8969208000003,-172.084,25.1,260.813,1.0
22.8166,128.134779,37.898705,2799.3831744,-172.689,24.788,260.814,1.0
22.8333,128.134739,37.898702,2801.8508352000003,-173.202,24.479,260.79,1.0
22.85,128.1347,37.898699,2804.3002079999997,-173.626,24.172,260.743,1.0
22.8666,128.13466,37.898696,2806.7322072,-173.947,23.867,260.681,1.0
22.8833,128.13462,37.898693,2809.1474424,-174.154,23.561,260.615,1.0
22.9,128.13458,37.898689,2811.5465232,-174.244,23.255,260.547,1.0
22.9166,128.13454,37.898686,2813.9300592,-174.216,22.949,260.481,1.0
22.9333,128.1345,37.898683,2816.2989648,-174.113,22.642,260.422,1.0
22.95,128.13446,37.898679,2818.6523256000005,-173.952,22.334,260.37,1.0
22.9666,128.134419,37.898676,2820.9886176,-173.745,22.026,260.323,1.0
22.9833,128.134379,37.898673,2823.3084504000003,-173.503,21.718,260.28,1.0
23.0,128.134339,37.898669,2825.6109096000005,-173.237,21.411,260.24,1.0
23.0166,128.134298,37.898666,2827.8959952,-172.952,21.105,260.2,1.0
23.0333,128.134257,37.898662,2830.1630976,-172.655,20.801,260.16,1.0
23.05,128.134216,37.898659,2832.4128264,-172.35,20.498,260.118,1.0
23.0666,128.134175,37.898655,2834.6442672,-172.039,20.197,260.076,1.0
23.0833,128.134134,37.898651,2836.8577248,-171.724,19.898,260.032,1.0
23.1,128.134093,37.898648,2839.0531992,-171.406,19.599,259.985,1.0
23.1166,128.134052,37.898644,2841.2303856,-171.085,19.302,259.937,1.0
23.1333,128.13401,37.89864,2843.3889792,-170.765,19.007,259.886,1.0
23.15,128.133969,37.898636,2845.52898,-170.445,18.712,259.833,1.0
23.1666,128.133927,37.898632,2847.6506928,-170.124,18.419,259.778,1.0
23.1833,128.133886,37.898628,2849.7541176,-169.805,18.126,259.721,1.0
23.2,128.133844,37.898625,2851.8386448,-169.486,17.835,259.661,1.0
23.2166,128.133802,37.898621,2853.9045792,-169.167,17.545,259.598,1.0
23.2333,128.13376,37.898616,2855.9500920000005,-168.922,17.252,259.555,1.0
23.25,128.133718,37.898612,2857.9748784000003,-168.751,16.956,259.53,1.0
23.2666,128.133676,37.898608,2859.9777192000006,-168.656,16.658,259.516,1.0
23.2833,128.133634,37.898604,2861.9580048000003,-168.638,16.36,259.506,1.0
23.3,128.133592,37.8986,2863.9151256000005,-168.693,16.063,259.495,1.0
23.3166,128.133549,37.898595,2865.848472,-168.813,15.766,259.482,1.0
23.3333,128.133507,37.898591,2867.7577392000003,-168.998,15.485,259.47,1.0
23.35,128.133464,37.898586,2869.6453656,-169.238,15.222,259.461,1.0
23.3666,128.133421,37.898582,2871.5104368,-169.524,14.971,259.452,1.0
23.3833,128.133378,37.898577,2873.354172,-169.847,14.726,259.444,1.0
23.4,128.133336,37.898573,2875.1762664000003,-170.202,14.485,259.435,1.0
23.4166,128.133293,37.898568,2876.9770248,-170.58,14.245,259.427,1.0
23.4333,128.13325,37.898564,2878.7591904,-170.952,14.016,259.416,1.0
23.45,128.133206,37.898559,2880.5221536,-171.314,13.797,259.404,1.0
23.4666,128.133163,37.898554,2882.2671336,-171.662,13.585,259.392,1.0
23.4833,128.13312,37.898549,2883.9929112,-171.996,13.376,259.381,1.0
23.5,128.133077,37.898544,2885.6997912,-172.316,13.167,259.371,1.0
23.5166,128.133033,37.89854,2887.3880784000003,-172.624,12.958,259.364,1.0
23.5333,128.13299,37.898535,2889.0602112,-172.895,12.751,259.354,1.0
23.55,128.132946,37.89853,2890.71558,-173.131,12.548,259.344,1.0
23.5666,128.132903,37.898525,2892.35388,-173.336,12.346,259.333,1.0
23.5833,128.132859,37.89852,2893.9745016,-173.511,12.143,259.323,1.0
23.6,128.132815,37.898515,2895.5780544,-173.661,11.94,259.315,1.0
23.6166,128.132771,37.89851,2897.163624,-173.789,11.737,259.309,1.0
23.6333,128.132727,37.898505,2898.734868,-173.85,11.548,259.293,1.0
23.65,128.132683,37.8985,2900.290872,-173.846,11.374,259.266,1.0
23.6666,128.132639,37.898495,2901.8331600000006,-173.78,11.21,259.234,1.0
23.6833,128.132595,37.89849,2903.3623416000005,-173.655,11.05,259.199,1.0
23.7,128.132551,37.898484,2904.876588,-173.476,10.892,259.165,1.0
23.7166,128.132507,37.898479,2906.376204,-173.249,10.735,259.131,1.0
23.7333,128.132463,37.898474,2907.8642376,-172.933,10.594,259.093,1.0
23.75,128.132418,37.898469,2909.3406888000004,-172.533,10.475,259.049,1.0
23.7666,128.132374,37.898464,2910.8064719999998,-172.048,10.373,259.003,1.0
23.7833,128.13233,37.898458,2912.2625016,-171.479,10.281,258.954,1.0
23.8,128.132285,37.898453,2913.7084728,-170.827,10.194,258.904,1.0
23.8166,128.132241,37.898448,2915.1437760000003,-170.096,10.109,258.851,1.0
23.8333,128.132196,37.898442,2916.5696304000003,-169.287,10.032,258.798,1.0
23.85,128.132151,37.898437,2917.9857312,-168.403,9.962,258.745,1.0
23.8666,128.132107,37.898432,2919.3917736000003,-167.449,9.896,258.689,1.0
23.8833,128.132062,37.898426,2920.7883672,-166.426,9.834,258.632,1.0
23.9,128.132017,37.898421,2922.1755120000003,-165.338,9.774,258.573,1.0
23.9166,128.131973,37.898415,2923.5529032000004,-164.187,9.715,258.511,1.0
23.9333,128.131928,37.89841,2924.9208456,-162.976,9.651,258.444,1.0
23.95,128.131883,37.898404,2926.2793392000003,-161.707,9.582,258.372,1.0
23.9666,128.131838,37.898399,2927.6286888,-160.382,9.509,258.295,1.0
23.9833,128.131793,37.898393,2928.9688944,-159.003,9.436,258.214,1.0
24.0,128.131748,37.898387,2930.299956,-157.573,9.363,258.128,1.0
24.0166,128.131703,37.898382,2931.6221784000004,-156.094,9.291,258.037,1.0
24.0333,128.131658,37.898376,2932.934952,-154.567,9.207,257.936,1.0
24.05,128.131612,37.89837,2934.2385816,-152.996,9.108,257.822,1.0
24.0666,128.131567,37.898365,2935.533372,-151.381,8.999,257.696,1.0
24.0833,128.131522,37.898359,2936.8193232000003,-149.724,8.885,257.561,1.0
24.1,128.131477,37.898353,2938.0964352000005,-148.026,8.77,257.417,1.0
24.1166,128.131431,37.898347,2939.3644032,-146.289,8.657,257.267,1.0
24.1333,128.131386,37.898341,2940.6217032000004,-144.607,8.528,257.111,1.0
24.15,128.131341,37.898335,2941.8680304000004,-142.984,8.373,256.94,1.0
24.1666,128.131295,37.898329,2943.1027752,-141.419,8.199,256.755,1.0
24.1833,128.13125,37.898323,2944.3256328,-139.908,8.018,256.556,1.0
24.2,128.131204,37.898317,2945.5356888,-138.447,7.835,256.345,1.0
24.2166,128.131159,37.89831,2946.7326384000003,-137.03,7.657,256.124,1.0
24.2333,128.131113,37.898304,2947.9155671999997,-135.739,7.464,255.89,1.0
24.25,128.131068,37.898298,2949.08478,-134.564,7.255,255.641,1.0
24.2666,128.131022,37.898291,2950.2390576000003,-133.495,7.036,255.376,1.0
24.2833,128.130977,37.898284,2951.3780952,-132.519,6.817,255.099,1.0
24.3,128.130931,37.898277,2952.5018928,-131.623,6.601,254.811,1.0
24.3166,128.130885,37.89827,2953.6107552000003,-130.794,6.392,254.515,1.0
24.3333,128.13084,37.898263,2954.7040728,-130.089,6.178,254.222,1.0
24.35,128.130794,37.898256,2955.7815408,-129.499,5.96,253.933,1.0
24.3666,128.130749,37.898249,2956.84194,-129.026,5.739,253.648,1.0
24.3833,128.130703,37.898241,2957.8855752000004,-128.67,5.519,253.364,1.0
24.4,128.130657,37.898234,2958.911532,-128.426,5.301,253.08,1.0
24.4166,128.130612,37.898226,2959.92042,-128.28,5.086,252.794,1.0
24.4333,128.130566,37.898218,2960.9131536,-128.184,4.885,252.5,1.0
24.45,128.130521,37.89821,2961.8900375999997,-128.123,4.696,252.198,1.0
24.4666,128.130475,37.898202,2962.8522912000003,-128.086,4.516,251.891,1.0
24.4833,128.130429,37.898194,2963.7996096,-128.06,4.342,251.58,1.0
24.5,128.130384,37.898185,2964.733212,-128.039,4.171,251.268,1.0
24.5166,128.130338,37.898177,2965.6534032000004,-128.017,4.002,250.956,1.0
24.5333,128.130293,37.898168,2966.5598784000003,-127.928,3.842,250.639,1.0
24.55,128.130247,37.898159,2967.4541616,-127.771,3.691,250.318,1.0
24.5666,128.130202,37.89815,2968.3362528000002,-127.55,3.545,249.995,1.0
24.5833,128.130156,37.898141,2969.2070664000003,-127.27,3.402,249.673,1.0
24.6,128.130111,37.898132,2970.0669072,-126.937,3.26,249.353,1.0
24.6166,128.130065,37.898123,2970.9157752,-126.558,3.118,249.035,1.0
24.6333,128.130019,37.898114,2971.7545848000004,-126.088,2.992,248.729,1.0
24.65,128.129974,37.898105,2972.5839456000003,-125.53,2.89,248.445,1.0
24.6666,128.129928,37.898095,2973.404772,-124.887,2.819,248.197,1.0
24.6833,128.129883,37.898086,2974.2176736000006,-124.16,2.786,247.996,1.0
24.7,128.129837,37.898076,2975.0229552000005,-123.352,2.782,247.835,1.0
24.7166,128.129792,37.898067,2975.8200072000004,-122.466,2.799,247.7,1.0
24.7333,128.129746,37.898057,2976.6100488,-121.504,2.843,247.604,1.0
24.75,128.1297,37.898047,2977.3930800000003,-120.469,2.917,247.553,1.0
24.7666,128.129655,37.898038,2978.1694056000006,-119.362,3.013,247.537,1.0
24.7833,128.129609,37.898028,2978.9387208000003,-118.187,3.122,247.541,1.0
24.8,128.129564,37.898018,2979.70194,-116.944,3.239,247.559,1.0
24.8166,128.129518,37.898008,2980.4590632,-115.635,3.359,247.582,1.0
24.8333,128.129472,37.897998,2981.2103952,-114.26,3.481,247.609,1.0
24.85,128.129427,37.897988,2981.9562408,-112.82,3.604,247.638,1.0
24.8666,128.129381,37.897978,2982.6969048,-111.316,3.727,247.669,1.0
24.8833,128.129335,37.897968,2983.4323872000004,-109.75,3.85,247.7,1.0
24.9,128.12929,37.897957,2984.1632976,-108.122,3.973,247.731,1.0
24.9166,128.129244,37.897947,2984.8893312,-106.435,4.096,247.764,1.0
24.9333,128.129198,37.897937,2985.6107928,-104.688,4.221,247.797,1.0
24.95,128.129152,37.897926,2986.3282920000006,-102.885,4.347,247.832,1.0
24.9666,128.129107,37.897916,2987.0415239999998,-101.024,4.474,247.867,1.0
24.9833,128.129061,37.897906,2987.7510984000005,-99.109,4.603,247.904,1.0
25.0,128.129015,37.897895,2988.4567104,-97.139,4.734,247.943,1.0
25.0166,128.128969,37.897885,2989.1586647999998,-95.115,4.868,247.983,1.0
25.0333,128.128923,37.897874,2989.8572664000003,-93.038,5.003,248.025,1.0
25.05,128.128878,37.897863,2990.5525152,-90.91,5.141,248.07,1.0
25.0666,128.128832,37.897853,2991.2444112000003,-88.729,5.282,248.118,1.0
25.0833,128.128786,37.897842,2991.9329544,-86.499,5.425,248.169,1.0
25.1,128.12874,37.897832,2992.6184496,-84.218,5.571,248.224,1.0
25.1166,128.128694,37.897821,2993.3008968,-81.887,5.719,248.282,1.0
25.1333,128.128648,37.89781,2993.980296,-79.508,5.869,248.346,1.0
25.15,128.128602,37.8978,2994.6563424,-77.082,6.02,248.414,1.0
25.1666,128.128556,37.897789,2995.3293408,-74.608,6.173,248.487,1.0
25.1833,128.128509,37.897778,2995.9992912000002,-72.089,6.326,248.566,1.0
25.2,128.128463,37.897767,2996.6658888,-69.525,6.479,248.651,1.0
25.2166,128.128417,37.897757,2997.3294384,-66.918,6.63,248.742,1.0
25.2333,128.128371,37.897746,2997.9896352000005,-64.269,6.781,248.837,1.0
25.25,128.128325,37.897735,2998.6461744,-61.579,6.931,248.935,1.0
25.2666,128.128278,37.897724,2999.2993608,-58.849,7.078,249.038,1.0
25.2833,128.128232,37.897713,2999.9491943999997,-56.08,7.222,249.147,1.0
25.3,128.128186,37.897703,3000.5950656,-53.274,7.361,249.26,1.0
25.3166,128.128139,37.897692,3001.2372792,-50.432,7.494,249.378,1.0
25.3333,128.128093,37.897681,3001.8767496,-47.565,7.631,249.489,1.0
25.35,128.128046,37.89767,3002.5128672,-44.68,7.78,249.58,1.0
25.3666,128.128,37.897659,3003.1462416000004,-41.782,7.947,249.649,1.0
25.3833,128.127953,37.897649,3003.7768728,-38.872,8.125,249.704,1.0
25.4,128.127907,37.897638,3004.4047608,-35.952,8.308,249.75,1.0
25.4166,128.12786,37.897627,3005.0299056000003,-33.024,8.489,249.792,1.0
25.4333,128.127814,37.897616,3005.6547456000003,-30.181,8.676,249.812,1.0
25.45,128.127767,37.897605,3006.2795856,-27.424,8.884,249.802,1.0
25.4666,128.12772,37.897594,3006.9050352000004,-24.741,9.116,249.764,1.0
25.4833,128.127674,37.897583,3007.5320088,-22.123,9.366,249.709,1.0
25.5,128.127627,37.897572,3008.161116,-19.57,9.627,249.651,1.0
25.5166,128.127581,37.897561,3008.7914424,-17.079,9.895,249.598,1.0
25.5333,128.127534,37.89755,3009.4269504000004,-14.764,10.182,249.537,1.0
25.55,128.127487,37.897539,3010.0676399999998,-12.615,10.503,249.466,1.0
25.5666,128.127441,37.897528,3010.7141208000003,-10.611,10.861,249.397,1.0
25.5833,128.127394,37.897517,3011.3676120000005,-8.732,11.246,249.337,1.0
25.6,128.127348,37.897506,3012.0281136000003,-6.956,11.647,249.294,1.0
25.6166,128.127301,37.897494,3012.6937967999997,-5.263,12.055,249.27,1.0
25.6333,128.127255,37.897483,3013.3698432,-3.724,12.485,249.252,1.0
25.65,128.127208,37.897472,3014.055948,-2.322,12.945,249.239,1.0
25.6666,128.127162,37.897461,3014.7527208,-1.035,13.429,249.237,1.0
25.6833,128.127115,37.89745,3015.4595520000003,0.155,13.924,249.25,1.0
25.7,128.127069,37.897438,3016.1755272,1.268,14.421,249.28,1.0
25.7166,128.127023,37.897427,3016.9009512,2.32,14.917,249.327,1.0
25.7333,128.126976,37.897416,3017.6397864,3.279,15.408,249.384,1.0
25.75,128.12693,37.897405,3018.3908136,4.157,15.893,249.449,1.0
25.7666,128.126883,37.897393,3019.1528136,4.969,16.37,249.524,1.0
25.7833,128.126837,37.897382,3019.9267008,5.727,16.839,249.609,1.0
25.8,128.126791,37.897371,3020.7115608,6.442,17.298,249.705,1.0
25.8166,128.126745,37.89736,3021.5080032000005,7.124,17.749,249.81,1.0
25.8333,128.126698,37.897348,3022.3148088000003,7.828,18.189,249.93,1.0
25.8499,128.126652,37.897337,3023.1316728,8.562,18.62,250.066,1.0
25.8666,128.126606,37.897326,3023.9582904,9.324,19.041,250.211,1.0
25.8833,128.12656,37.897315,3024.794052,10.114,19.453,250.365,1.0
25.9,128.126514,37.897304,3025.639872,10.929,19.857,250.524,1.0
25.9166,128.126467,37.897292,3026.4966648,11.766,20.251,250.687,1.0
25.9333,128.126421,37.897281,3027.3659544,12.585,20.639,250.85,1.0
25.95,128.126375,37.89727,3028.2477408,13.382,21.019,251.012,1.0
25.9666,128.126329,37.897259,3029.1432432,14.158,21.392,251.176,1.0
25.9833,128.126283,37.897248,3030.051852,14.914,21.757,251.344,1.0
26.0,128.126237,37.897237,3030.9732624000003,15.651,22.113,251.516,1.0
26.0166,128.126191,37.897226,3031.908084,16.373,22.462,251.693,1.0
26.0333,128.126145,37.897215,3032.8581456,17.051,22.804,251.872,1.0
26.05,128.126099,37.897204,3033.8234472,17.691,23.141,252.052,1.0
26.0666,128.126053,37.897194,3034.8030744,18.295,23.471,252.236,1.0
26.0833,128.126007,37.897183,3035.7967224,18.87,23.796,252.423,1.0
26.0999,128.125961,37.897172,3036.8050008000005,19.42,24.114,252.614,1.0
26.1166,128.125916,37.897161,3037.8269952,19.949,24.427,252.81,1.0
26.1333,128.12587,37.897151,3038.8654488,20.444,24.734,253.008,1.0
26.15,128.125824,37.89714,3039.9185328000003,20.91,25.038,253.208,1.0
26.1666,128.125778,37.89713,3040.9859424,21.351,25.337,253.411,1.0
26.1833,128.125733,37.897119,3042.0679824000003,21.77,25.631,253.616,1.0
26.2,128.125687,37.897109,3043.1646528,22.171,25.92,253.824,1.0
26.2166,128.125642,37.897099,3044.275344,22.557,26.205,254.035,1.0
26.2333,128.125596,37.897088,3045.4018848000005,22.923,26.487,254.247,1.0
26.25,128.125551,37.897078,3046.5424464000002,23.272,26.765,254.461,1.0
26.2666,128.125505,37.897068,3047.6976384,23.606,27.04,254.677,1.0
26.2833,128.12546,37.897058,3048.867156,23.926,27.312,254.894,1.0
26.3,128.125414,37.897048,3050.051304,24.235,27.581,255.114,1.0
26.3166,128.125369,37.897038,3051.2497776,24.535,27.847,255.334,1.0
26.3333,128.125324,37.897028,3052.4628816,24.822,28.111,255.556,1.0
26.35,128.125278,37.897019,3053.6903112,25.098,28.372,255.779,1.0
26.3666,128.125233,37.897009,3054.9320664,25.365,28.631,256.003,1.0
26.3833,128.125188,37.896999,3056.1881472,25.623,28.886,256.228,1.0
26.4,128.125143,37.89699,3057.4585536,25.874,29.14,256.453,1.0
26.4166,128.125098,37.89698,3058.7432856,26.118,29.391,256.68,1.0
26.4333,128.125053,37.896971,3060.0423432000002,26.354,29.64,256.907,1.0
26.45,128.125008,37.896962,3061.3554215999998,26.583,29.887,257.134,1.0
26.4666,128.124963,37.896952,3062.6828256000003,26.806,30.132,257.362,1.0
26.4833,128.124918,37.896943,3064.0245552,27.023,30.375,257.591,1.0
26.5,128.124873,37.896934,3065.3800008000003,27.235,30.616,257.82,1.0
26.5166,128.124829,37.896925,3066.749772,27.442,30.855,258.049,1.0
26.5333,128.124784,37.896916,3068.133564,27.644,31.092,258.279,1.0
26.55,128.124739,37.896908,3069.5313768,27.842,31.327,258.508,1.0
26.5666,128.124695,37.896899,3070.9432103999998,28.036,31.561,258.739,1.0
26.5833,128.12465,37.89689,3072.3690647999997,28.226,31.793,258.969,1.0
26.6,128.124606,37.896882,3073.80894,28.412,32.024,259.2,1.0
26.6166,128.124561,37.896873,3075.2625312,28.595,32.252,259.43,1.0
26.6333,128.124517,37.896865,3076.7298384,28.775,32.48,259.661,1.0
26.65,128.124473,37.896856,3078.2108616,28.952,32.706,259.892,1.0
26.6666,128.124428,37.896848,3079.7059056000003,29.127,32.93,260.124,1.0
26.6833,128.124384,37.89684,3081.2146656,29.299,33.153,260.355,1.0
26.7,128.12434,37.896832,3082.7371416000005,29.468,33.375,260.586,1.0
26.7166,128.124296,37.896824,3084.2730288,29.635,33.596,260.818,1.0
26.7333,128.124252,37.896816,3085.8226320000003,29.8,33.815,261.05,1.0
26.75,128.124208,37.896808,3087.3859512,29.963,34.033,261.281,1.0
26.7666,128.124164,37.896801,3088.9626816,30.125,34.249,261.513,1.0
26.7833,128.12412,37.896793,3090.5528232,30.286,34.465,261.745,1.0
26.8,128.124077,37.896785,3092.1563760000004,30.444,34.68,261.977,1.0
26.8166,128.124033,37.896778,3093.7733399999997,30.602,34.893,262.209,1.0
26.8333,128.123989,37.896771,3095.4037152,30.758,35.105,262.442,1.0
26.85,128.123946,37.896763,3097.0471967999997,30.914,35.317,262.674,1.0
26.8666,128.123902,37.896756,3098.7040896000003,31.069,35.527,262.907,1.0
26.8833,128.123859,37.896749,3100.3737840000003,31.223,35.736,263.14,1.0
26.9,128.123816,37.896742,3102.0568896000004,31.377,35.944,263.373,1.0
26.9166,128.123772,37.896735,3103.7531016,31.53,36.152,263.605,1.0
26.9333,128.123729,37.896729,3105.46242,31.683,36.358,263.839,1.0
26.95,128.123686,37.896722,3107.1845399999997,31.836,36.564,264.072,1.0
26.9666,128.123643,37.896715,3108.9194616000004,31.99,36.768,264.306,1.0
26.9833,128.1236,37.896709,3110.6674896000004,32.144,36.972,264.54,1.0
27.0,128.123557,37.896702,3112.4280144000004,32.298,37.175,264.774,1.0
27.0166,128.123514,37.896696,3114.2016456,32.452,37.377,265.008,1.0
27.0333,128.123472,37.89669,3115.9877736000003,32.606,37.578,265.243,1.0
27.05,128.123429,37.896684,3117.7867032000004,32.762,37.778,265.478,1.0
27.0666,128.123386,37.896678,3119.5981296,32.918,37.977,265.714,1.0
27.0833,128.123344,37.896672,3121.4220528,33.075,38.176,265.949,1.0
27.1,128.123301,37.896666,3123.2584728,33.232,38.374,266.185,1.0
27.1166,128.123259,37.89666,3125.1073896000003,33.389,38.571,266.421,1.0
27.1333,128.123217,37.896655,3126.9684984000005,33.549,38.768,266.658,1.0
27.15,128.123175,37.896649,3128.8417992,33.71,38.963,266.895,1.0
27.1666,128.123133,37.896644,3130.7275968,33.872,39.158,267.133,1.0
27.1833,128.123091,37.896638,3132.6255864,34.035,39.352,267.371,1.0
27.2,128.123049,37.896633,3134.5354632,34.2,39.545,267.61,1.0
27.2166,128.123007,37.896628,3136.4578368,34.366,39.737,267.849,1.0
27.2333,128.122965,37.896623,3138.3917928,34.535,39.929,268.089,1.0
27.25,128.122923,37.896618,3140.337636,34.705,40.12,268.329,1.0
27.2666,128.122882,37.896613,3142.2956712000005,34.879,40.31,268.57,1.0
27.2833,128.12284,37.896608,3144.2652888000002,35.054,40.5,268.811,1.0
27.3,128.122799,37.896604,3146.2467936000003,35.231,40.688,269.053,1.0
27.3166,128.122758,37.896599,3148.2398808,35.409,40.877,269.296,1.0
27.3333,128.122716,37.896594,3150.2445504,35.591,41.064,269.539,1.0
27.35,128.122675,37.89659,3152.2608024,35.776,41.251,269.783,1.0
27.3666,128.122634,37.896586,3154.2886368000004,35.963,41.437,270.027,1.0
27.3833,128.122593,37.896582,3156.3277488000003,36.153,41.622,270.272,1.0
27.4,128.122552,37.896578,3158.3784432,36.345,41.807,270.518,1.0
27.4166,128.122512,37.896574,3160.4404152,36.538,41.991,270.764,1.0
27.4333,128.122471,37.89657,3162.5133600000004,36.734,42.174,271.011,1.0
27.45,128.12243,37.896566,3164.5978872000005,36.933,42.357,271.259,1.0
27.4666,128.12239,37.896562,3166.6933872000004,37.134,42.539,271.507,1.0
27.4833,128.12235,37.896559,3168.7998600000005,37.337,42.72,271.756,1.0
27.5,128.122309,37.896555,3170.9173056000004,37.542,42.901,272.007,1.0
27.5166,128.122269,37.896552,3173.045724,37.748,43.08,272.258,1.0
27.5333,128.122229,37.896548,3175.1851152,37.958,43.259,272.51,1.0
27.55,128.122189,37.896545,3177.3348696,38.171,43.438,272.763,1.0
27.5666,128.122149,37.896542,3179.4955968,38.387,43.615,273.017,1.0
27.5833,128.122109,37.896539,3181.6669920000004,38.605,43.792,273.272,1.0
27.6,128.12207,37.896536,3183.8490552000003,38.826,43.967,273.529,1.0
27.6166,128.12203,37.896533,3186.0414816,39.049,44.142,273.786,1.0
27.6333,128.12199,37.896531,3188.2439664000003,39.277,44.316,274.045,1.0
27.65,128.121951,37.896528,3190.4568144000004,39.509,44.49,274.306,1.0
27.6666,128.121912,37.896526,3192.6800256,39.745,44.662,274.567,1.0
27.6833,128.121873,37.896523,3194.9132952,39.985,44.833,274.831,1.0
27.7,128.121833,37.896521,3197.1569280000003,40.228,45.003,275.095,1.0
27.7166,128.121794,37.896519,3199.4103144000005,40.474,45.173,275.361,1.0
27.7333,128.121756,37.896517,3201.6737592000004,40.724,45.341,275.628,1.0
27.75,128.121717,37.896515,3203.9469576,40.978,45.509,275.896,1.0
27.7666,128.121678,37.896513,3206.2302144000005,41.235,45.675,276.166,1.0
27.7833,128.121639,37.896511,3208.52292,41.496,45.841,276.437,1.0
27.8,128.121601,37.896509,3210.8253792,41.758,46.006,276.71,1.0
27.8166,128.121563,37.896508,3213.1375920000005,42.024,46.169,276.984,1.0
27.8333,128.121524,37.896506,3215.4595584,42.291,46.332,277.26,1.0
27.85,128.121486,37.896505,3217.7906688000003,42.561,46.494,277.537,1.0
27.8666,128.121448,37.896503,3220.131228,42.832,46.654,277.815,1.0
27.8833,128.12141,37.896502,3222.481236,43.106,46.814,278.096,1.0
27.9,128.121372,37.896501,3224.840388,43.381,46.973,278.377,1.0
27.9166,128.121335,37.8965,3227.208684,43.657,47.13,278.661,1.0
27.9333,128.121297,37.896499,3229.5867336,43.931,47.287,278.945,1.0
27.95,128.121259,37.896498,3231.9736224000003,44.204,47.444,279.23,1.0
27.9666,128.121222,37.896498,3234.3696552,44.475,47.599,279.517,1.0
27.9833,128.121185,37.896497,3236.774832,44.744,47.753,279.805,1.0
28.0,128.121148,37.896497,3239.1888480000002,45.012,47.907,280.095,1.0
28.0166,128.121111,37.896496,3241.6117032,45.279,48.059,280.387,1.0
28.0333,128.121074,37.896496,3244.0440072,45.539,48.211,280.679,1.0
28.05,128.121037,37.896496,3246.4848456000004,45.792,48.363,280.972,1.0
28.0666,128.121,37.896496,3248.9348280000004,46.039,48.514,281.266,1.0
28.0833,128.120963,37.896496,3251.3933448,46.28,48.664,281.561,1.0
28.1,128.120927,37.896496,3253.8603960000005,46.517,48.813,281.858,1.0
28.1166,128.120891,37.896496,3256.3359816,46.751,48.962,282.157,1.0
28.1333,128.120854,37.896496,3258.8201016,46.884,49.113,282.426,1.0
28.15,128.120818,37.896497,3261.3133656,46.913,49.26,282.655,1.0
28.1666,128.120782,37.896497,3263.8160784000006,46.838,49.403,282.853,1.0
28.1833,128.120746,37.896498,3266.3285448,46.665,49.542,283.029,1.0
28.2,128.120711,37.896499,3268.8510696,46.397,49.678,283.193,1.0
28.2166,128.120675,37.8965,3271.3839576000005,46.039,49.813,283.347,1.0
28.2333,128.12064,37.896501,3273.9272088000002,45.596,49.947,283.495,1.0
28.25,128.120605,37.896502,3276.4817376,45.072,50.08,283.639,1.0
28.2666,128.12057,37.896503,3279.0472392,44.471,50.213,283.778,1.0
28.2833,128.120535,37.896505,3281.6234088,43.798,50.347,283.915,1.0
28.3,128.1205,37.896506,3284.2105512,43.055,50.483,284.05,1.0
28.3166,128.120466,37.896508,3286.8080568,42.248,50.622,284.182,1.0
28.3333,128.120431,37.89651,3289.4162304000006,41.389,50.768,284.32,1.0
28.35,128.120397,37.896512,3292.0347672,40.488,50.921,284.463,1.0
28.3666,128.120363,37.896514,3294.6630576000002,39.551,51.08,284.61,1.0
28.3833,128.120329,37.896516,3297.3014064,38.584,51.245,284.76,1.0
28.4,128.120296,37.896518,3299.949204,37.591,51.415,284.909,1.0
28.4166,128.120262,37.89652,3302.6070600000003,36.576,51.589,285.057,1.0
28.4333,128.120229,37.896522,3305.2737552000003,35.593,51.773,285.219,1.0
28.45,128.120195,37.896525,3307.9492896000006,34.644,51.968,285.392,1.0
28.4666,128.120162,37.896527,3310.6333584,33.724,52.173,285.572,1.0
28.4833,128.120129,37.89653,3313.3253520000003,32.831,52.385,285.753,1.0
28.5,128.120096,37.896532,3316.0264896000003,31.961,52.603,285.933,1.0
28.5166,128.120064,37.896535,3318.7361616000003,31.111,52.827,286.109,1.0
28.5333,128.120031,37.896538,3321.4534536,30.328,53.06,286.293,1.0
28.55,128.119999,37.89654,3324.1783656000002,29.609,53.303,286.483,1.0
28.5666,128.119966,37.896543,3326.9105928,28.946,53.553,286.675,1.0
28.5833,128.119934,37.896546,3329.6507448,28.33,53.809,286.865,1.0
28.6,128.119902,37.896549,3332.3991264,27.756,54.07,287.052,1.0
28.6166,128.11987,37.896552,3335.1554328,27.217,54.335,287.232,1.0
28.6333,128.119838,37.896555,3337.9187496,26.743,54.6,287.411,1.0
28.65,128.119806,37.896558,3340.6890768,26.329,54.867,287.588,1.0
28.6666,128.119775,37.896561,3343.467024,25.968,55.134,287.761,1.0
28.6833,128.119743,37.896564,3346.2525912,25.653,55.403,287.93,1.0
28.7,128.119712,37.896567,3349.0460832,25.377,55.672,288.093,1.0
28.7166,128.119681,37.89657,3351.8475000000003,25.135,55.941,288.251,1.0
28.7333,128.11965,37.896573,3354.6568416000005,24.925,56.211,288.404,1.0
28.75,128.119619,37.896577,3357.4744127999998,24.743,56.48,288.553,1.0
28.7666,128.119588,37.89658,3360.2999088,24.584,56.749,288.698,1.0
28.7833,128.119557,37.896583,3363.1336344,24.446,57.017,288.839,1.0
28.8,128.119527,37.896586,3365.9758944,24.324,57.285,288.977,1.0
28.8166,128.119496,37.89659,3368.826384,24.218,57.552,289.112,1.0
28.8333,128.119466,37.896593,3371.6841888000004,24.157,57.818,289.252,1.0
28.85,128.119436,37.896597,3374.5493088000003,24.14,58.08,289.397,1.0
28.8666,128.119406,37.8966,3377.4211344,24.162,58.341,289.545,1.0
28.8833,128.119376,37.896603,3380.3011896000003,24.219,58.601,289.695,1.0
28.9,128.119346,37.896607,3383.1882552,24.307,58.86,289.847,1.0
28.9166,128.119317,37.896611,3386.0832456000003,24.422,59.118,290.0,1.0
28.9333,128.119287,37.896614,3388.9849416,24.619,59.37,290.171,1.0
28.95,128.119258,37.896618,3391.8927336,24.896,59.617,290.361,1.0
28.9666,128.119229,37.896621,3394.8069264,25.244,59.86,290.565,1.0
28.9833,128.1192,37.896625,3397.7269103999997,25.657,60.099,290.779,1.0
29.0,128.119171,37.896629,3400.6532952000002,26.126,60.336,291.0,1.0
29.0166,128.119142,37.896632,3403.5860807999998,26.645,60.57,291.227,1.0
29.0333,128.119113,37.896636,3406.5243528,27.223,60.801,291.464,1.0
29.05,128.119085,37.89664,3409.4687208000005,27.855,61.028,291.709,1.0
29.0666,128.119056,37.896643,3412.4197944,28.533,61.252,291.963,1.0
29.0833,128.119028,37.896647,3415.376964,29.252,61.473,292.224,1.0
29.1,128.118999,37.896651,3418.3405344000003,30.006,61.69,292.491,1.0
29.1166,128.118971,37.896655,3421.3108104,30.791,61.903,292.765,1.0
29.1333,128.118943,37.896659,3424.2856584,31.65,62.101,293.042,1.0
29.15,128.118915,37.896663,3427.2662976,32.578,62.284,293.322,1.0
29.1666,128.118888,37.896667,3430.2515088,33.57,62.455,293.605,1.0
29.1833,128.11886,37.896671,3433.2412920000006,34.617,62.617,293.892,1.0
29.2,128.118832,37.896675,3436.2362568000003,35.712,62.771,294.182,1.0
29.2166,128.118805,37.896679,3439.2364032000005,36.85,62.92,294.478,1.0
29.2333,128.118778,37.896683,3442.2402072000004,38.039,63.055,294.769,1.0
29.25,128.11875,37.896687,3445.2476688,39.274,63.176,295.058,1.0
29.2666,128.118723,37.896691,3448.2597024,40.554,63.286,295.345,1.0
29.2833,128.118696,37.896695,3451.2753936000004,41.88,63.387,295.635,1.0
29.3,128.118669,37.896699,3454.295352,43.247,63.48,295.928,1.0
29.3166,128.118642,37.896704,3457.318968,44.653,63.566,296.226,1.0
29.3333,128.118615,37.896708,3460.3462416,46.085,63.64,296.518,1.0
29.35,128.118589,37.896712,3463.3771728,47.54,63.703,296.804,1.0
29.3666,128.118562,37.896717,3466.4114568,49.016,63.757,297.086,1.0
29.3833,128.118535,37.896721,3469.4493984000005,50.512,63.802,297.369,1.0
29.4,128.118509,37.896725,3472.4906928,52.027,63.84,297.653,1.0
29.4166,128.118482,37.89673,3475.53534,53.559,63.871,297.94,1.0
29.4333,128.118456,37.896734,3478.5830352000003,55.095,63.892,298.22,1.0
29.45,128.11843,37.896739,3481.6337784000007,56.635,63.904,298.494,1.0
29.4666,128.118404,37.896744,3484.6872648,58.177,63.908,298.763,1.0
29.4833,128.118378,37.896748,3487.7437992,59.721,63.905,299.031,1.0
29.5,128.118352,37.896753,3490.802772,61.266,63.895,299.299,1.0
29.5166,128.118326,37.896758,3493.864488,62.813,63.88,299.568,1.0
29.5333,128.1183,37.896762,3496.9286424,64.349,63.855,299.827,1.0
29.55,128.118274,37.896767,3499.9952352000005,65.874,63.824,300.078,1.0
29.5666,128.118248,37.896772,3503.0642664,67.39,63.785,300.323,1.0
29.5833,128.118223,37.896777,3506.1351264,68.896,63.74,300.563,1.0
29.6,128.118197,37.896782,3509.2084248,70.395,63.689,300.801,1.0
29.6166,128.118172,37.896787,3512.2832472,71.886,63.632,301.037,1.0
29.6333,128.118146,37.896792,3515.3602032000003,73.356,63.568,301.257,1.0
29.65,128.118121,37.896797,3518.4386832,74.807,63.497,301.46,1.0
29.6666,128.118096,37.896802,3521.5186872000004,76.241,63.419,301.651,1.0
29.6833,128.11807,37.896808,3524.60052,77.663,63.335,301.833,1.0
29.7,128.118045,37.896813,3527.6838768000002,79.076,63.246,302.009,1.0
29.7166,128.11802,37.896818,3530.7684528000004,80.483,63.152,302.179,1.0
29.7333,128.117995,37.896823,3533.8539432000002,81.859,63.05,302.318,1.0
29.75,128.11797,37.896829,3536.9406528000004,83.205,62.941,302.424,1.0
29.7666,128.117945,37.896834,3540.0285816,84.526,62.825,302.504,1.0
29.7833,128.11792,37.89684,3543.1177296,85.831,62.703,302.566,1.0
29.8,128.117895,37.896845,3546.2077920000006,87.124,62.573,302.614,1.0
29.8166,128.11787,37.896851,3549.2987688000003,88.409,62.436,302.651,1.0
29.8333,128.117845,37.896856,3552.3903552,89.663,62.291,302.651,1.0
29.85,128.11782,37.896862,3555.482856,90.882,62.138,302.607,1.0
29.8666,128.117795,37.896868,3558.5759664,92.076,61.979,302.528,1.0
29.8833,128.11777,37.896873,3561.6699912000004,93.253,61.812,302.423,1.0
29.9,128.117745,37.896879,3564.7643208000004,94.421,61.637,302.3,1.0
29.9166,128.117721,37.896885,3567.8595648,95.587,61.455,302.164,1.0
29.9333,128.117696,37.896891,3570.9554184000003,96.745,61.267,302.008,1.0
29.95,128.117671,37.896896,3574.0515768,97.898,61.072,301.833,1.0
29.9666,128.117646,37.896902,3577.1483448,99.051,60.87,301.643,1.0
29.9833,128.117622,37.896908,3580.2457224,100.208,60.661,301.442,1.0
30.0,128.117597,37.896914,3583.3434048000004,101.374,60.446,301.232,1.0
30.0166,128.117572,37.89692,3586.4416968,102.55,60.226,301.014,1.0
30.0333,128.117548,37.896926,3589.5402936000005,103.738,59.999,300.789,1.0
30.05,128.117523,37.896932,3592.6391952,104.94,59.766,300.557,1.0
30.0666,128.117498,37.896938,3595.7387064,106.158,59.529,300.318,1.0
30.0833,128.117474,37.896944,3598.8388272,107.393,59.286,300.073,1.0
30.1,128.117449,37.896949,3601.9389480000004,108.646,59.04,299.821,1.0
30.1166,128.117424,37.896955,3605.0396784000004,109.918,58.79,299.562,1.0
30.1333,128.1174,37.896961,3608.1410184,111.211,58.538,299.296,1.0
30.15,128.117375,37.896967,3611.2426632,112.524,58.283,299.023,1.0
30.1666,128.11735,37.896973,3614.3446128,113.86,58.026,298.744,1.0
30.1833,128.117325,37.896979,3617.447172,115.218,57.769,298.457,1.0
30.2,128.117301,37.896986,3620.550036,116.6,57.512,298.164,1.0
30.2166,128.117276,37.896992,3623.6535096000002,118.007,57.255,297.863,1.0
30.2333,128.117251,37.896998,3626.7572880000002,119.437,57.001,297.557,1.0
30.25,128.117227,37.897004,3629.8616760000004,120.893,56.749,297.244,1.0
30.2666,128.117202,37.89701,3632.9663688000005,122.374,56.5,296.925,1.0
30.2833,128.117177,37.897016,3636.0719760000006,123.882,56.256,296.601,1.0
30.3,128.117152,37.897022,3639.177888,125.417,56.017,296.272,1.0
30.3166,128.117128,37.897028,3642.2844096000003,126.979,55.783,295.939,1.0
30.3333,128.117103,37.897034,3645.391236,128.579,55.551,295.615,1.0
30.35,128.117078,37.89704,3648.4989768,130.217,55.321,295.3,1.0
30.3666,128.117053,37.897046,3651.6070224,131.89,55.094,294.992,1.0
30.3833,128.117029,37.897052,3654.7159824000005,133.598,54.871,294.689,1.0
30.4,128.117004,37.897058,3657.8255520000002,135.337,54.656,294.388,1.0
30.4166,128.116979,37.897063,3660.9357312,137.107,54.448,294.09,1.0
30.4333,128.116954,37.897069,3664.04652,138.92,54.239,293.809,1.0
30.45,128.116929,37.897075,3667.1576136000003,140.779,54.026,293.55,1.0
30.4666,128.116904,37.897081,3670.2696216,142.679,53.811,293.309,1.0
30.4833,128.11688,37.897087,3673.3822392,144.618,53.598,293.082,1.0
30.5,128.116855,37.897093,3676.4951616000003,146.592,53.388,292.866,1.0
30.5166,128.11683,37.897099,3679.6089984000005,148.598,53.184,292.659,1.0
30.5333,128.116805,37.897105,3682.72314,150.645,52.976,292.471,1.0
30.55,128.11678,37.897111,3685.8378912000003,152.735,52.757,292.309,1.0
30.5666,128.116755,37.897117,3688.9526424,154.866,52.529,292.167,1.0
30.5833,128.11673,37.897123,3692.0680032000005,157.031,52.297,292.041,1.0
30.6,128.116706,37.897129,3695.1836688000003,159.228,52.065,291.928,1.0
30.6166,128.116681,37.897135,3698.2996392000005,161.454,51.836,291.825,1.0
30.6333,128.116656,37.897141,3701.4140856,163.663,51.598,291.747,1.0
30.65,128.116631,37.897146,3704.527008,165.856,51.343,291.697,1.0
30.6666,128.116606,37.897152,3707.6374920000003,168.034,51.073,291.67,1.0
30.6833,128.116581,37.897158,3710.7452328000004,170.194,50.793,291.661,1.0
30.7,128.116556,37.897164,3713.8496208,172.324,50.507,291.659,1.0
30.7166,128.116531,37.89717,3716.9512656,174.414,50.217,291.654,1.0
30.7333,128.116505,37.897177,3720.0477288,176.4,49.912,291.653,1.0
30.75,128.11648,37.897183,3723.1387056000003,178.281,49.583,291.652,1.0
30.7666,128.116455,37.897189,3726.224196,-179.941,49.233,291.643,1.0
30.7833,128.11643,37.897195,3729.3029808,-178.263,48.869,291.619,1.0
30.8,128.116404,37.897201,3732.3756696,-176.677,48.497,291.579,1.0
30.8166,128.116379,37.897207,3735.4437864,-175.174,48.12,291.52,1.0
30.8333,128.116353,37.897213,3738.5027592,-173.797,47.727,291.448,1.0
30.85,128.116327,37.89722,3741.5541120000003,-172.537,47.313,291.362,1.0
30.8666,128.116302,37.897226,3744.5966256,-171.382,46.884,291.26,1.0
30.8833,128.116276,37.897232,3747.6315192000006,-170.323,46.445,291.142,1.0
30.9,128.11625,37.897239,3750.6594024,-169.349,46.002,291.007,1.0
30.9166,128.116224,37.897245,3753.6796656,-168.449,45.559,290.856,1.0
30.9333,128.116198,37.897251,3756.6898704,-167.641,45.115,290.696,1.0
30.95,128.116171,37.897258,3759.6906264,-166.917,44.673,290.526,1.0
30.9666,128.116145,37.897264,3762.6831528000002,-166.267,44.233,290.349,1.0
30.9833,128.116119,37.897271,3765.6671448,-165.682,43.799,290.163,1.0
31.0,128.116092,37.897277,3768.6426024,-165.153,43.37,289.969,1.0
31.0166,128.116065,37.897283,3771.6095256000003,-164.672,42.948,289.769,1.0
31.0333,128.116039,37.89729,3774.5657808,-164.248,42.532,289.566,1.0
31.05,128.116012,37.897296,3777.5135016,-163.872,42.123,289.359,1.0
31.0666,128.115985,37.897303,3780.4520784000006,-163.54,41.72,289.15,1.0
31.0833,128.115958,37.897309,3783.3815112,-163.245,41.325,288.939,1.0
31.1,128.115931,37.897316,3786.3018,-162.983,40.937,288.726,1.0
31.1166,128.115903,37.897322,3789.2132496,-162.749,40.555,288.511,1.0
31.1333,128.115876,37.897329,3792.1167744,-162.5,40.182,288.291,1.0
31.15,128.115849,37.897335,3795.0120696,-162.234,39.817,288.064,1.0
31.1666,128.115821,37.897342,3797.9000496,-161.949,39.459,287.834,1.0
31.1833,128.115793,37.897348,3800.7810192000006,-161.645,39.108,287.602,1.0
31.2,128.115766,37.897355,3803.6552831999998,-161.322,38.764,287.37,1.0
31.2166,128.115738,37.897361,3806.5219272000004,-160.983,38.427,287.138,1.0
31.2333,128.11571,37.897368,3809.3794272,-160.64,38.095,286.908,1.0
31.25,128.115682,37.897374,3812.2277832,-160.298,37.769,286.681,1.0
31.2666,128.115654,37.897381,3815.0676048000005,-159.955,37.449,286.456,1.0
31.2833,128.115626,37.897387,3817.8982824000004,-159.615,37.134,286.234,1.0
31.3,128.115597,37.897394,3820.7201208,-159.277,36.825,286.012,1.0
31.3166,128.115569,37.897401,3823.5328152,-158.942,36.522,285.792,1.0
31.3333,128.115541,37.897407,3826.3348416000003,-158.624,36.223,285.574,1.0
31.35,128.115512,37.897414,3829.1258952000003,-158.323,35.929,285.359,1.0
31.3666,128.115483,37.89742,3831.9075000000003,-158.039,35.639,285.145,1.0
31.3833,128.115454,37.897426,3834.6784368000003,-157.771,35.353,284.932,1.0
31.4,128.115426,37.897433,3837.4393152000002,-157.518,35.071,284.72,1.0
31.4166,128.115396,37.897439,3840.1898304000006,-157.279,34.793,284.509,1.0
31.4333,128.115367,37.897446,3842.9284584,-157.064,34.518,284.299,1.0
31.45,128.115338,37.897452,3845.6561136,-156.872,34.245,284.09,1.0
31.4666,128.115309,37.897459,3848.3731008000004,-156.7,33.974,283.883,1.0
31.4833,128.115279,37.897465,3851.0791152,-156.547,33.707,283.676,1.0
31.5,128.11525,37.897471,3853.7741568,-156.411,33.441,283.47,1.0
31.5166,128.11522,37.897478,3856.4582256000003,-156.291,33.179,283.265,1.0
31.5333,128.11519,37.897484,3859.1297976,-156.192,32.918,283.061,1.0
31.55,128.11516,37.89749,3861.7903968,-156.111,32.658,282.858,1.0
31.5666,128.11513,37.897497,3864.4397184000004,-156.048,32.401,282.656,1.0
31.5833,128.1151,37.897503,3867.0777624000007,-155.999,32.145,282.456,1.0
31.6,128.11507,37.897509,3869.7045288,-155.964,31.891,282.256,1.0
31.6166,128.115039,37.897515,3872.3197128,-155.941,31.639,282.058,1.0
31.6333,128.115009,37.897522,3874.9230096,-155.931,31.388,281.861,1.0
31.65,128.114978,37.897528,3877.5150288,-155.933,31.138,281.666,1.0
31.6666,128.114947,37.897534,3880.0954656,-155.946,30.89,281.472,1.0
31.6833,128.114916,37.89754,3882.66432,-155.967,30.643,281.279,1.0
31.7,128.114886,37.897546,3885.2215920000003,-155.996,30.397,281.089,1.0
31.7166,128.114855,37.897552,3887.7669768,-156.031,30.152,280.899,1.0
31.7333,128.114823,37.897558,3890.3007792000003,-156.072,29.908,280.711,1.0
31.75,128.114792,37.897564,3892.8226944,-156.12,29.665,280.525,1.0
31.7666,128.114761,37.89757,3895.3330272000003,-156.172,29.423,280.341,1.0
31.7833,128.114729,37.897576,3897.8314728,-156.228,29.182,280.159,1.0
31.8,128.114698,37.897582,3900.3180312,-156.286,28.942,279.978,1.0
31.8166,128.114666,37.897588,3902.7927024,-156.347,28.703,279.799,1.0
31.8333,128.114634,37.897594,3905.2551816,-156.41,28.465,279.621,1.0
31.85,128.114602,37.8976,3907.7057736000006,-156.474,28.227,279.446,1.0
31.8666,128.11457,37.897606,3910.1444784000005,-156.539,27.99,279.272,1.0
31.8833,128.114538,37.897611,3912.5709912,-156.604,27.753,279.1,1.0
31.9,128.114506,37.897617,3914.9853120000002,-156.669,27.518,278.93,1.0
31.9166,128.114474,37.897623,3917.3874408,-156.733,27.283,278.761,1.0
31.9333,128.114441,37.897629,3919.7770728,-156.796,27.048,278.595,1.0
31.95,128.114409,37.897634,3922.1548176,-156.858,26.814,278.43,1.0
31.9666,128.114376,37.89764,3924.5200656,-156.918,26.58,278.267,1.0
31.9833,128.114344,37.897646,3926.8728168000002,-156.977,26.348,278.105,1.0
32.0,128.114311,37.897651,3929.2130712000003,-157.034,26.115,277.945,1.0
32.0166,128.114278,37.897657,3931.5411336,-157.088,25.883,277.787,1.0
32.0333,128.114245,37.897662,3933.8563943999998,-157.14,25.651,277.63,1.0
32.05,128.114212,37.897668,3936.1594632,-157.188,25.42,277.475,1.0
32.0666,128.114179,37.897673,3938.4497304000006,-157.234,25.189,277.321,1.0
32.0833,128.114145,37.897678,3940.7271960000003,-157.277,24.959,277.169,1.0
32.1,128.114112,37.897684,3942.9921648,-157.317,24.729,277.018,1.0
32.1166,128.114079,37.897689,3945.244332,-157.353,24.499,276.868,1.0
32.1333,128.114045,37.897694,3947.4833928000003,-157.387,24.27,276.72,1.0
32.15,128.114011,37.8977,3949.709652,-157.419,24.041,276.573,1.0
32.1666,128.113978,37.897705,3951.9228048000004,-157.448,23.812,276.428,1.0
32.1833,128.113944,37.89771,3954.123156,-157.474,23.584,276.284,1.0
32.2,128.11391,37.897715,3956.3104008000005,-157.498,23.355,276.141,1.0
32.2166,128.113876,37.89772,3958.4848440000005,-157.519,23.127,275.999,1.0
32.2333,128.113841,37.897726,3960.6458760000005,-157.538,22.9,275.858,1.0
32.25,128.113807,37.897731,3962.7934968,-157.556,22.672,275.719,1.0
32.2666,128.113773,37.897736,3964.9280112,-157.571,22.445,275.58,1.0
32.2833,128.113738,37.897741,3967.0494192000006,-157.584,22.217,275.443,1.0
32.3,128.113704,37.897745,3969.157416,-157.595,21.99,275.306,1.0
32.3166,128.113669,37.89775,3971.2523064,-157.603,21.764,275.171,1.0
32.3333,128.113635,37.897755,3973.3331760000005,-157.611,21.537,275.036,1.0
32.35,128.1136,37.89776,3975.4009392000003,-157.617,21.31,274.902,1.0
32.3666,128.113565,37.897765,3977.4552912000004,-157.621,21.084,274.77,1.0
32.3833,128.11353,37.89777,3979.4959272,-157.624,20.858,274.638,1.0
32.4,128.113495,37.897774,3981.523152,-157.625,20.632,274.507,1.0
32.4166,128.11346,37.897779,3983.5366608,-157.624,20.405,274.376,1.0
32.4333,128.113424,37.897784,3985.5364536,-157.623,20.179,274.246,1.0
32.45,128.113389,37.897788,3987.5228352000004,-157.62,19.953,274.117,1.0
32.4666,128.113354,37.897793,3989.4951960000003,-157.617,19.728,273.989,1.0
32.4833,128.113318,37.897797,3991.4538408000003,-157.613,19.502,273.862,1.0
32.5,128.113283,37.897802,3993.3987696,-157.607,19.276,273.735,1.0
32.5166,128.113247,37.897806,3995.3299824000005,-157.601,19.05,273.608,1.0
32.5333,128.113211,37.89781,3997.2465647999998,-157.594,18.824,273.483,1.0
32.55,128.113175,37.897815,3999.1497360000003,-157.588,18.599,273.358,1.0
32.5666,128.113139,37.897819,4001.0388864,-157.582,18.373,273.234,1.0
32.5833,128.113103,37.897823,4002.914016,-157.576,18.147,273.11,1.0
32.6,128.113067,37.897827,4004.7751248,-157.57,17.921,272.987,1.0
32.6166,128.113031,37.897831,4006.6222128,-157.563,17.696,272.864,1.0
32.6333,128.112995,37.897836,4008.4549752000003,-157.557,17.47,272.742,1.0
32.65,128.112959,37.89784,4010.2734120000005,-157.552,17.244,272.621,1.0
32.6666,128.112922,37.897844,4012.0781328000003,-157.546,17.017,272.501,1.0
32.6833,128.112886,37.897848,4013.8682232,-157.541,16.791,272.381,1.0
32.7,128.112849,37.897852,4015.6442928,-157.536,16.565,272.262,1.0
32.7166,128.112812,37.897855,4017.4063416000004,-157.531,16.338,272.144,1.0
32.7333,128.112776,37.897859,4019.1534552000003,-157.527,16.111,272.026,1.0
32.75,128.112739,37.897863,4020.8862432,-157.524,15.884,271.909,1.0
32.7666,128.112702,37.897867,4022.6050104,-157.522,15.657,271.793,1.0
32.7833,128.112665,37.89787,4024.3091472,-157.521,15.43,271.678,1.0
32.8,128.112628,37.897874,4025.9989584,-157.521,15.202,271.563,1.0
32.8166,128.112591,37.897878,4027.6741392000004,-157.521,14.974,271.448,1.0
32.8333,128.112554,37.897881,4029.3349944,-157.522,14.746,271.335,1.0
32.85,128.112517,37.897885,4030.9812192000004,-157.524,14.518,271.222,1.0
32.8666,128.112479,37.897888,4032.6128136,-157.528,14.289,271.11,1.0
32.8833,128.112442,37.897892,4034.2300824000004,-157.531,14.061,270.998,1.0
32.9,128.112404,37.897895,4035.8327208,-157.536,13.832,270.887,1.0
32.9166,128.112367,37.897898,4037.4207288000002,-157.541,13.603,270.776,1.0
32.9333,128.112329,37.897902,4038.9944112000003,-157.545,13.373,270.666,1.0
32.95,128.112292,37.897905,4040.5534632,-157.55,13.144,270.556,1.0
32.9666,128.112254,37.897908,4042.09758,-157.555,12.914,270.447,1.0
32.9833,128.112216,37.897911,4043.6273712,-157.559,12.683,270.339,1.0
33.0,128.112178,37.897914,4045.1425320000003,-157.563,12.453,270.231,1.0
33.0166,128.11214,37.897917,4046.6433672,-157.567,12.223,270.123,1.0
33.0333,128.112102,37.89792,4048.1289624000005,-157.57,11.992,270.016,1.0
33.05,128.112064,37.897923,4049.6002320000002,-157.573,11.761,269.91,1.0
33.0666,128.112026,37.897926,4051.0565664000005,-157.576,11.529,269.804,1.0
33.0833,128.111988,37.897929,4052.4985752000002,-157.578,11.298,269.699,1.0
33.1,128.11195,37.897932,4053.9256488000005,-157.579,11.066,269.594,1.0
33.1166,128.111911,37.897934,4055.3377872000005,-157.58,10.834,269.489,1.0
33.1333,128.111873,37.897937,4056.7352952,-157.581,10.602,269.385,1.0
33.15,128.111834,37.89794,4058.1181728,-157.582,10.37,269.282,1.0
33.1666,128.111796,37.897942,4059.4858104,-157.583,10.137,269.179,1.0
33.1833,128.111757,37.897945,4060.8391224,-157.584,9.905,269.076,1.0
33.2,128.111719,37.897947,4062.1771943999997,-157.584,9.672,268.973,1.0
33.2166,128.11168,37.89795,4063.500636,-157.584,9.439,268.871,1.0
33.2333,128.111641,37.897952,4064.8091424,-157.584,9.205,268.77,1.0
33.25,128.111603,37.897954,4066.1027136000002,-157.584,8.972,268.669,1.0
33.2666,128.111564,37.897957,4067.3813496000002,-157.584,8.738,268.568,1.0
33.2833,128.111525,37.897959,4068.6453552000003,-157.584,8.504,268.467,1.0
33.3,128.111486,37.897961,4069.8941208,-157.584,8.27,268.367,1.0
33.3166,128.111447,37.897963,4071.1279512,-157.583,8.036,268.267,1.0
33.3333,128.111408,37.897965,4072.3471512,-157.581,7.802,268.167,1.0
33.35,128.111369,37.897967,4073.5514160000002,-157.577,7.567,268.069,1.0
33.3666,128.11133,37.897969,4074.7404408,-157.572,7.332,267.971,1.0
33.3833,128.11129,37.897971,4075.9148352000007,-157.567,7.097,267.873,1.0
33.4,128.111251,37.897973,4077.0742944,-157.56,6.861,267.776,1.0
33.4166,128.111212,37.897975,4078.2185136000003,-157.553,6.625,267.678,1.0
33.4333,128.111173,37.897977,4079.3481024000002,-157.544,6.389,267.582,1.0
33.45,128.111133,37.897979,4080.4624512,-157.533,6.153,267.486,1.0
33.4666,128.111094,37.89798,4081.5621696,-157.521,5.917,267.39,1.0
33.4833,128.111054,37.897982,4082.6469528000002,-157.508,5.681,267.294,1.0
33.5,128.111015,37.897984,4083.7164960000005,-157.494,5.444,267.199,1.0
33.5166,128.110975,37.897985,4084.771104,-157.478,5.207,267.104,1.0
33.5333,128.110936,37.897987,4085.8110816000003,-157.461,4.971,267.008,1.0
33.55,128.110896,37.897988,4086.836124,-157.444,4.735,266.912,1.0
33.5666,128.110856,37.897989,4087.8459264,-157.425,4.498,266.815,1.0
33.5833,128.110816,37.897991,4088.8410984,-157.404,4.262,266.718,1.0
33.6,128.110777,37.897992,4089.8213352000007,-157.382,4.026,266.621,1.0
33.6166,128.110737,37.897993,4090.786332,-157.358,3.79,266.524,1.0
33.6333,128.110697,37.897995,4091.7366984000005,-157.333,3.555,266.426,1.0
33.65,128.110657,37.897996,4092.6721296,-157.305,3.319,266.328,1.0
33.6666,128.110617,37.897997,4093.5923208000004,-157.276,3.083,266.23,1.0
33.6833,128.110577,37.897998,4094.4978816000003,-157.245,2.848,266.132,1.0
33.7,128.110537,37.897999,4095.3885072000003,-157.212,2.613,266.033,1.0
33.7166,128.110497,37.898,4096.2638928,-157.177,2.377,265.934,1.0
33.7333,128.110457,37.898001,4097.1243432,-157.14,2.142,265.835,1.0
33.75,128.110417,37.898002,4097.9698584,-157.102,1.907,265.736,1.0
33.7666,128.110377,37.898002,4098.8004384000005,-157.062,1.672,265.637,1.0
33.7833,128.110337,37.898003,4099.615778400001,-157.02,1.437,265.538,1.0
33.8,128.110296,37.898004,4100.416488,-156.976,1.202,265.438,1.0
33.8166,128.110256,37.898004,4101.2019576,-156.931,0.967,265.339,1.0
33.8333,128.110216,37.898005,4101.972492000001,-156.884,0.732,265.239,1.0
33.85,128.110175,37.898006,4102.7277864,-156.836,0.497,265.139,1.0
33.8666,128.110135,37.898006,4103.468450400001,-156.785,0.263,265.039,1.0
33.8833,128.110095,37.898006,4104.1938744,-156.732,0.028,264.938,1.0
33.9,128.110054,37.898007,4104.9043632,-156.677,-0.205,264.837,1.0
33.9166,128.110014,37.898007,4105.599916800001,-156.621,-0.439,264.736,1.0
33.9333,128.109973,37.898007,4106.2811448,-156.561,-0.673,264.634,1.0
33.95,128.109933,37.898008,4106.9474376,-156.496,-0.907,264.532,1.0
33.9666,128.109892,37.898008,4107.5987952000005,-156.426,-1.14,264.429,1.0
33.9833,128.109852,37.898008,4108.2352176,-156.353,-1.374,264.326,1.0
34.0,128.109811,37.898008,4108.8570096,-156.276,-1.607,264.223,1.0
34.0166,128.109771,37.898008,4109.4638664,-156.195,-1.84,264.119,1.0
34.0333,128.10973,37.898008,4110.057312,-156.106,-2.072,264.014,1.0
34.05,128.109689,37.898008,4110.6355176,-156.008,-2.304,263.908,1.0
34.0666,128.109649,37.898008,4111.1997024,-155.902,-2.536,263.801,1.0
34.0833,128.109608,37.898008,4111.7492568,-155.789,-2.767,263.694,1.0
34.1,128.109567,37.898008,4112.2841808,-155.669,-2.998,263.586,1.0
34.1166,128.109527,37.898007,4112.8044744,-155.542,-3.228,263.478,1.0
34.1333,128.109486,37.898007,4113.3119664000005,-155.402,-3.458,263.368,1.0
34.15,128.109445,37.898007,4113.8051328,-155.248,-3.687,263.258,1.0
34.1666,128.109404,37.898006,4114.2839736000005,-155.083,-3.915,263.146,1.0
34.1833,128.109363,37.898006,4114.748793600001,-154.906,-4.143,263.033,1.0
34.2,128.109323,37.898005,4115.1995928,-154.719,-4.37,262.919,1.0
34.2166,128.109282,37.898005,4115.6360664,-154.524,-4.596,262.805,1.0
34.2333,128.109241,37.898004,4116.0600432,-154.306,-4.821,262.688,1.0
34.25,128.1092,37.898003,4116.4712184,-154.069,-5.045,262.57,1.0
34.2666,128.109159,37.898003,4116.8683728000005,-153.812,-5.268,262.45,1.0
34.2833,128.109118,37.898002,4117.2524208,-153.538,-5.49,262.328,1.0
34.3,128.109077,37.898001,4117.6227528,-153.249,-5.71,262.206,1.0
34.3166,128.109036,37.898,4117.979673600001,-152.946,-5.93,262.082,1.0
34.3333,128.108995,37.897999,4118.3247072,-152.62,-6.148,261.956,1.0
34.35,128.108954,37.897998,4118.6563296,-152.274,-6.365,261.828,1.0
34.3666,128.108913,37.897997,4118.9751504000005,-151.91,-6.58,261.698,1.0
34.3833,128.108872,37.897996,4119.28056,-151.529,-6.793,261.567,1.0
34.4,128.108831,37.897995,4119.5728632,-151.134,-7.005,261.434,1.0
34.4166,128.10879,37.897994,4119.8517552,-150.725,-7.216,261.3,1.0
34.4333,128.108749,37.897993,4120.1184552,-150.303,-7.425,261.164,1.0
34.45,128.108708,37.897991,4120.3714392,-149.867,-7.632,261.026,1.0
34.4666,128.108667,37.89799,4120.6116216,-149.421,-7.837,260.886,1.0
34.4833,128.108626,37.897989,4120.8386976,-148.964,-8.041,260.745,1.0
34.5,128.108585,37.897987,4121.052362400001,-148.5,-8.243,260.602,1.0
34.5166,128.108544,37.897986,4121.2529208000005,-148.03,-8.443,260.457,1.0
34.5333,128.108503,37.897984,4121.4397632,-147.555,-8.641,260.31,1.0
34.55,128.108462,37.897983,4121.6134992,-147.079,-8.837,260.162,1.0
34.5666,128.108421,37.897981,4121.773824,-146.602,-9.032,260.011,1.0
34.5833,128.108379,37.897979,4121.9207376,-146.124,-9.225,259.859,1.0
34.6,128.108338,37.897978,4122.0548496,-145.646,-9.416,259.705,1.0
34.6166,128.108297,37.897976,4122.1752456,-145.169,-9.605,259.549,1.0
34.6333,128.108256,37.897974,4122.2819256,-144.698,-9.793,259.392,1.0
34.65,128.108215,37.897972,4122.3751944,-144.233,-9.979,259.232,1.0
34.6666,128.108174,37.89797,4122.455052,-143.775,-10.163,259.071,1.0
34.6833,128.108133,37.897968,4122.5218032,-143.323,-10.346,258.908,1.0
34.7,128.108092,37.897965,4122.575143200001,-142.877,-10.527,258.743,1.0
34.7166,128.10805,37.897963,4122.6153768,-142.438,-10.706,258.576,1.0
34.7333,128.108009,37.897961,4122.64098,-142.011,-10.884,258.408,1.0
34.75,128.107968,37.897958,4122.6537816,-141.597,-11.061,258.238,1.0
34.7666,128.107927,37.897956,4122.653172,-141.196,-11.236,258.066,1.0
34.7833,128.107886,37.897953,4122.6388464,-140.806,-11.41,257.893,1.0
34.8,128.107845,37.897951,4122.6117192,-140.426,-11.582,257.718,1.0
34.8166,128.107804,37.897948,4122.5714856,-140.056,-11.753,257.541,1.0
34.8333,128.107763,37.897945,4122.5169264,-139.738,-11.929,257.37,1.0
34.85,128.107722,37.897943,4122.4483464,-139.471,-12.109,257.204,1.0
34.8666,128.107681,37.89794,4122.3645264,-139.254,-12.291,257.041,1.0
34.8833,128.10764,37.897937,4122.2654664,-139.083,-12.476,256.88,1.0
34.9,128.107599,37.897933,4122.1505568,-138.958,-12.662,256.721,1.0
34.9166,128.107558,37.89793,4122.0207120000005,-138.873,-12.849,256.562,1.0
34.9333,128.107517,37.897927,4121.876236800001,-138.813,-13.032,256.399,1.0
34.95,128.107476,37.897924,4121.718045600001,-138.773,-13.212,256.231,1.0
34.9666,128.107435,37.89792,4121.5464432,-138.75,-13.39,256.06,1.0
34.9833,128.107394,37.897917,4121.3614296000005,-138.74,-13.566,255.886,1.0
35.0,128.107353,37.897913,4121.163004800001,-138.739,-13.742,255.709,1.0
35.0166,128.107312,37.897909,4120.9514736,-138.745,-13.916,255.53,1.0
35.0333,128.107271,37.897906,4120.7274456000005,-138.72,-14.088,255.347,1.0
35.05,128.107231,37.897902,4120.4918352,-138.664,-14.257,255.159,1.0
35.0666,128.10719,37.897898,4120.2446424,-138.576,-14.423,254.967,1.0
35.0833,128.107149,37.897894,4119.9864768,-138.457,-14.589,254.774,1.0
35.1,128.107108,37.89789,4119.7173384,-138.308,-14.753,254.579,1.0
35.1166,128.107067,37.897886,4119.4366176,-138.132,-14.917,254.382,1.0
35.1333,128.107026,37.897882,4119.146448,-137.898,-15.076,254.186,1.0
35.15,128.106986,37.897878,4118.84622,-137.607,-15.231,253.988,1.0
35.1666,128.106945,37.897874,4118.536848000001,-137.262,-15.382,253.791,1.0
35.1833,128.106904,37.897869,4118.2180272000005,-136.867,-15.531,253.593,1.0
35.2,128.106863,37.897865,4117.8888432,-136.428,-15.676,253.396,1.0
35.2166,128.106823,37.897861,4117.549296,-135.947,-15.82,253.199,1.0
35.2333,128.106782,37.897856,4117.2021288,-135.418,-15.954,253.008,1.0
35.25,128.106741,37.897852,4116.8461224,-134.843,-16.072,252.829,1.0
35.2666,128.1067,37.897847,4116.480972,-134.227,-16.169,252.669,1.0
35.2833,128.106659,37.897843,4116.1072872,-133.57,-16.249,252.524,1.0
35.3,128.106619,37.897838,4115.7247632,-132.874,-16.315,252.391,1.0
35.3166,128.106578,37.897834,4115.3337048,-132.14,-16.369,252.266,1.0
35.3333,128.106537,37.897829,4114.934416800001,-131.372,-16.406,252.158,1.0
35.35,128.106497,37.897824,4114.527204,-130.575,-16.42,252.074,1.0
35.3666,128.106456,37.897819,4114.1120664,-129.751,-16.409,252.017,1.0
35.3833,128.106415,37.897814,4113.689004,-128.901,-16.378,251.982,1.0
35.4,128.106374,37.89781,4113.2586264,-128.026,-16.33,251.965,1.0
35.4166,128.106334,37.897805,4112.820324,-127.125,-16.27,251.962,1.0
35.4333,128.106293,37.8978,4112.3750112,-126.201,-16.2,251.971,1.0
35.45,128.106252,37.897795,4111.9223832,-125.252,-16.121,251.99,1.0
35.4666,128.106211,37.89779,4111.4627448,-124.281,-16.035,252.017,1.0
35.4833,128.106171,37.897785,4110.996096000001,-123.286,-15.944,252.05,1.0
35.5,128.10613,37.897779,4110.523046400001,-122.269,-15.849,252.088,1.0
35.5166,128.106089,37.897774,4110.043291200001,-121.231,-15.751,252.13,1.0
35.5333,128.106048,37.897769,4109.55744,-120.171,-15.651,252.175,1.0
35.55,128.106008,37.897764,4109.0654928,-119.09,-15.549,252.222,1.0
35.5666,128.105967,37.897758,4108.5674496,-117.989,-15.445,252.272,1.0
35.5833,128.105926,37.897753,4108.0636152,-116.867,-15.341,252.324,1.0
35.6,128.105885,37.897748,4107.5539896,-115.726,-15.235,252.377,1.0
35.6166,128.105845,37.897742,4107.0388776,-114.564,-15.129,252.432,1.0
35.6333,128.105804,37.897737,4106.518584,-113.383,-15.023,252.488,1.0
35.65,128.105763,37.897731,4105.992804,-112.182,-14.916,252.546,1.0
35.6666,128.105722,37.897726,4105.4621472,-110.962,-14.809,252.606,1.0
35.6833,128.105681,37.89772,4104.9263088,-109.722,-14.703,252.666,1.0
35.7,128.10564,37.897715,4104.3855936,-108.462,-14.597,252.726,1.0
35.7166,128.1056,37.897709,4103.8403064,-107.183,-14.491,252.788,1.0
35.7333,128.105559,37.897703,4103.2901424,-105.884,-14.387,252.849,1.0
35.75,128.105518,37.897698,4102.7357112,-104.566,-14.283,252.912,1.0
35.7666,128.105477,37.897692,4102.176708,-103.228,-14.18,252.974,1.0
35.7833,128.105436,37.897686,4101.6131328,-101.871,-14.079,253.037,1.0
35.8,128.105395,37.897681,4101.0455952,-100.493,-13.978,253.1,1.0
35.8166,128.105354,37.897675,4100.4737904,-99.097,-13.878,253.164,1.0
35.8333,128.105313,37.897669,4099.8977184000005,-97.68,-13.78,253.228,1.0
35.85,128.105272,37.897663,4099.317684000001,-96.244,-13.683,253.292,1.0
35.8666,128.105231,37.897657,4098.733382400001,-94.788,-13.587,253.357,1.0
35.8833,128.10519,37.897652,4098.145423200001,-93.312,-13.492,253.422,1.0
35.9,128.105149,37.897646,4097.5531968,-91.816,-13.399,253.489,1.0
35.9166,128.105108,37.89764,4096.957008,-90.3,-13.307,253.555,1.0
35.9333,128.105066,37.897634,4096.3571616,-88.764,-13.216,253.623,1.0
35.95,128.105025,37.897628,4095.7533528000004,-87.207,-13.127,253.691,1.0
35.9666,128.104984,37.897622,4095.1455816000002,-85.631,-13.04,253.759,1.0
35.9833,128.104943,37.897616,4094.5338480000005,-84.034,-12.954,253.829,1.0
36.0,128.104902,37.89761,4093.9184568,-82.416,-12.869,253.899,1.0
36.0166,128.10486,37.897605,4093.2987984000006,-80.778,-12.786,253.97,1.0
36.0333,128.104819,37.897599,4092.6754824000004,-79.119,-12.705,254.043,1.0
36.05,128.104778,37.897593,4092.048204,-77.44,-12.626,254.115,1.0
36.0666,128.104736,37.897587,4091.4169632000003,-75.74,-12.549,254.189,1.0
36.0833,128.104695,37.897581,4090.7814552000004,-74.02,-12.473,254.264,1.0
36.1,128.104653,37.897575,4090.1422896000004,-72.279,-12.4,254.34,1.0
36.1166,128.104612,37.897569,4089.498552,-70.519,-12.329,254.416,1.0
36.1333,128.104571,37.897563,4088.850852,-68.739,-12.26,254.494,1.0
36.15,128.104529,37.897557,4088.1988848000005,-66.939,-12.193,254.573,1.0
36.1666,128.104487,37.897551,4087.5426504,-65.12,-12.13,254.652,1.0
36.1833,128.104446,37.897545,4086.8818440000005,-63.283,-12.068,254.732,1.0
36.2,128.104404,37.897539,4086.2167704000003,-61.426,-12.01,254.813,1.0
36.2166,128.104363,37.897533,4085.5471248000003,-59.551,-11.954,254.895,1.0
36.2333,128.104321,37.897527,4084.8726024000002,-57.658,-11.901,254.978,1.0
36.25,128.104279,37.897522,4084.193508,-55.748,-11.85,255.061,1.0
36.2666,128.104238,37.897516,4083.5095368,-53.82,-11.803,255.145,1.0
36.2833,128.104196,37.89751,4082.8206888000004,-51.874,-11.758,255.23,1.0
36.3,128.104154,37.897504,4082.1266592,-49.912,-11.717,255.315,1.0
36.3166,128.104112,37.897498,4081.4277528000002,-47.934,-11.678,255.4,1.0
36.3333,128.10407,37.897492,4080.7236648,-45.937,-11.635,255.478,1.0
36.35,128.104029,37.897486,4080.0143952000003,-43.923,-11.583,255.544,1.0
36.3666,128.103987,37.89748,4079.3002488000006,-41.89,-11.523,255.601,1.0
36.3833,128.103945,37.897474,4078.580616,-39.841,-11.458,255.651,1.0
36.4,128.103903,37.897469,4077.8554968,-37.777,-11.388,255.696,1.0
36.4166,128.103861,37.897463,4077.1251960000004,-35.697,-11.315,255.739,1.0
36.4333,128.103819,37.897457,4076.3897136,-33.603,-11.231,255.774,1.0
36.45,128.103777,37.897451,4075.6493544,-31.494,-11.128,255.796,1.0
36.4666,128.103735,37.897445,4074.9035088,-29.371,-11.01,255.811,1.0
36.4833,128.103693,37.897439,4074.1527864000004,-27.236,-10.878,255.82,1.0
36.5,128.103651,37.897433,4073.3968824000003,-25.09,-10.738,255.828,1.0
36.5166,128.103608,37.897427,4072.6357967999998,-22.934,-10.592,255.836,1.0
36.5333,128.103566,37.897421,4071.8719680000004,-20.785,-10.429,255.839,1.0
36.55,128.103524,37.897416,4071.1053960000004,-18.645,-10.242,255.836,1.0
36.5666,128.103482,37.89741,4070.3351664,-16.515,-10.035,255.83,1.0
36.5833,128.10344,37.897404,4069.5618888000004,-14.395,-9.813,255.826,1.0
36.6,128.103397,37.897398,4068.7855632,-12.286,-9.58,255.825,1.0
36.6166,128.103355,37.897392,4068.0061896000007,-10.188,-9.34,255.83,1.0
36.6333,128.103313,37.897386,4067.2265112,-8.159,-9.083,255.833,1.0
36.65,128.103271,37.89738,4066.4468328000003,-6.2,-8.8,255.836,1.0
36.6666,128.103228,37.897374,4065.6677640000003,-4.305,-8.497,255.842,1.0
36.6833,128.103186,37.897368,4064.890524,-2.47,-8.179,255.855,1.0
36.7,128.103144,37.897362,4064.1154176,-0.69,-7.852,255.877,1.0
36.7166,128.103101,37.897356,4063.3412256,1.04,-7.519,255.91,1.0
36.7333,128.103059,37.89735,4062.5722152,2.67,-7.169,255.949,1.0
36.75,128.103016,37.897343,4061.807472,4.206,-6.798,255.995,1.0
36.7666,128.102974,37.897337,4061.0482152,5.655,-6.411,256.051,1.0
36.7833,128.102931,37.897331,4060.2953592000003,7.028,-6.013,256.118,1.0
36.8,128.102889,37.897325,4059.5464656,8.331,-5.611,256.197,1.0
36.8166,128.102846,37.897319,4058.8027536,9.575,-5.207,256.289,1.0
36.8333,128.102803,37.897313,4058.0672712000005,10.725,-4.793,256.391,1.0
36.85,128.102761,37.897307,4057.3394088,11.79,-4.37,256.502,1.0
36.8666,128.102718,37.897301,4056.6197760000005,12.78,-3.944,256.624,1.0
36.8833,128.102675,37.897294,4055.9065440000004,13.702,-3.518,256.755,1.0
36.9,128.102633,37.897288,4055.2006272000003,14.566,-3.095,256.896,1.0
36.9166,128.10259,37.897282,4054.501416,15.379,-2.677,257.045,1.0
36.9333,128.102547,37.897276,4053.8122632,16.126,-2.264,257.201,1.0
36.95,128.102504,37.89727,4053.1316448000002,16.814,-1.858,257.362,1.0
36.9666,128.102462,37.897264,4052.4586464000004,17.449,-1.459,257.529,1.0
36.9833,128.102419,37.897258,4051.7938776,18.038,-1.069,257.7,1.0
37.0,128.102376,37.897252,4051.1370336,18.586,-0.687,257.876,1.0
37.0166,128.102333,37.897246,4050.4881144000005,19.1,-0.314,258.056,1.0
37.0333,128.10229,37.89724,4049.8498632,19.571,0.05,258.239,1.0
37.05,128.102247,37.897234,4049.2192320000004,20.006,0.407,258.424,1.0
37.0666,128.102204,37.897228,4048.59744,20.407,0.756,258.611,1.0
37.0833,128.102161,37.897222,4047.9844872000003,20.78,1.096,258.801,1.0
37.1,128.102118,37.897216,4047.3800688000006,21.127,1.429,258.991,1.0
37.1166,128.102074,37.89721,4046.7841848000003,21.452,1.753,259.183,1.0
37.1333,128.102031,37.897204,4046.1959208000003,21.8,2.069,259.381,1.0
37.15,128.101988,37.897198,4045.6146672,22.173,2.375,259.584,1.0
37.1666,128.101945,37.897193,4045.040424,22.571,2.672,259.791,1.0
37.1833,128.101902,37.897187,4044.4722768,22.993,2.961,259.999,1.0
37.2,128.101858,37.897181,4043.9099208000002,23.436,3.243,260.21,1.0
37.2166,128.101815,37.897175,4043.3542704,23.899,3.519,260.421,1.0
37.2333,128.101772,37.897169,4042.8074592000003,24.37,3.789,260.631,1.0
37.25,128.101728,37.897164,4042.2679632,24.846,4.053,260.841,1.0
37.2666,128.101685,37.897158,4041.7360872000004,25.325,4.313,261.05,1.0
37.2833,128.101642,37.897152,4041.2124408,25.806,4.567,261.258,1.0
37.3,128.101598,37.897147,4040.697024,26.287,4.816,261.467,1.0
37.3166,128.101555,37.897141,4040.1898368,26.767,5.059,261.676,1.0
37.3333,128.101511,37.897136,4039.692708,27.232,5.299,261.884,1.0
37.35,128.101468,37.89713,4039.2053328000006,27.68,5.535,262.091,1.0
37.3666,128.101424,37.897125,4038.7267968,28.112,5.766,262.297,1.0
37.3833,128.101381,37.897119,4038.2577096000005,28.529,5.994,262.504,1.0
37.4,128.101337,37.897114,4037.7980712000003,28.931,6.217,262.71,1.0
37.4166,128.101293,37.897108,4037.3475768000003,29.319,6.436,262.918,1.0
37.4333,128.10125,37.897103,4036.9086647999998,29.684,6.651,263.125,1.0
37.45,128.101206,37.897098,4036.4792016,30.025,6.864,263.331,1.0
37.4666,128.101162,37.897093,4036.0594920000003,30.345,7.073,263.537,1.0
37.4833,128.101119,37.897088,4035.6501456,30.646,7.28,263.744,1.0
37.5,128.101075,37.897083,4035.2502480000003,30.929,7.482,263.951,1.0
37.5166,128.101031,37.897078,4034.8604088,31.196,7.682,264.158,1.0
37.5333,128.100987,37.897073,4034.4818472,31.441,7.88,264.366,1.0
37.55,128.100944,37.897068,4034.1127344,31.667,8.074,264.573,1.0
37.5666,128.1009,37.897063,4033.7536800000003,31.875,8.267,264.779,1.0
37.5833,128.100856,37.897058,4033.4049888000004,32.067,8.457,264.986,1.0
37.6,128.100812,37.897053,4033.066356,32.244,8.644,265.193,1.0
37.6166,128.100768,37.897049,4032.7374768,32.409,8.829,265.399,1.0
37.6333,128.100725,37.897044,4032.4192656,32.56,9.013,265.606,1.0
37.65,128.100681,37.897039,4032.110808,32.698,9.194,265.811,1.0
37.6666,128.100637,37.897035,4031.8124088,32.825,9.374,266.017,1.0
37.6833,128.100593,37.89703,4031.5243728,32.941,9.551,266.222,1.0
37.7,128.100549,37.897026,4031.2463952000003,33.049,9.727,266.426,1.0
37.7166,128.100505,37.897022,4030.9781712000004,33.149,9.902,266.63,1.0
37.7333,128.100461,37.897017,4030.7203104,33.242,10.074,266.833,1.0
37.75,128.100417,37.897013,4030.4722032000004,33.328,10.246,267.036,1.0
37.7666,128.100373,37.897009,4030.2344592000004,33.409,10.416,267.238,1.0
37.7833,128.100329,37.897005,4030.0067736000005,33.485,10.584,267.439,1.0
37.8,128.100285,37.897001,4029.7891464000004,33.557,10.751,267.639,1.0
37.8166,128.100241,37.896997,4029.5815776000004,33.625,10.918,267.838,1.0
37.8333,128.100197,37.896993,4029.3837624000003,33.692,11.082,268.037,1.0
37.85,128.100153,37.896989,4029.1963104,33.759,11.246,268.235,1.0
37.8666,128.100109,37.896985,4029.0186120000003,33.824,11.408,268.432,1.0
37.8833,128.100065,37.896982,4028.850972,33.89,11.57,268.628,1.0
37.9,128.100021,37.896978,4028.6936952,33.956,11.73,268.823,1.0
37.9166,128.099977,37.896974,4028.546172,34.022,11.89,269.018,1.0
37.9333,128.099933,37.896971,4028.4087072,34.091,12.048,269.211,1.0
37.95,128.099889,37.896968,4028.2813008000003,34.161,12.206,269.404,1.0
37.9666,128.099845,37.896964,4028.1639528000005,34.234,12.363,269.596,1.0
37.9833,128.099801,37.896961,4028.0566632,34.31,12.518,269.787,1.0
38.0,128.099757,37.896958,4027.9597368000004,34.387,12.673,269.977,1.0
38.0166,128.099712,37.896954,4027.8725640000002,34.467,12.827,270.167,1.0
38.0333,128.099668,37.896951,4027.7957544,34.55,12.981,270.356,1.0
38.05,128.099624,37.896948,4027.7290032000005,34.637,13.133,270.544,1.0
38.0666,128.09958,37.896945,4027.6723104,34.726,13.285,270.731,1.0
38.0833,128.099536,37.896942,4027.6256760000006,34.819,13.436,270.917,1.0
38.1,128.099492,37.896939,4027.5894048000005,34.914,13.586,271.103,1.0
38.1166,128.099448,37.896937,4027.5634968,35.011,13.735,271.289,1.0
38.1333,128.099404,37.896934,4027.5473424,35.113,13.884,271.473,1.0
38.15,128.09936,37.896931,4027.5412464000005,35.218,14.032,271.658,1.0
38.1666,128.099316,37.896929,4027.5455136,35.328,14.179,271.842,1.0
38.1833,128.099272,37.896926,4027.5598392,35.44,14.326,272.025,1.0
38.2,128.099228,37.896924,4027.5845280000003,35.555,14.472,272.208,1.0
38.2166,128.099183,37.896922,4027.6192752,35.674,14.617,272.39,1.0
38.2333,128.099139,37.896919,4027.6640807999997,35.796,14.761,272.573,1.0
38.25,128.099095,37.896917,4027.7189448,35.922,14.905,272.754,1.0
38.2666,128.099051,37.896915,4027.784172,36.052,15.048,272.936,1.0
38.2833,128.099007,37.896913,4027.8594576000005,36.184,15.19,273.117,1.0
38.3,128.098963,37.896911,4027.9448016,36.32,15.332,273.298,1.0
38.3166,128.098919,37.896909,4028.0405088,36.458,15.473,273.479,1.0
38.3333,128.098875,37.896907,4028.1462744,36.599,15.613,273.66,1.0
38.35,128.098831,37.896905,4028.2624032000003,36.743,15.753,273.84,1.0
38.3666,128.098787,37.896904,4028.3885904,36.889,15.891,274.02,1.0
38.3833,128.098743,37.896902,4028.524836,37.036,16.03,274.199,1.0
38.4,128.098699,37.896901,4028.67114,37.186,16.167,274.379,1.0
38.4166,128.098655,37.896899,4028.8278072000003,37.337,16.304,274.558,1.0
38.4333,128.098611,37.896898,4028.9945328000003,37.488,16.44,274.738,1.0
38.45,128.098567,37.896896,4029.1716216,37.64,16.576,274.917,1.0
38.4666,128.098523,37.896895,4029.3587688000002,37.791,16.711,275.096,1.0
38.4833,128.098479,37.896894,4029.5562792,37.943,16.845,275.275,1.0
38.5,128.098436,37.896893,4029.7635432,38.095,16.979,275.454,1.0
38.5166,128.098392,37.896892,4029.9808656,38.246,17.112,275.633,1.0
38.5333,128.098348,37.896891,4030.208856,38.397,17.244,275.812,1.0
38.55,128.098304,37.89689,4030.4466,38.547,17.376,275.991,1.0
38.5666,128.09826,37.896889,4030.6940976,38.697,17.508,276.17,1.0
38.5833,128.098216,37.896889,4030.9519584,38.846,17.639,276.35,1.0
38.6,128.098173,37.896888,4031.2198776000005,38.994,17.769,276.529,1.0
38.6166,128.098129,37.896888,4031.4975504000004,39.142,17.899,276.709,1.0
38.6333,128.098085,37.896887,4031.7858912,39.287,18.028,276.889,1.0
38.65,128.098041,37.896887,4032.0839856000002,39.428,18.158,277.068,1.0
38.6666,128.097998,37.896887,4032.3924432000003,39.565,18.286,277.248,1.0
38.6833,128.097954,37.896886,4032.7106544000003,39.7,18.415,277.427,1.0
38.7,128.09791,37.896886,4033.038924,39.832,18.542,277.607,1.0
38.7166,128.097867,37.896886,4033.3769472,39.962,18.67,277.787,1.0
38.7333,128.097823,37.896886,4033.7256384,40.088,18.797,277.967,1.0
38.75,128.097779,37.896886,4034.0837784000005,40.21,18.924,278.148,1.0
38.7666,128.097736,37.896887,4034.4522816000003,40.329,19.05,278.328,1.0
38.7833,128.097692,37.896887,4034.8302336,40.446,19.176,278.509,1.0
38.8,128.097649,37.896887,4035.2182440000006,40.559,19.302,278.69,1.0
38.8166,128.097605,37.896888,4035.6163128,40.671,19.427,278.871,1.0
38.8333,128.097562,37.896888,4036.0241352000003,40.781,19.553,279.052,1.0
38.85,128.097519,37.896889,4036.4417112,40.887,19.677,279.233,1.0
38.8666,128.097475,37.89689,4036.8690408,40.992,19.802,279.415,1.0
38.8833,128.097432,37.896891,4037.306124,41.095,19.926,279.596,1.0
38.9,128.097388,37.896891,4037.752656,41.197,20.051,279.778,1.0
38.9166,128.097345,37.896892,4038.2092464,41.298,20.174,279.96,1.0
38.9333,128.097302,37.896893,4038.6752856,41.397,20.298,280.143,1.0
38.95,128.097259,37.896895,4039.1510784000006,41.496,20.421,280.325,1.0
38.9666,128.097215,37.896896,4039.63632,41.594,20.545,280.508,1.0
38.9833,128.097172,37.896897,4040.1313152000002,41.692,20.668,280.69,1.0
39.0,128.097129,37.896899,4040.6357592000004,41.79,20.79,280.873,1.0
39.0166,128.097086,37.8969,4041.149652,41.888,20.913,281.056,1.0
39.0333,128.097043,37.896902,4041.6729936,41.986,21.035,281.24,1.0
39.05,128.097,37.896903,4042.205784,42.084,21.157,281.423,1.0
39.0666,128.096957,37.896905,4042.7483280000006,42.182,21.279,281.606,1.0
39.0833,128.096914,37.896907,4043.300016,42.281,21.4,281.79,1.0
39.1,128.096871,37.896909,4043.8608480000003,42.381,21.522,281.974,1.0
39.1166,128.096828,37.896911,4044.4314336,42.481,21.643,282.158,1.0
39.1333,128.096785,37.896913,4045.011468,42.581,21.764,282.342,1.0
39.15,128.096742,37.896915,4045.6006464000006,42.681,21.885,282.526,1.0
39.1666,128.096699,37.896917,4046.1992736,42.781,22.006,282.71,1.0
39.1833,128.096657,37.896919,4046.8073496,42.88,22.126,282.894,1.0
39.2,128.096614,37.896922,4047.4245696,42.98,22.246,283.079,1.0
39.2166,128.096571,37.896924,4048.0509336,43.08,22.366,283.264,1.0
39.2333,128.096529,37.896927,4048.6870512,43.179,22.486,283.448,1.0
39.25,128.096486,37.89693,4049.3323128,43.276,22.606,283.633,1.0
39.2666,128.096443,37.896932,4049.9867184000004,43.371,22.726,283.818,1.0
39.2833,128.096401,37.896935,4050.6505728,43.466,22.845,284.003,1.0
39.3,128.096358,37.896938,4051.3235712000005,43.56,22.965,284.188,1.0
39.3166,128.096316,37.896941,4052.0057136,43.653,23.084,284.373,1.0
39.3333,128.096274,37.896944,4052.6973048000004,43.745,23.203,284.559,1.0
39.35,128.096231,37.896947,4053.3977352000006,43.835,23.322,284.745,1.0
39.3666,128.096189,37.896951,4054.1076144000003,43.924,23.441,284.93,1.0
39.3833,128.096147,37.896954,4054.8266376,44.013,23.56,285.116,1.0
39.4,128.096105,37.896957,4055.5548048,44.1,23.679,285.302,1.0
39.4166,128.096062,37.896961,4056.2918112,44.188,23.797,285.489,1.0
39.4333,128.09602,37.896965,4057.0382664000003,44.273,23.916,285.675,1.0
39.45,128.095978,37.896968,4057.7935608000003,44.358,24.034,285.862,1.0
39.4666,128.095936,37.896972,4058.5579992,44.441,24.153,286.049,1.0
39.4833,128.095894,37.896976,4059.3315816,44.523,24.271,286.236,1.0
39.5,128.095852,37.89698,4060.1140032000003,44.604,24.389,286.423,1.0
39.5166,128.095811,37.896984,4060.9052640000004,44.685,24.508,286.61,1.0
39.5333,128.095769,37.896988,4061.7059736000006,44.764,24.626,286.798,1.0
39.55,128.095727,37.896992,4062.5155224,44.842,24.744,286.985,1.0
39.5666,128.095685,37.896997,4063.3342152,44.918,24.862,287.173,1.0
39.5833,128.095644,37.897001,4064.1617472000003,44.993,24.98,287.361,1.0
39.6,128.095602,37.897005,4064.9978136,45.067,25.098,287.549,1.0
39.6166,128.09556,37.89701,4065.843024,45.141,25.216,287.737,1.0
39.6333,128.095519,37.897015,4066.6973784000006,45.214,25.334,287.926,1.0
39.65,128.095478,37.897019,4067.5602672,45.286,25.452,288.114,1.0
39.6666,128.095436,37.897024,4068.4323000000004,45.358,25.57,288.303,1.0
39.6833,128.095395,37.897029,4069.3128672,45.43,25.688,288.493,1.0
39.7,128.095354,37.897034,4070.2022736000004,45.502,25.806,288.682,1.0
39.7166,128.095312,37.897039,4071.1002144000004,45.574,25.923,288.872,1.0
39.7333,128.095271,37.897044,4072.007604,45.642,26.041,289.062,1.0
39.75,128.09523,37.89705,4072.9238328000006,45.709,26.159,289.251,1.0
39.7666,128.095189,37.897055,4073.8489008000006,45.772,26.278,289.441,1.0
39.7833,128.095148,37.89706,4074.7825032000005,45.834,26.396,289.63,1.0
39.8,128.095107,37.897066,4075.7249448000002,45.894,26.514,289.82,1.0
39.8166,128.095066,37.897071,4076.6765304000005,45.952,26.632,290.011,1.0
39.8333,128.095025,37.897077,4077.6369552000006,46.006,26.751,290.201,1.0
39.85,128.094985,37.897083,4078.6062192000004,46.057,26.869,290.391,1.0
39.8666,128.094944,37.897089,4079.5840176,46.105,26.988,290.581,1.0
39.8833,128.094903,37.897095,4080.5709600000005,46.15,27.107,290.771,1.0
39.9,128.094863,37.897101,4081.5664368000002,46.194,27.226,290.962,1.0
39.9166,128.094822,37.897107,4082.5707528000003,46.235,27.345,291.153,1.0
39.9333,128.094782,37.897113,4083.5842128,46.272,27.465,291.343,1.0
39.95,128.094741,37.897119,4084.6062072000004,46.305,27.585,291.534,1.0
39.9666,128.094701,37.897126,4085.6370408000002,46.335,27.705,291.725,1.0
39.9833,128.094661,37.897132,4086.6767136000003,46.362,27.826,291.915,1.0
40.0,128.094621,37.897139,4087.7252256,46.387,27.946,292.106,1.0
40.0166,128.094581,37.897145,4088.782272,46.41,28.067,292.297,1.0
40.0333,128.094541,37.897152,4089.8481576000004,46.429,28.188,292.488,1.0
40.05,128.094501,37.897159,4090.9231872000005,46.445,28.31,292.679,1.0
40.0666,128.094461,37.897166,4092.0064464000006,46.458,28.433,292.87,1.0
40.0833,128.094421,37.897173,4093.0988496,46.469,28.555,293.061,1.0
40.1,128.094381,37.89718,4094.1994824000003,46.478,28.678,293.252,1.0
40.1166,128.094342,37.897187,4095.3089544,46.486,28.801,293.443,1.0
40.1333,128.094302,37.897194,4096.4275704,46.491,28.925,293.633,1.0
40.15,128.094262,37.897202,4097.554416,46.493,29.05,293.824,1.0
40.1666,128.094223,37.897209,4098.6901008,46.493,29.175,294.014,1.0
40.1833,128.094184,37.897216,4099.8346248,46.491,29.301,294.204,1.0
40.2,128.094144,37.897224,4100.9876832,46.488,29.427,294.394,1.0
40.2166,128.094105,37.897232,4102.1489712,46.484,29.553,294.584,1.0
40.2333,128.094066,37.897239,4103.3203176,46.473,29.681,294.772,1.0
40.25,128.094027,37.897247,4104.4998936,46.457,29.81,294.96,1.0
40.2666,128.093988,37.897255,4105.6886136,46.436,29.94,295.146,1.0
40.2833,128.093949,37.897263,4106.885868,46.409,30.071,295.332,1.0
40.3,128.09391,37.897271,4108.0919616,46.378,30.203,295.518,1.0
40.3166,128.093871,37.897279,4109.3068944,46.343,30.335,295.704,1.0
40.3333,128.093832,37.897288,4110.5306664,46.305,30.47,295.888,1.0
40.35,128.093794,37.897296,4111.7629728,46.264,30.605,296.071,1.0
40.3666,128.093755,37.897304,4113.0041184,46.221,30.742,296.253,1.0
40.3833,128.093717,37.897313,4114.254103200001,46.175,30.88,296.435,1.0
40.4,128.093678,37.897321,4115.5123176,46.126,31.019,296.616,1.0
40.4166,128.09364,37.89733,4116.779676,46.075,31.158,296.797,1.0
40.4333,128.093602,37.897339,4118.0540448,46.081,31.285,296.977,1.0
40.45,128.093564,37.897348,4119.3357288,46.139,31.393,297.147,1.0
40.4666,128.093526,37.897356,4120.6238136,46.242,31.478,297.298,1.0
40.4833,128.093488,37.897365,4121.917689600001,46.383,31.534,297.421,1.0
40.5,128.09345,37.897374,4123.217052,46.56,31.568,297.52,1.0
40.5166,128.093412,37.897383,4124.521291200001,46.772,31.586,297.601,1.0
40.5333,128.093374,37.897392,4125.8297976,47.021,31.579,297.656,1.0
40.55,128.093336,37.897401,4127.1422664,47.301,31.549,297.685,1.0
40.5666,128.093298,37.897411,4128.459612000001,47.613,31.502,297.693,1.0
40.5833,128.09326,37.89742,4129.7815296,47.953,31.442,297.685,1.0
40.6,128.093223,37.897429,4131.108324,48.319,31.371,297.665,1.0
40.6166,128.093185,37.897438,4132.4393856,48.71,31.293,297.635,1.0
40.6333,128.093147,37.897448,4133.7756288,49.112,31.21,297.597,1.0
40.65,128.09311,37.897457,4135.1173584,49.523,31.123,297.552,1.0
40.6666,128.093072,37.897467,4136.4633552000005,49.942,31.034,297.502,1.0
40.6833,128.093035,37.897476,4137.8142288,50.368,30.942,297.449,1.0
40.7,128.092997,37.897486,4139.1693696,50.798,30.848,297.392,1.0
40.7166,128.09296,37.897496,4140.5290824,51.233,30.754,297.333,1.0
40.7333,128.092923,37.897505,4141.893672,51.667,30.658,297.271,1.0
40.75,128.092885,37.897515,4143.262224,52.098,30.563,297.209,1.0
40.7666,128.092848,37.897525,4144.6350432,52.527,30.467,297.145,1.0
40.7833,128.092811,37.897535,4146.0118248,52.955,30.37,297.08,1.0
40.8,128.092774,37.897545,4147.3925688,53.38,30.274,297.015,1.0
40.8166,128.092737,37.897555,4148.7766656,53.803,30.177,296.95,1.0
40.8333,128.092699,37.897565,4150.1647248,54.222,30.08,296.884,1.0
40.85,128.092662,37.897575,4151.555832,54.636,29.983,296.818,1.0
40.8666,128.092625,37.897585,4152.9505968,55.047,29.887,296.752,1.0
40.8833,128.092588,37.897595,4154.3484096,55.455,29.79,296.686,1.0
40.9,128.092552,37.897606,4155.7489656,55.861,29.693,296.62,1.0
40.9166,128.092515,37.897616,4157.1525696,56.265,29.597,296.554,1.0
40.9333,128.092478,37.897626,4158.5580024,56.681,29.499,296.49,1.0
40.95,128.092441,37.897637,4159.965264,57.11,29.401,296.427,1.0
40.9666,128.092404,37.897647,4161.374659200001,57.551,29.302,296.367,1.0
40.9833,128.092367,37.897658,4162.7858832,58.003,29.204,296.307,1.0
41.0,128.09233,37.897668,4164.198936,58.467,29.107,296.25,1.0
41.0166,128.092294,37.897679,4165.6135128,58.942,29.01,296.193,1.0
41.0333,128.092257,37.897689,4167.029004,59.439,28.913,296.139,1.0
41.05,128.09222,37.8977,4168.4454096,59.958,28.815,296.085,1.0
41.0666,128.092183,37.897711,4169.8630344,60.498,28.719,296.034,1.0
41.0833,128.092146,37.897721,4171.2815736,61.057,28.622,295.983,1.0
41.1,128.09211,37.897732,4172.7010272,61.633,28.527,295.934,1.0
41.1166,128.092073,37.897743,4174.121700000001,62.225,28.432,295.886,1.0
41.1333,128.092036,37.897754,4175.542068,62.839,28.338,295.838,1.0
41.15,128.091999,37.897764,4176.9633504,63.476,28.244,295.792,1.0
41.1666,128.091963,37.897775,4178.3849376,64.131,28.151,295.746,1.0
41.1833,128.091926,37.897786,4179.8068296,64.805,28.058,295.701,1.0
41.2,128.091889,37.897797,4181.2293312,65.496,27.967,295.656,1.0
41.2166,128.091852,37.897808,4182.6521376,66.201,27.876,295.612,1.0
41.2333,128.091816,37.897819,4184.0746392,66.928,27.786,295.568,1.0
41.25,128.091779,37.89783,4185.4971408,67.676,27.695,295.525,1.0
41.2666,128.091742,37.897841,4186.9199472,68.443,27.606,295.483,1.0
41.2833,128.091705,37.897852,4188.3424488,69.228,27.517,295.44,1.0
41.3,128.091669,37.897863,4189.7649504,70.028,27.429,295.398,1.0
41.3166,128.091632,37.897874,4191.187452,70.842,27.342,295.357,1.0
41.3333,128.091595,37.897885,4192.609039200001,71.686,27.254,295.315,1.0
41.35,128.091558,37.897897,4194.0300168,72.557,27.166,295.274,1.0
41.3666,128.091521,37.897908,4195.4509944,73.453,27.078,295.233,1.0
41.3833,128.091485,37.897919,4196.8710576,74.372,26.99,295.192,1.0
41.4,128.091448,37.89793,4198.2905112,75.312,26.903,295.152,1.0
41.4166,128.091411,37.897941,4199.70966,76.271,26.817,295.111,1.0
41.4333,128.091374,37.897953,4201.1278944,77.27,26.729,295.07,1.0
41.45,128.091337,37.897964,4202.5449096,78.307,26.641,295.029,1.0
41.4666,128.0913,37.897975,4203.9613152,79.378,26.553,294.988,1.0
41.4833,128.091263,37.897986,4205.3768064000005,80.481,26.464,294.946,1.0
41.5,128.091226,37.897998,4206.7910784000005,81.611,26.377,294.904,1.0
41.5166,128.091189,37.898009,4208.2047408,82.767,26.291,294.862,1.0
41.5333,128.091152,37.89802,4209.6174888000005,83.962,26.204,294.818,1.0
41.55,128.091115,37.898031,4211.0293224,85.195,26.117,294.774,1.0
41.5666,128.091078,37.898043,4212.4402416,86.465,26.031,294.729,1.0
41.5833,128.091041,37.898054,4213.8502464,87.771,25.944,294.682,1.0
41.6,128.091004,37.898065,4215.259641600001,89.114,25.858,294.635,1.0
41.6166,128.090966,37.898077,4216.6678176000005,90.489,25.773,294.586,1.0
41.6333,128.090929,37.898088,4218.075384,91.898,25.689,294.537,1.0
41.65,128.090892,37.898099,4219.4823408,93.34,25.606,294.486,1.0
41.6666,128.090855,37.89811,4220.8883832,94.815,25.523,294.434,1.0
41.6833,128.090817,37.898122,4222.2941208,96.321,25.442,294.38,1.0
41.7,128.09078,37.898133,4223.6992488000005,97.858,25.362,294.326,1.0
41.7166,128.090743,37.898144,4225.1037672,99.426,25.283,294.269,1.0
41.7333,128.090705,37.898155,4226.5079808,101.022,25.206,294.212,1.0
41.75,128.090668,37.898166,4227.9118896,102.647,25.13,294.153,1.0
41.7666,128.09063,37.898178,4229.3154936,104.3,25.055,294.092,1.0
41.7833,128.090593,37.898189,4230.7187928,105.98,24.982,294.03,1.0
41.8,128.090555,37.8982,4232.1223968,107.686,24.911,293.967,1.0
41.8166,128.090517,37.898211,4233.525696000001,109.419,24.841,293.903,1.0
41.8333,128.09048,37.898222,4234.9293,111.176,24.773,293.837,1.0
41.85,128.090442,37.898234,4236.3332088,112.959,24.707,293.769,1.0
41.8666,128.090404,37.898245,4237.7377272,114.766,24.642,293.701,1.0
41.8833,128.090367,37.898256,4239.1425504,116.597,24.58,293.631,1.0
41.9,128.090329,37.898267,4240.5479832,118.45,24.519,293.56,1.0
41.9166,128.090291,37.898278,4241.9540256,120.327,24.461,293.488,1.0
41.9333,128.090253,37.898289,4243.3612872,122.226,24.405,293.415,1.0
41.95,128.090215,37.8983,4244.7691584,124.146,24.351,293.341,1.0
41.9666,128.090177,37.898311,4246.1785536,126.088,24.299,293.266,1.0
41.9833,128.090139,37.898322,4247.589168,128.05,24.25,293.19,1.0
42.0,128.090101,37.898333,4249.0010016,130.032,24.203,293.114,1.0
42.0166,128.090063,37.898344,4250.414664,132.035,24.159,293.037,1.0
42.0333,128.090025,37.898355,4251.8298504,134.056,24.117,292.959,1.0
42.05,128.089987,37.898366,4253.2471704,136.096,24.078,292.881,1.0
42.0666,128.089949,37.898377,4254.6663192000005,138.155,24.042,292.802,1.0
42.0833,128.089911,37.898388,4256.0879064,140.231,24.008,292.724,1.0
42.1,128.089873,37.898399,4257.5116272000005,142.324,23.977,292.645,1.0
42.1166,128.089835,37.89841,4258.9377864,144.435,23.949,292.566,1.0
42.1333,128.089796,37.898421,4260.3660792,146.565,23.915,292.494,1.0
42.15,128.089758,37.898432,4261.7971152,148.716,23.867,292.433,1.0
42.1666,128.08972,37.898443,4263.230589600001,150.888,23.808,292.38,1.0
42.1833,128.089682,37.898454,4264.6665024,153.079,23.74,292.333,1.0
42.2,128.089643,37.898464,4266.1054632000005,155.287,23.666,292.29,1.0
42.2166,128.089605,37.898475,4267.5471672,157.511,23.589,292.249,1.0
42.2333,128.089567,37.898486,4268.9913096,159.751,23.498,292.214,1.0
42.25,128.089528,37.898497,4270.4378904000005,162.007,23.382,292.186,1.0
42.2666,128.08949,37.898508,4271.886909600001,164.278,23.243,292.165,1.0
42.2833,128.089451,37.898519,4273.3383672,166.561,23.084,292.147,1.0
42.3,128.089413,37.89853,4274.7919584,168.854,22.911,292.129,1.0
42.3166,128.089375,37.89854,4276.2482928,171.153,22.727,292.109,1.0
42.3333,128.089336,37.898551,4277.7040176,173.402,22.524,292.094,1.0
42.35,128.089298,37.898562,4279.1597424,175.599,22.288,292.083,1.0
42.3666,128.089259,37.898573,4280.614248,177.744,22.022,292.072,1.0
42.3833,128.089221,37.898584,4282.0666200000005,179.838,21.733,292.056,1.0
42.4,128.089182,37.898595,4283.5162488000005,-178.116,21.426,292.032,1.0
42.4166,128.089144,37.898606,4284.9640488000005,-176.117,21.107,291.998,1.0
42.4333,128.089105,37.898617,4286.4063624,-174.23,20.764,291.959,1.0
42.45,128.089066,37.898628,4287.8434944,-172.453,20.388,291.912,1.0
42.4666,128.089028,37.898639,4289.2745304,-170.775,19.985,291.854,1.0
42.4833,128.088989,37.89865,4290.6982511999995,-169.19,19.564,291.781,1.0
42.5,128.08895,37.898661,4292.1143520000005,-167.688,19.132,291.694,1.0
42.5166,128.088912,37.898672,4293.5252712,-166.259,18.695,291.591,1.0
42.5333,128.088873,37.898683,4294.9255224,-164.949,18.24,291.476,1.0
42.55,128.088834,37.898694,4296.3163248,-163.748,17.768,291.347,1.0
42.5666,128.088795,37.898705,4297.696764,-162.646,17.285,291.204,1.0
42.5833,128.088756,37.898716,4299.0671448,-161.631,16.796,291.047,1.0
42.6,128.088717,37.898727,4300.4286864000005,-160.691,16.307,290.878,1.0
42.6166,128.088678,37.898738,4301.7807792,-159.818,15.821,290.696,1.0
42.6333,128.088639,37.898749,4303.120984800001,-159.032,15.339,290.507,1.0
42.65,128.0886,37.89876,4304.4489984,-158.323,14.862,290.311,1.0
42.6666,128.08856,37.898771,4305.7666488,-157.682,14.392,290.109,1.0
42.6833,128.088521,37.898782,4307.0736312,-157.101,13.931,289.901,1.0
42.7,128.088482,37.898793,4308.3696408000005,-156.571,13.478,289.688,1.0
42.7166,128.088442,37.898804,4309.6549824,-156.085,13.035,289.47,1.0
42.7333,128.088403,37.898815,4310.9305704,-155.61,12.602,289.246,1.0
42.75,128.088364,37.898826,4312.196709600001,-155.142,12.181,289.016,1.0
42.7666,128.088324,37.898837,4313.4534,-154.677,11.769,288.782,1.0
42.7833,128.088284,37.898848,4314.701556,-154.211,11.369,288.546,1.0
42.8,128.088245,37.898859,4315.9396536,-153.745,10.978,288.308,1.0
42.8166,128.088205,37.898869,4317.1679976000005,-153.277,10.596,288.069,1.0
42.8333,128.088165,37.89888,4318.3844544,-152.83,10.223,287.832,1.0
42.85,128.088125,37.898891,4319.5893288,-152.404,9.857,287.598,1.0
42.8666,128.088085,37.898902,4320.7820112,-151.997,9.499,287.365,1.0
42.8833,128.088045,37.898913,4321.9634160000005,-151.608,9.15,287.134,1.0
42.9,128.088005,37.898923,4323.1329336,-151.235,8.809,286.904,1.0
42.9166,128.087965,37.898934,4324.2902592,-150.877,8.475,286.674,1.0
42.9333,128.087925,37.898945,4325.433868800001,-150.549,8.148,286.448,1.0
42.95,128.087885,37.898956,4326.5640672,-150.249,7.827,286.223,1.0
42.9666,128.087845,37.898966,4327.681464,-149.974,7.512,286.0,1.0
42.9833,128.087804,37.898977,4328.786059200001,-149.722,7.204,285.779,1.0
43.0,128.087764,37.898987,4329.8772432000005,-149.491,6.901,285.558,1.0
43.0166,128.087724,37.898998,4330.9559304,-149.277,6.605,285.339,1.0
43.0333,128.087683,37.899008,4332.019377600001,-149.089,6.313,285.121,1.0
43.05,128.087642,37.899019,4333.0697184,-148.924,6.025,284.906,1.0
43.0666,128.087602,37.899029,4334.106648,-148.779,5.742,284.691,1.0
43.0833,128.087561,37.899039,4335.1298616,-148.653,5.464,284.478,1.0
43.1,128.08752,37.89905,4336.139664,-148.543,5.189,284.267,1.0
43.1166,128.08748,37.89906,4337.136055200001,-148.446,4.919,284.057,1.0
43.1333,128.087439,37.89907,4338.117816,-148.366,4.652,283.848,1.0
43.15,128.087398,37.89908,4339.0861656,-148.3,4.388,283.641,1.0
43.1666,128.087357,37.89909,4340.0404944,-148.246,4.127,283.435,1.0
43.1833,128.087316,37.8991,4340.981412,-148.204,3.869,283.231,1.0
43.2,128.087275,37.89911,4341.908004,-148.171,3.613,283.028,1.0
43.2166,128.087233,37.89912,4342.8211848,-148.147,3.36,282.826,1.0
43.2333,128.087192,37.89913,4343.7197352,-148.131,3.108,282.625,1.0
43.25,128.087151,37.89914,4344.6045696,-148.123,2.858,282.426,1.0
43.2666,128.08711,37.89915,4345.4753832,-148.122,2.61,282.229,1.0
43.2833,128.087068,37.89916,4346.3318712,-148.127,2.363,282.032,1.0
43.3,128.087027,37.899169,4347.1746432,-148.136,2.118,281.837,1.0
43.3166,128.086985,37.899179,4348.003089600001,-148.149,1.874,281.644,1.0
43.3333,128.086944,37.899189,4348.8172104,-148.166,1.632,281.452,1.0
43.35,128.086902,37.899198,4349.6170056,-148.186,1.39,281.261,1.0
43.3666,128.086861,37.899208,4350.4024752000005,-148.208,1.15,281.072,1.0
43.3833,128.086819,37.899217,4351.173924,-148.232,0.911,280.884,1.0
43.4,128.086777,37.899226,4351.9307424,-148.258,0.673,280.698,1.0
43.4166,128.086735,37.899236,4352.673235200001,-148.284,0.435,280.513,1.0
43.4333,128.086693,37.899245,4353.4014024,-148.311,0.199,280.33,1.0
43.45,128.086652,37.899254,4354.114939200001,-148.339,-0.035,280.148,1.0
43.4666,128.08661,37.899263,4354.813845600001,-148.366,-0.27,279.967,1.0
43.4833,128.086568,37.899272,4355.4984264,-148.393,-0.504,279.788,1.0
43.5,128.086526,37.899281,4356.168072,-148.419,-0.737,279.609,1.0
43.5166,128.086483,37.89929,4356.8230872,-148.445,-0.97,279.433,1.0
43.5333,128.086441,37.899299,4357.4631672,-148.47,-1.202,279.257,1.0
43.55,128.086399,37.899308,4358.088616800001,-148.495,-1.433,279.083,1.0
43.5666,128.086357,37.899317,4358.699436,-148.519,-1.664,278.911,1.0
43.5833,128.086315,37.899326,4359.2950152,-148.542,-1.895,278.739,1.0
43.6,128.086272,37.899334,4359.8756592,-148.565,-2.125,278.569,1.0
43.6166,128.08623,37.899343,4360.441672800001,-148.586,-2.354,278.4,1.0
43.6333,128.086188,37.899351,4360.9924464000005,-148.607,-2.583,278.231,1.0
43.65,128.086145,37.89936,4361.527980000001,-148.626,-2.812,278.065,1.0
43.6666,128.086103,37.899368,4362.0485784,-148.645,-3.04,277.899,1.0
43.6833,128.08606,37.899377,4362.554241600001,-148.662,-3.268,277.734,1.0
43.7,128.086018,37.899385,4363.0446648,-148.678,-3.495,277.57,1.0
43.7166,128.085975,37.899393,4363.519848,-148.692,-3.722,277.407,1.0
43.7333,128.085933,37.899401,4363.9794864000005,-148.706,-3.949,277.245,1.0
43.75,128.08589,37.899409,4364.4241896,-148.719,-4.176,277.084,1.0
43.7666,128.085847,37.899417,4364.853348000001,-148.73,-4.402,276.924,1.0
43.7833,128.085805,37.899425,4365.2672664,-148.741,-4.628,276.764,1.0
43.8,128.085762,37.899433,4365.6659448,-148.75,-4.854,276.606,1.0
43.8166,128.085719,37.899441,4366.0490784,-148.758,-5.08,276.448,1.0
43.8333,128.085676,37.899449,4366.4166672,-148.765,-5.306,276.292,1.0
43.85,128.085633,37.899457,4366.769016,-148.771,-5.531,276.136,1.0
43.8666,128.08559,37.899464,4367.1055152,-148.776,-5.757,275.982,1.0
43.8833,128.085548,37.899472,4367.4267744,-148.78,-5.983,275.828,1.0
43.9,128.085505,37.899479,4367.7324888,-148.783,-6.209,275.675,1.0
43.9166,128.085462,37.899487,4368.0223536,-148.785,-6.434,275.523,1.0
43.9333,128.085419,37.899494,4368.296673600001,-148.787,-6.66,275.371,1.0
43.95,128.085376,37.899501,4368.555448800001,-148.789,-6.886,275.221,1.0
43.9666,128.085333,37.899509,4368.7983744,-148.79,-7.112,275.072,1.0
43.9833,128.08529,37.899516,4369.0257552,-148.791,-7.338,274.923,1.0
44.0,128.085246,37.899523,4369.2372864,-148.792,-7.564,274.775,1.0
44.0166,128.085203,37.89953,4369.4332728,-148.792,-7.79,274.627,1.0
44.0333,128.08516,37.899537,4369.613104800001,-148.793,-8.017,274.48,1.0
44.05,128.085117,37.899544,4369.777392000001,-148.794,-8.243,274.335,1.0
44.0666,128.085074,37.89955,4369.9258296,-148.795,-8.47,274.19,1.0
44.0833,128.085031,37.899557,4370.0584176,-148.797,-8.697,274.045,1.0
44.1,128.084987,37.899564,4370.175156,-148.8,-8.924,273.901,1.0
44.1166,128.084944,37.89957,4370.2760448,-148.802,-9.151,273.758,1.0
44.1333,128.084901,37.899577,4370.3604744,-148.807,-9.379,273.615,1.0
44.15,128.084858,37.899583,4370.4290544000005,-148.815,-9.607,273.474,1.0
44.1666,128.084814,37.89959,4370.48148,-148.824,-9.835,273.333,1.0
44.1833,128.084771,37.899596,4370.518056,-148.836,-10.063,273.193,1.0
44.2,128.084728,37.899602,4370.5387824,-148.85,-10.292,273.053,1.0
44.2166,128.084684,37.899609,4370.5433544,-148.865,-10.521,272.914,1.0
44.2333,128.084641,37.899615,4370.5314672,-148.882,-10.751,272.777,1.0
44.25,128.084598,37.899621,4370.503425600001,-148.899,-10.983,272.643,1.0
44.2666,128.084554,37.899627,4370.4592296,-148.918,-11.216,272.511,1.0
44.2833,128.084511,37.899632,4370.399184,-148.939,-11.45,272.38,1.0
44.3,128.084468,37.899638,4370.3226792000005,-148.963,-11.684,272.25,1.0
44.3166,128.084424,37.899644,4370.23002,-148.99,-11.919,272.122,1.0
44.3333,128.084381,37.89965,4370.1202920000005,-149.022,-12.155,271.995,1.0
44.35,128.084337,37.899655,4369.9944096,-149.06,-12.393,271.871,1.0
44.3666,128.084294,37.899661,4369.852068,-149.103,-12.632,271.748,1.0
44.3833,128.084251,37.899666,4369.693572,-149.152,-12.872,271.627,1.0
44.4,128.084207,37.899671,4369.518312,-149.207,-13.112,271.507,1.0
44.4166,128.084164,37.899677,4369.3268976,-149.267,-13.353,271.387,1.0
44.4333,128.08412,37.899682,4369.118719200001,-149.334,-13.594,271.268,1.0
44.45,128.084077,37.899687,4368.8940816,-149.407,-13.836,271.15,1.0
44.4666,128.084034,37.899692,4368.6529848,-149.485,-14.079,271.032,1.0
44.4833,128.08399,37.899697,4368.3957336,-149.569,-14.322,270.915,1.0
44.5,128.083947,37.899702,4368.1220232000005,-149.657,-14.565,270.798,1.0
44.5166,128.083903,37.899707,4367.8318536,-149.749,-14.809,270.681,1.0
44.5333,128.08386,37.899711,4367.526444,-149.839,-15.053,270.564,1.0
44.55,128.083817,37.899716,4367.20488,-149.926,-15.297,270.447,1.0
44.5666,128.083773,37.899721,4366.8674664,-150.009,-15.541,270.33,1.0
44.5833,128.08373,37.899725,4366.513593600001,-150.09,-15.786,270.213,1.0
44.6,128.083686,37.89973,4366.144176000001,-150.168,-16.03,270.096,1.0
44.6166,128.083643,37.899734,4365.758604,-150.243,-16.275,269.98,1.0
44.6333,128.0836,37.899739,4365.3584016,-150.307,-16.52,269.862,1.0
44.65,128.083556,37.899743,4364.9423496,-150.359,-16.764,269.744,1.0
44.6666,128.083513,37.899747,4364.510752800001,-150.4,-17.009,269.626,1.0
44.6833,128.083469,37.899751,4364.0636112,-150.432,-17.253,269.508,1.0
44.7,128.083426,37.899755,4363.60062,-150.455,-17.497,269.39,1.0
44.7166,128.083383,37.899759,4363.1220840000005,-150.47,-17.742,269.272,1.0
44.7333,128.083339,37.899763,4362.6286128,-150.472,-17.986,269.153,1.0
44.75,128.083296,37.899767,4362.1195968,-150.464,-18.229,269.035,1.0
44.7666,128.083253,37.899771,4361.5947312,-150.446,-18.473,268.916,1.0
44.7833,128.08321,37.899775,4361.0543208,-150.418,-18.716,268.796,1.0
44.8,128.083166,37.899778,4360.4983656,-150.382,-18.959,268.677,1.0
44.8166,128.083123,37.899782,4359.9265608000005,-150.34,-19.202,268.558,1.0
44.8333,128.08308,37.899786,4359.3392112,-150.289,-19.445,268.438,1.0
44.85,128.083037,37.899789,4358.7363168,-150.231,-19.687,268.318,1.0
44.8666,128.082993,37.899792,4358.117877600001,-150.168,-19.928,268.198,1.0
44.8833,128.08295,37.899796,4357.483588800001,-150.098,-20.17,268.077,1.0
44.9,128.082907,37.899799,4356.8334504,-150.024,-20.411,267.956,1.0
44.9166,128.082864,37.899802,4356.1677672,-149.945,-20.651,267.834,1.0
44.9333,128.082821,37.899805,4355.4862344,-149.863,-20.892,267.712,1.0
44.95,128.082778,37.899808,4354.7891568000005,-149.777,-21.132,267.59,1.0
44.9666,128.082735,37.899811,4354.0759248,-149.688,-21.371,267.467,1.0
44.9833,128.082692,37.899814,4353.347148,-149.597,-21.611,267.344,1.0
45.0,128.082648,37.899817,4352.6028264,-149.503,-21.85,267.22,1.0
45.0166,128.082605,37.89982,4351.8423504,-149.408,-22.088,267.096,1.0
45.0333,128.082563,37.899823,4351.0663296,-149.311,-22.327,266.971,1.0
45.05,128.08252,37.899825,4350.274764000001,-149.213,-22.565,266.845,1.0
45.0666,128.082477,37.899828,4349.467044,-149.114,-22.803,266.719,1.0
45.0833,128.082434,37.89983,4348.6437792,-149.014,-23.04,266.592,1.0
45.1,128.082391,37.899833,4347.8049696,-148.913,-23.277,266.465,1.0
45.1166,128.082348,37.899835,4346.9503104,-148.812,-23.514,266.336,1.0
45.1333,128.082305,37.899838,4346.0798016,-148.71,-23.75,266.207,1.0
45.15,128.082262,37.89984,4345.193748000001,-148.609,-23.987,266.078,1.0
45.1666,128.08222,37.899842,4344.2918448,-148.508,-24.223,265.948,1.0
45.1833,128.082177,37.899844,4343.3743968,-148.406,-24.458,265.817,1.0
45.2,128.082134,37.899846,4342.441404,-148.305,-24.694,265.685,1.0
45.2166,128.082092,37.899848,4341.4925616,-148.205,-24.929,265.553,1.0
45.2333,128.082049,37.89985,4340.5281744,-148.105,-25.164,265.42,1.0
45.25,128.082007,37.899852,4339.5479376,-148.008,-25.399,265.287,1.0
45.2666,128.081964,37.899853,4338.552156,-147.912,-25.633,265.152,1.0
45.2833,128.081922,37.899855,4337.5405248,-147.817,-25.867,265.018,1.0
45.3,128.081879,37.899857,4336.5133488,-147.723,-26.101,264.882,1.0
45.3166,128.081837,37.899858,4335.470932800001,-147.631,-26.335,264.745,1.0
45.3333,128.081794,37.89986,4334.4123624,-147.541,-26.569,264.608,1.0
45.35,128.081752,37.899861,4333.338552,-147.454,-26.802,264.471,1.0
45.3666,128.08171,37.899862,4332.2488920000005,-147.368,-27.035,264.332,1.0
45.3833,128.081667,37.899863,4331.1436872,-147.285,-27.268,264.193,1.0
45.4,128.081625,37.899865,4330.0229376,-147.203,-27.501,264.053,1.0
45.4166,128.081583,37.899866,4328.886948,-147.123,-27.734,263.913,1.0
45.4333,128.081541,37.899867,4327.7351088000005,-147.046,-27.966,263.771,1.0
45.45,128.081499,37.899868,4326.5677248,-146.971,-28.199,263.629,1.0
45.4666,128.081457,37.899868,4325.384796,-146.898,-28.431,263.487,1.0
45.4833,128.081415,37.899869,4324.1866272,-146.828,-28.663,263.344,1.0
45.5,128.081373,37.89987,4322.9729136000005,-146.759,-28.895,263.2,1.0
45.5166,128.081331,37.899871,4321.743655200001,-146.692,-29.127,263.055,1.0
45.5333,128.081289,37.899871,4320.4997664,-146.623,-29.358,262.909,1.0
45.55,128.081248,37.899872,4319.2403328,-146.551,-29.589,262.761,1.0
45.5666,128.081206,37.899872,4317.965964,-146.477,-29.819,262.613,1.0
45.5833,128.081164,37.899872,4316.6763552,-146.4,-30.049,262.463,1.0
45.6,128.081123,37.899873,4315.371811200001,-146.321,-30.279,262.313,1.0
45.6166,128.081081,37.899873,4314.0517224000005,-146.24,-30.509,262.161,1.0
45.6333,128.081039,37.899873,4312.717308,-146.155,-30.738,262.008,1.0
45.65,128.080998,37.899873,4311.3673488,-146.066,-30.966,261.854,1.0
45.6666,128.080957,37.899873,4310.002759200001,-145.974,-31.194,261.699,1.0
45.6833,128.080915,37.899873,4308.6229296,-145.878,-31.422,261.542,1.0
45.7,128.080874,37.899873,4307.2284696,-145.779,-31.649,261.385,1.0
45.7166,128.080833,37.899873,4305.8187696,-145.676,-31.876,261.227,1.0
45.7333,128.080791,37.899872,4304.3953536,-145.549,-32.099,261.061,1.0
45.75,128.08075,37.899872,4302.9585264,-145.397,-32.317,260.888,1.0
45.7666,128.080709,37.899872,4301.508288,-145.22,-32.533,260.708,1.0
45.7833,128.080668,37.899871,4300.0440288,-145.018,-32.746,260.525,1.0
45.8,128.080627,37.899871,4298.5663584,-144.793,-32.957,260.338,1.0
45.8166,128.080586,37.89987,4297.0746672,-144.547,-33.167,260.149,1.0
45.8333,128.080545,37.899869,4295.5707840000005,-144.272,-33.375,259.955,1.0
45.85,128.080504,37.899869,4294.05288,-143.969,-33.58,259.759,1.0
45.8666,128.080464,37.899868,4292.5215648,-143.641,-33.783,259.559,1.0
45.8833,128.080423,37.899867,4290.9768384,-143.29,-33.984,259.357,1.0
45.9,128.080382,37.899866,4289.418396,-142.919,-34.184,259.153,1.0
45.9166,128.080342,37.899865,4287.8465424,-142.529,-34.382,258.947,1.0
45.9333,128.080301,37.899864,4286.2624968,-142.071,-34.569,258.742,1.0
45.95,128.08026,37.899863,4284.6662592,-141.547,-34.744,258.536,1.0
45.9666,128.08022,37.899862,4283.058744000001,-140.958,-34.911,258.33,1.0
45.9833,128.080179,37.899861,4281.4396464,-140.305,-35.07,258.123,1.0
46.0,128.080139,37.899859,4279.8101856,-139.59,-35.223,257.915,1.0
46.0166,128.080099,37.899858,4278.170056800001,-138.82,-35.372,257.706,1.0
46.0333,128.080058,37.899857,4276.5201744,-137.996,-35.508,257.504,1.0
46.05,128.080018,37.899855,4274.8602336,-137.125,-35.624,257.318,1.0
46.0666,128.079978,37.899854,4273.190539200001,-136.21,-35.719,257.149,1.0
46.0833,128.079937,37.899852,4271.5104816,-135.252,-35.797,256.992,1.0
46.1,128.079897,37.899851,4269.8209752,-134.251,-35.862,256.845,1.0
46.1166,128.079857,37.899849,4268.1214104,-133.208,-35.917,256.704,1.0
46.1333,128.079817,37.899847,4266.4127016,-132.132,-35.955,256.579,1.0
46.15,128.079777,37.899846,4264.6951536,-131.031,-35.968,256.481,1.0
46.1666,128.079736,37.899844,4262.9687664,-129.913,-35.952,256.418,1.0
46.1833,128.079696,37.899842,4261.2332352,-128.776,-35.912,256.384,1.0
46.2,128.079656,37.89984,4259.4894744,-127.618,-35.854,256.373,1.0
46.2166,128.079616,37.899838,4257.7371792,-126.437,-35.783,256.378,1.0
46.2333,128.079576,37.899836,4255.9766544,-125.232,-35.701,256.395,1.0
46.25,128.079536,37.899834,4254.2079,-124.001,-35.613,256.421,1.0
46.2666,128.079496,37.899832,4252.4312208,-122.744,-35.519,256.453,1.0
46.2833,128.079456,37.89983,4250.6469216,-121.462,-35.42,256.49,1.0
46.3,128.079416,37.899828,4248.8553072,-120.153,-35.318,256.531,1.0
46.3166,128.079376,37.899825,4247.0560728,-118.817,-35.214,256.576,1.0
46.3333,128.079336,37.899823,4245.2492184,-117.491,-35.11,256.625,1.0
46.35,128.079296,37.899821,4243.434744,-116.177,-35.009,256.678,1.0
46.3666,128.079257,37.899818,4241.6126496,-114.875,-34.908,256.735,1.0
46.3833,128.079217,37.899816,4239.7826304,-113.583,-34.809,256.795,1.0
46.4,128.079177,37.899813,4237.945296000001,-112.3,-34.709,256.858,1.0
46.4166,128.079137,37.899811,4236.1009512,-111.024,-34.609,256.923,1.0
46.4333,128.079097,37.899808,4234.2499008,-109.74,-34.508,256.989,1.0
46.45,128.079057,37.899805,4232.3927544,-108.445,-34.405,257.055,1.0
46.4666,128.079017,37.899803,4230.5292072,-107.139,-34.301,257.12,1.0
46.4833,128.078978,37.8998,4228.659259200001,-105.821,-34.198,257.186,1.0
46.5,128.078938,37.899797,4226.78352,-104.49,-34.095,257.251,1.0
46.5166,128.078898,37.899794,4224.9016848,-103.146,-33.992,257.315,1.0
46.5333,128.078858,37.899791,4223.014668,-101.765,-33.888,257.379,1.0
46.55,128.078818,37.899788,4221.1224696,-100.345,-33.781,257.443,1.0
46.5666,128.078778,37.899785,4219.224784800001,-98.889,-33.674,257.506,1.0
46.5833,128.078739,37.899782,4217.3219184,-97.398,-33.568,257.57,1.0
46.6,128.078699,37.899779,4215.413870400001,-95.876,-33.462,257.633,1.0
46.6166,128.078659,37.899776,4213.5009456,-94.325,-33.358,257.697,1.0
46.6333,128.078619,37.899773,4211.583144,-92.731,-33.254,257.762,1.0
46.65,128.078579,37.89977,4209.6604656,-91.096,-33.149,257.827,1.0
46.6666,128.078539,37.899767,4207.7329104,-89.419,-33.045,257.894,1.0
46.6833,128.078499,37.899764,4205.8004784,-87.701,-32.941,257.962,1.0
46.7,128.078459,37.899761,4203.8631696,-85.942,-32.838,258.031,1.0
46.7166,128.078419,37.899757,4201.920984,-84.144,-32.734,258.102,1.0
46.7333,128.078379,37.899754,4199.9742264,-82.306,-32.63,258.175,1.0
46.75,128.078339,37.899751,4198.022592,-80.429,-32.526,258.25,1.0
46.7666,128.078299,37.899748,4196.0660808,-78.513,-32.422,258.326,1.0
46.7833,128.078259,37.899745,4194.1046928000005,-76.559,-32.319,258.406,1.0
46.8,128.078219,37.899742,4192.138428,-74.568,-32.216,258.488,1.0
46.8166,128.078178,37.899738,4190.1672864,-72.54,-32.114,258.572,1.0
46.8333,128.078138,37.899735,4188.1912680000005,-70.476,-32.013,258.66,1.0
46.85,128.078098,37.899732,4186.210068,-68.377,-31.914,258.751,1.0
46.8666,128.078058,37.899729,4184.2239912000005,-66.243,-31.816,258.844,1.0
46.8833,128.078018,37.899726,4182.2327328,-64.075,-31.719,258.941,1.0
46.9,128.077977,37.899722,4180.2362928,-61.873,-31.626,259.041,1.0
46.9166,128.077937,37.899719,4178.2343664,-59.638,-31.535,259.143,1.0
46.9333,128.077897,37.899716,4176.2272584,-57.37,-31.446,259.249,1.0
46.95,128.077856,37.899713,4174.214664,-55.07,-31.362,259.357,1.0
46.9666,128.077816,37.89971,4172.1965832,-52.738,-31.281,259.467,1.0
46.9833,128.077776,37.899707,4170.1727112,-50.375,-31.204,259.58,1.0
47.0,128.077735,37.899703,4168.143048,-47.982,-31.131,259.694,1.0
47.0166,128.077695,37.8997,4166.107593600001,-45.558,-31.064,259.81,1.0
47.0333,128.077655,37.899697,4164.0660432,-43.104,-31.001,259.927,1.0
47.05,128.077614,37.899694,4162.0183968,-40.62,-30.943,260.044,1.0
47.0666,128.077574,37.899691,4159.9643496,-38.107,-30.891,260.161,1.0
47.0833,128.077533,37.899688,4157.9042064000005,-35.566,-30.845,260.278,1.0
47.1,128.077493,37.899685,4155.8373576,-32.996,-30.804,260.393,1.0
47.1166,128.077452,37.899682,4153.7638032,-30.399,-30.77,260.507,1.0
47.1333,128.077412,37.899679,4151.6841528,-27.77,-30.731,260.611,1.0
47.15,128.077371,37.899676,4149.5981016,-25.108,-30.675,260.701,1.0
47.1666,128.077331,37.899672,4147.5056496,-22.414,-30.596,260.773,1.0
47.1833,128.07729,37.899669,4145.4067968,-19.693,-30.498,260.834,1.0
47.2,128.07725,37.899666,4143.3012384,-16.95,-30.387,260.888,1.0
47.2166,128.077209,37.899663,4141.189584,-14.192,-30.269,260.941,1.0
47.2333,128.077168,37.89966,4139.0739672,-11.488,-30.131,260.98,1.0
47.25,128.077128,37.899657,4136.954388,-8.84,-29.961,261.005,1.0
47.2666,128.077087,37.899654,4134.8317608,-6.25,-29.757,261.024,1.0
47.2833,128.077046,37.899651,4132.707,-3.718,-29.528,261.045,1.0
47.3,128.077006,37.899648,4130.5804104,-1.242,-29.283,261.072,1.0
47.3166,128.076965,37.899645,4128.451992,1.179,-29.027,261.11,1.0
47.3333,128.076924,37.899642,4126.324488,3.463,-28.749,261.149,1.0
47.35,128.076883,37.899638,4124.197898400001,5.615,-28.435,261.19,1.0
47.3666,128.076843,37.899635,4122.0734424,7.643,-28.088,261.243,1.0
47.3833,128.076802,37.899632,4119.9517296,9.558,-27.718,261.312,1.0
47.4,128.076761,37.899629,4117.8339792,11.373,-27.336,261.4,1.0
47.4166,128.07672,37.899626,4115.717448,13.099,-26.949,261.506,1.0
47.4333,128.076679,37.899622,4113.6070128,14.675,-26.542,261.625,1.0
47.45,128.076638,37.899619,4111.5023688,16.112,-26.106,261.761,1.0
47.4666,128.076596,37.899616,4109.404430400001,17.426,-25.649,261.915,1.0
47.4833,128.076555,37.899613,4107.3131976,18.632,-25.182,262.088,1.0
47.5,128.076514,37.89961,4105.226841600001,19.746,-24.713,262.278,1.0
47.5166,128.076472,37.899607,4103.145972,20.781,-24.247,262.484,1.0
47.5333,128.076431,37.899604,4101.073941600001,21.71,-23.785,262.699,1.0
47.55,128.076389,37.8996,4099.009836,22.546,-23.329,262.921,1.0
47.5666,128.076348,37.899597,4096.9533504,23.302,-22.881,263.151,1.0
47.5833,128.076306,37.899594,4094.9035704000003,23.988,-22.443,263.387,1.0
47.6,128.076264,37.899591,4092.8611056000004,24.617,-22.016,263.631,1.0
47.6166,128.076222,37.899588,4090.825956,25.2,-21.6,263.88,1.0
47.6333,128.07618,37.899585,4088.7969024000004,25.775,-21.197,264.138,1.0
47.65,128.076138,37.899582,4086.7739448,26.351,-20.806,264.404,1.0
47.6666,128.076096,37.899579,4084.7567784000003,26.933,-20.428,264.676,1.0
47.6833,128.076054,37.899577,4082.7450984,27.523,-20.061,264.951,1.0
47.7,128.076012,37.899574,4080.7395144,28.122,-19.705,265.228,1.0
47.7166,128.07597,37.899571,4078.7403312,28.731,-19.359,265.506,1.0
47.7333,128.075927,37.899568,4076.7493776,29.319,-19.02,265.78,1.0
47.75,128.075885,37.899565,4074.7666536,29.886,-18.689,266.051,1.0
47.7666,128.075842,37.899563,4072.7930736000003,30.432,-18.365,266.319,1.0
47.7833,128.0758,37.89956,4070.8280280000004,30.958,-18.05,266.586,1.0
47.8,128.075757,37.899558,4068.8715168000003,31.466,-17.744,266.852,1.0
47.8166,128.075714,37.899555,4066.9238448,31.956,-17.446,267.119,1.0
47.8333,128.075672,37.899553,4064.9868408,32.411,-17.155,267.383,1.0
47.85,128.075629,37.89955,4063.0605048,32.834,-16.87,267.645,1.0
47.8666,128.075586,37.899548,4061.1433128,33.228,-16.591,267.905,1.0
47.8833,128.075543,37.899546,4059.2361792,33.595,-16.319,268.165,1.0
47.9,128.0755,37.899543,4057.3387992,33.939,-16.054,268.425,1.0
47.9166,128.075457,37.899541,4055.4514776,34.263,-15.794,268.686,1.0
47.9333,128.075413,37.899539,4053.5757384000003,34.559,-15.54,268.945,1.0
47.95,128.07537,37.899537,4051.7097528000004,34.829,-15.29,269.202,1.0
47.9666,128.075327,37.899535,4049.8544352000004,35.077,-15.045,269.459,1.0
47.9833,128.075283,37.899534,4048.0094808,35.304,-14.804,269.715,1.0
48.0,128.07524,37.899532,4046.1745848000005,35.515,-14.568,269.971,1.0
48.0166,128.075196,37.89953,4044.3503568,35.71,-14.336,270.226,1.0
48.0333,128.075152,37.899529,4042.5374064000002,35.887,-14.108,270.481,1.0
48.05,128.075109,37.899527,4040.7348192000004,36.047,-13.882,270.734,1.0
48.0666,128.075065,37.899526,4038.9429,36.193,-13.659,270.987,1.0
48.0833,128.075021,37.899524,4037.1616488000004,36.326,-13.438,271.239,1.0
48.1,128.074977,37.899523,4035.3910656000003,36.448,-13.221,271.491,1.0
48.1166,128.074933,37.899522,4033.6311504000005,36.56,-13.006,271.742,1.0
48.1333,128.074889,37.899521,4031.8825128,36.66,-12.793,271.991,1.0
48.15,128.074845,37.89952,4030.1448480000004,36.751,-12.582,272.24,1.0
48.1666,128.0748,37.899519,4028.4178512,36.832,-12.374,272.487,1.0
48.1833,128.074756,37.899518,4026.7018272,36.906,-12.167,272.733,1.0
48.2,128.074712,37.899518,4024.9970808,36.972,-11.962,272.978,1.0
48.2166,128.074667,37.899517,4023.3033072000003,37.032,-11.759,273.222,1.0
48.2333,128.074623,37.899516,4021.6208112000004,37.085,-11.558,273.465,1.0
48.25,128.074578,37.899516,4019.9492880000003,37.132,-11.358,273.706,1.0
48.2666,128.074534,37.899516,4018.2890424,37.173,-11.159,273.946,1.0
48.2833,128.074489,37.899515,4016.6403792,37.21,-10.962,274.185,1.0
48.3,128.074445,37.899515,4015.0026888,37.241,-10.766,274.422,1.0
48.3166,128.0744,37.899515,4013.3765808,37.269,-10.572,274.658,1.0
48.3333,128.074355,37.899515,4011.7617504000004,37.293,-10.379,274.893,1.0
48.35,128.07431,37.899515,4010.1585024,37.313,-10.186,275.126,1.0
48.3666,128.074265,37.899515,4008.5668368,37.329,-9.995,275.358,1.0
48.3833,128.07422,37.899516,4006.9864488000003,37.342,-9.805,275.589,1.0
48.4,128.074175,37.899516,4005.4179480000003,37.353,-9.616,275.818,1.0
48.4166,128.07413,37.899516,4003.8610296,37.36,-9.427,276.046,1.0
48.4333,128.074085,37.899517,4002.3159984000004,37.365,-9.24,276.273,1.0
48.45,128.07404,37.899518,4000.7825496,37.368,-9.053,276.498,1.0
48.4666,128.073995,37.899519,3999.260988,37.368,-8.867,276.722,1.0
48.4833,128.07395,37.899519,3997.7510088,37.366,-8.682,276.945,1.0
48.5,128.073904,37.89952,3996.2532216,37.363,-8.497,277.166,1.0
48.5166,128.073859,37.899521,3994.7670168000004,37.357,-8.313,277.386,1.0
48.5333,128.073814,37.899523,3993.293004,37.35,-8.13,277.605,1.0
48.55,128.073768,37.899524,3991.8311832,37.341,-7.947,277.823,1.0
48.5666,128.073723,37.899525,3990.3809448,37.331,-7.765,278.039,1.0
48.5833,128.073677,37.899527,3988.9432032000004,37.32,-7.583,278.254,1.0
48.6,128.073632,37.899528,3987.5173488000005,37.308,-7.401,278.468,1.0
48.6166,128.073586,37.89953,3986.1036864000002,37.294,-7.22,278.681,1.0
48.6333,128.07354,37.899532,3984.702216,37.28,-7.04,278.893,1.0
48.65,128.073495,37.899534,3983.3129376,37.265,-6.859,279.103,1.0
48.6666,128.073449,37.899536,3981.936156,37.249,-6.68,279.313,1.0
48.6833,128.073403,37.899538,3980.5712616,37.232,-6.5,279.521,1.0
48.7,128.073358,37.89954,3979.2191688000003,37.215,-6.321,279.728,1.0
48.7166,128.073312,37.899542,3977.8789632000003,37.198,-6.142,279.934,1.0
48.7333,128.073266,37.899545,3976.5515592,37.18,-5.963,280.139,1.0
48.75,128.07322,37.899547,3975.2363472,37.162,-5.785,280.343,1.0
48.7666,128.073174,37.89955,3973.933632,37.143,-5.606,280.546,1.0
48.7833,128.073128,37.899553,3972.6434136000003,37.125,-5.429,280.748,1.0
48.8,128.073082,37.899555,3971.3656920000003,37.107,-5.251,280.949,1.0
48.8166,128.073036,37.899558,3970.1004672,37.088,-5.073,281.149,1.0
48.8333,128.07299,37.899561,3968.8480440000003,37.07,-4.896,281.348,1.0
48.85,128.072944,37.899564,3967.6081176000002,37.052,-4.718,281.546,1.0
48.8666,128.072898,37.899568,3966.380688,37.034,-4.541,281.744,1.0
48.8833,128.072852,37.899571,3965.1660600000005,37.016,-4.364,281.94,1.0
48.9,128.072806,37.899574,3963.9639288,36.999,-4.187,282.136,1.0
48.9166,128.07276,37.899578,3962.7745992,36.982,-4.011,282.33,1.0
48.9333,128.072714,37.899582,3961.5980712000005,36.966,-3.834,282.524,1.0
48.95,128.072668,37.899585,3960.43404,36.951,-3.657,282.717,1.0
48.9666,128.072621,37.899589,3959.2831152,36.936,-3.481,282.91,1.0
48.9833,128.072575,37.899593,3958.1446872000006,36.922,-3.305,283.101,1.0
49.0,128.072529,37.899597,3957.0190608000003,36.909,-3.128,283.292,1.0
49.0166,128.072483,37.899601,3955.9065408,36.896,-2.952,283.482,1.0
49.0333,128.072436,37.899606,3954.8065176,36.885,-2.776,283.671,1.0
49.05,128.07239,37.89961,3953.7196008000005,36.875,-2.599,283.859,1.0
49.0666,128.072344,37.899615,3952.6454856,36.867,-2.423,284.046,1.0
49.0833,128.072298,37.899619,3951.584172,36.859,-2.246,284.233,1.0
49.1,128.072251,37.899624,3950.5359648,36.852,-2.07,284.418,1.0
49.1166,128.072205,37.899629,3949.500864,36.846,-1.893,284.604,1.0
49.1333,128.072159,37.899634,3948.4782600000003,36.842,-1.717,284.788,1.0
49.15,128.072112,37.899639,3947.4687624000003,36.839,-1.54,284.972,1.0
49.1666,128.072066,37.899644,3946.4723712000005,36.837,-1.363,285.154,1.0
49.1833,128.07202,37.899649,3945.4887816,36.837,-1.187,285.337,1.0
49.2,128.071973,37.899654,3944.5182984000003,36.838,-1.01,285.518,1.0
49.2166,128.071927,37.89966,3943.5609216,36.839,-0.833,285.7,1.0
49.2333,128.07188,37.899665,3942.6160416000002,36.843,-0.657,285.88,1.0
49.25,128.071834,37.899671,3941.6845728000003,36.849,-0.48,286.061,1.0
49.2666,128.071788,37.899677,3940.7659056000007,36.858,-0.303,286.24,1.0
49.2833,128.071741,37.899683,3939.8603448,36.868,-0.127,286.419,1.0
49.3,128.071695,37.899689,3938.9678904,36.88,0.048,286.598,1.0
49.3166,128.071648,37.899695,3938.0882376,36.893,0.225,286.777,1.0
49.3333,128.071602,37.899701,3937.2216912000004,36.909,0.401,286.955,1.0
49.35,128.071556,37.899707,3936.3679464000006,36.927,0.577,287.132,1.0
49.3666,128.071509,37.899714,3935.5273079999997,36.948,0.753,287.31,1.0
49.3833,128.071463,37.89972,3934.7000808,36.97,0.93,287.487,1.0
49.4,128.071417,37.899727,3933.8853504000003,36.995,1.105,287.663,1.0
49.4166,128.07137,37.899733,3933.0840312,37.02,1.281,287.84,1.0
49.4333,128.071324,37.89974,3932.2955136,37.049,1.457,288.016,1.0
49.45,128.071277,37.899747,3931.5201024000003,37.081,1.632,288.192,1.0
49.4666,128.071231,37.899754,3930.7574928,37.116,1.808,288.368,1.0
49.4833,128.071185,37.899761,3930.0079896000007,37.152,1.983,288.543,1.0
49.5,128.071138,37.899769,3929.2715928000002,37.191,2.158,288.719,1.0
49.5166,128.071092,37.899776,3928.5483024,37.232,2.332,288.894,1.0
49.5333,128.071046,37.899783,3927.8381184000004,37.272,2.507,289.069,1.0
49.55,128.070999,37.899791,3927.1413456,37.311,2.682,289.243,1.0
49.5666,128.070953,37.899799,3926.4576792000003,37.35,2.857,289.417,1.0
49.5833,128.070907,37.899806,3925.7871192000002,37.388,3.032,289.591,1.0
49.6,128.070861,37.899814,3925.1296656,37.425,3.207,289.764,1.0
49.6166,128.070814,37.899822,3924.4856232,37.461,3.381,289.938,1.0
49.6333,128.070768,37.89983,3923.8549920000005,37.494,3.556,290.11,1.0
49.65,128.070722,37.899838,3923.237772,37.522,3.731,290.282,1.0
49.6666,128.070676,37.899847,3922.6339632,37.546,3.906,290.454,1.0
49.6833,128.07063,37.899855,3922.0432608,37.567,4.082,290.625,1.0
49.7,128.070583,37.899864,3921.4659696,37.584,4.257,290.796,1.0
49.7166,128.070537,37.899872,3920.9020896000006,37.599,4.432,290.968,1.0
49.7333,128.070491,37.899881,3920.3519256000004,37.538,4.608,291.118,1.0
49.75,128.070445,37.89989,3919.8163920000006,37.404,4.786,291.249,1.0
49.7666,128.070399,37.899899,3919.2964032000004,37.192,4.965,291.365,1.0
49.7833,128.070353,37.899908,3918.792264,36.899,5.144,291.471,1.0
49.8,128.070307,37.899917,3918.3048888000003,36.522,5.323,291.571,1.0
49.8166,128.070261,37.899926,3917.8345824000003,36.064,5.501,291.667,1.0
49.8333,128.070215,37.899936,3917.3822592,35.525,5.682,291.76,1.0
49.85,128.07017,37.899945,3916.9479192000003,34.91,5.864,291.852,1.0
49.8666,128.070124,37.899955,3916.5315624000004,34.229,6.048,291.942,1.0
49.8833,128.070078,37.899965,3916.1319696,33.491,6.233,292.032,1.0
49.9,128.070032,37.899975,3915.7494456000004,32.704,6.419,292.122,1.0
49.9166,128.069987,37.899985,3915.3836856,31.878,6.607,292.21,1.0
49.9333,128.069941,37.899995,3915.0337752,31.05,6.804,292.305,1.0
49.95,128.069896,37.900005,3914.6994096000003,30.226,7.008,292.407,1.0
49.9666,128.06985,37.900015,3914.3802840000003,29.41,7.22,292.511,1.0
49.9833,128.069804,37.900025,3914.0751792,28.605,7.438,292.616,1.0
50.0,128.069759,37.900036,3913.7856192000004,27.81,7.661,292.72,1.0
50.0166,128.069713,37.900046,3913.5112992,27.026,7.888,292.82,1.0
50.0333,128.069668,37.900057,3913.2503904,26.295,8.118,292.922,1.0
50.05,128.069623,37.900068,3913.0031976,25.615,8.35,293.025,1.0
50.0666,128.069577,37.900078,3912.7688064,24.982,8.585,293.126,1.0
50.0833,128.069532,37.900089,3912.5478264,24.393,8.823,293.224,1.0
50.1,128.069487,37.9001,3912.3414768000002,23.844,9.063,293.319,1.0
50.1166,128.069441,37.900111,3912.1491480000004,23.328,9.306,293.409,1.0
50.1333,128.069396,37.900122,3911.9690112000003,22.853,9.55,293.496,1.0
50.15,128.069351,37.900133,3911.8041144000003,22.413,9.795,293.579,1.0
50.1666,128.069305,37.900144,3911.6532384,22.004,10.041,293.66,1.0
50.1833,128.06926,37.900155,3911.5172976000003,21.623,10.288,293.736,1.0
50.2,128.069215,37.900167,3911.3962920000004,21.264,10.536,293.81,1.0
50.2166,128.06917,37.900178,3911.2902215999998,20.926,10.784,293.879,1.0
50.2333,128.069125,37.900189,3911.1972576000003,20.639,11.03,293.952,1.0
50.25,128.06908,37.900201,3911.1177048000004,20.399,11.274,294.028,1.0
50.2666,128.069035,37.900212,3911.0506488000005,20.205,11.516,294.105,1.0
50.2833,128.068989,37.900224,3910.9976136,20.051,11.759,294.183,1.0
50.3,128.068944,37.900235,3910.9585992,19.934,12.001,294.259,1.0
50.3166,128.068899,37.900247,3910.9339104,19.851,12.243,294.334,1.0
50.3333,128.068854,37.900258,3910.9211088,19.823,12.482,294.416,1.0
50.35,128.06881,37.90027,3910.9204992,19.847,12.718,294.505,1.0
50.3666,128.068765,37.900282,3910.9320816,19.92,12.951,294.598,1.0
50.3833,128.06872,37.900294,3910.9573800000003,20.038,13.183,294.694,1.0
50.4,128.068675,37.900306,3910.9957848000004,20.197,13.414,294.79,1.0
50.4166,128.06863,37.900318,3911.0479056000004,20.393,13.644,294.887,1.0
50.4333,128.068585,37.900329,3911.111304,20.676,13.867,294.988,1.0
50.45,128.06854,37.900341,3911.1862848000005,21.043,14.083,295.095,1.0
50.4666,128.068496,37.900354,3911.2719336,21.485,14.294,295.205,1.0
50.4833,128.068451,37.900366,3911.3676408,21.995,14.501,295.318,1.0
50.5,128.068406,37.900378,3911.4758448000002,22.564,14.706,295.431,1.0
50.5166,128.068362,37.90039,3911.595936,23.183,14.908,295.545,1.0
50.5333,128.068317,37.900402,3911.7251712,23.868,15.102,295.66,1.0
50.55,128.068272,37.900414,3911.8653792,24.609,15.288,295.777,1.0
50.5666,128.068228,37.900427,3912.0171696,25.4,15.467,295.895,1.0
50.5833,128.068183,37.900439,3912.1805424,26.233,15.641,296.014,1.0
50.6,128.068139,37.900452,3912.3558024000004,27.101,15.811,296.135,1.0
50.6166,128.068094,37.900464,3912.5426448,27.997,15.976,296.258,1.0
50.6333,128.06805,37.900477,3912.7422888,28.913,16.139,296.384,1.0
50.65,128.068005,37.900489,3912.9541248,29.842,16.299,296.513,1.0
50.6666,128.067961,37.900502,3913.1781528,30.781,16.457,296.646,1.0
50.6833,128.067917,37.900515,3913.4143728000004,31.726,16.611,296.782,1.0
50.7,128.067872,37.900528,3913.6624800000004,32.675,16.762,296.923,1.0
50.7166,128.067828,37.900541,3913.9227792,33.626,16.91,297.068,1.0
50.7333,128.067784,37.900554,3914.1967944,34.549,17.062,297.219,1.0
50.75,128.06774,37.900567,3914.483916,35.444,17.218,297.376,1.0
50.7666,128.067696,37.90058,3914.7850584000003,36.311,17.376,297.54,1.0
50.7833,128.067652,37.900593,3915.0983928,37.151,17.534,297.711,1.0
50.8,128.067608,37.900606,3915.4245288,37.968,17.689,297.887,1.0
50.8166,128.067564,37.90062,3915.7628568,38.762,17.843,298.069,1.0
50.8333,128.067521,37.900633,3916.1152056000005,39.506,17.995,298.255,1.0
50.85,128.067477,37.900647,3916.4812704,40.202,18.147,298.444,1.0
50.8666,128.067433,37.90066,3916.8607464000006,40.855,18.297,298.636,1.0
50.8833,128.06739,37.900674,3917.2524144000004,41.47,18.444,298.832,1.0
50.9,128.067346,37.900688,3917.6565792,42.05,18.589,299.033,1.0
50.9166,128.067303,37.900702,3918.0726312,42.6,18.729,299.238,1.0
50.9333,128.06726,37.900716,3918.4999608000003,43.157,18.865,299.451,1.0
50.95,128.067216,37.90073,3918.9376536,43.724,18.994,299.67,1.0
50.9666,128.067173,37.900744,3919.3854048000003,44.303,19.119,299.896,1.0
50.9833,128.06713,37.900758,3919.8423000000003,44.894,19.24,300.126,1.0
51.0,128.067087,37.900772,3920.3092536,45.496,19.358,300.361,1.0
51.0166,128.067044,37.900787,3920.785656,46.109,19.473,300.599,1.0
51.0333,128.067001,37.900801,3921.2727264,46.683,19.59,300.835,1.0
51.05,128.066958,37.900815,3921.7704648,47.218,19.709,301.069,1.0
51.0666,128.066915,37.90083,3922.2791760000005,47.714,19.827,301.302,1.0
51.0833,128.066873,37.900845,3922.7997744,48.175,19.945,301.535,1.0
51.1,128.06683,37.90086,3923.3319552000003,48.603,20.06,301.769,1.0
51.1166,128.066788,37.900875,3923.8744992,49.001,20.172,302.005,1.0
51.1333,128.066745,37.90089,3924.42954,49.352,20.284,302.239,1.0
51.15,128.066703,37.900905,3924.9967728,49.658,20.395,302.474,1.0
51.1666,128.066661,37.90092,3925.5746736000006,49.926,20.506,302.709,1.0
51.1833,128.066618,37.900935,3926.163852,50.158,20.615,302.945,1.0
51.2,128.066576,37.900951,3926.7636984000005,50.36,20.723,303.182,1.0
51.2166,128.066535,37.900966,3927.3742128,50.536,20.829,303.421,1.0
51.2333,128.066493,37.900982,3927.9966144000005,50.68,20.935,303.66,1.0
51.25,128.066451,37.900998,3928.6293792,50.798,21.041,303.9,1.0
51.2666,128.066409,37.901013,3929.2725072000003,50.892,21.147,304.14,1.0
51.2833,128.066368,37.901029,3929.9263032000003,50.965,21.253,304.381,1.0
51.3,128.066326,37.901045,3930.5904624000004,51.02,21.358,304.622,1.0
51.3166,128.066285,37.901062,3931.26468,51.061,21.463,304.865,1.0
51.3333,128.066244,37.901078,3931.9492608,51.09,21.568,305.107,1.0
51.35,128.066203,37.901094,3932.6435952,51.108,21.672,305.35,1.0
51.3666,128.066162,37.90111,3933.347988,51.119,21.776,305.594,1.0
51.3833,128.066121,37.901127,3934.0624392000004,51.123,21.881,305.838,1.0
51.4,128.06608,37.901143,3934.7866440000003,51.122,21.985,306.081,1.0
51.4166,128.066039,37.90116,3935.5206024000004,51.117,22.09,306.324,1.0
51.4333,128.065998,37.901177,3936.2637048,51.115,22.195,306.568,1.0
51.4499,128.065958,37.901194,3937.0165608,51.115,22.298,306.812,1.0
51.4666,128.065917,37.901211,3937.7788656000002,51.119,22.402,307.056,1.0
51.4833,128.065877,37.901228,3938.550924,51.126,22.506,307.3,1.0
51.5,128.065837,37.901245,3939.3324312,51.137,22.61,307.543,1.0
51.5166,128.065796,37.901262,3940.1233872000003,51.152,22.715,307.786,1.0
51.5333,128.065756,37.901279,3940.9225728,51.221,22.814,308.033,1.0
51.55,128.065716,37.901297,3941.7305976000002,51.344,22.909,308.284,1.0
51.5666,128.065676,37.901314,3942.5459376,51.518,22.999,308.537,1.0
51.5833,128.065637,37.901332,3943.3685928,51.739,23.089,308.792,1.0
51.6,128.065597,37.901349,3944.1985632,52.003,23.177,309.048,1.0
51.6166,128.065557,37.901367,3945.0367632,52.305,23.265,309.303,1.0
51.6333,128.065517,37.901384,3945.8804496000002,52.667,23.344,309.55,1.0
51.65,128.065478,37.901402,3946.7302320000003,53.081,23.405,309.779,1.0
51.6666,128.065438,37.90142,3947.5851960000005,53.543,23.442,309.978,1.0
51.6833,128.065399,37.901438,3948.4453416000006,54.046,23.451,310.139,1.0
51.6999,128.06536,37.901456,3949.3109736000006,54.59,23.434,310.264,1.0
51.7166,128.06532,37.901474,3950.1814824000003,55.177,23.399,310.365,1.0
51.7333,128.065281,37.901492,3951.0565632000003,55.801,23.339,310.43,1.0
51.75,128.065242,37.90151,3951.9365208000004,56.462,23.26,310.467,1.0
51.7666,128.065203,37.901528,3952.8207456,57.162,23.167,310.482,1.0
51.7833,128.065164,37.901547,3953.7095424,57.902,23.063,310.482,1.0
51.8,128.065125,37.901565,3954.6019968,58.684,22.952,310.472,1.0
51.8166,128.065086,37.901583,3955.4984136000003,59.507,22.835,310.455,1.0
51.8333,128.065047,37.901602,3956.3981832,60.371,22.715,310.432,1.0
51.85,128.065008,37.90162,3957.3016104,61.277,22.592,310.406,1.0
51.8666,128.064969,37.901639,3958.2077808,62.224,22.466,310.377,1.0
51.8833,128.064931,37.901657,3959.117304,63.213,22.338,310.346,1.0
51.9,128.064892,37.901676,3960.0289608000003,64.243,22.208,310.313,1.0
51.9166,128.064853,37.901695,3960.9433608,65.313,22.076,310.278,1.0
51.9333,128.064815,37.901713,3961.8598944,66.424,21.942,310.242,1.0
51.9499,128.064776,37.901732,3962.7785616,67.574,21.806,310.205,1.0
51.9666,128.064737,37.901751,3963.6987528000004,68.763,21.667,310.166,1.0
51.9833,128.064699,37.90177,3964.6207728000004,69.991,21.524,310.127,1.0
52.0,128.06466,37.901789,3965.5440120000003,71.258,21.377,310.087,1.0
52.0166,128.064622,37.901808,3966.4687752000004,72.563,21.226,310.046,1.0
52.0333,128.064583,37.901827,3967.3944528,73.907,21.07,310.004,1.0
52.05,128.064545,37.901846,3968.3210448,75.291,20.907,309.961,1.0
52.0666,128.064506,37.901865,3969.2482464000004,76.714,20.739,309.918,1.0
52.0833,128.064468,37.901885,3970.1760576000006,78.176,20.565,309.875,1.0
52.1,128.06443,37.901904,3971.1041736,79.679,20.384,309.831,1.0
52.1166,128.064391,37.901923,3972.0325944,81.222,20.196,309.787,1.0
52.1333,128.064353,37.901942,3972.9610152,82.804,20.001,309.742,1.0
52.15,128.064314,37.901962,3973.889436,84.428,19.799,309.695,1.0
52.1666,128.064276,37.901981,3974.817552,86.091,19.588,309.648,1.0
52.1833,128.064238,37.902,3975.7453632,87.796,19.37,309.597,1.0
52.1999,128.064199,37.90202,3976.6728696,89.541,19.144,309.545,1.0
52.2166,128.064161,37.902039,3977.5997664,91.328,18.911,309.488,1.0
52.2333,128.064123,37.902059,3978.5263584,93.155,18.67,309.428,1.0
52.25,128.064084,37.902079,3979.452036,95.023,18.421,309.362,1.0
52.2666,128.064046,37.902098,3980.3767992,96.933,18.166,309.291,1.0
52.2833,128.064007,37.902118,3981.3012576000006,98.884,17.904,309.214,1.0
52.3,128.063969,37.902137,3982.2244968,100.877,17.636,309.13,1.0
52.3166,128.063931,37.902157,3983.1468216,102.91,17.362,309.039,1.0
52.3333,128.063892,37.902177,3984.0685368000004,104.985,17.084,308.939,1.0
52.35,128.063854,37.902196,3984.9890328000006,107.101,16.802,308.831,1.0
52.3666,128.063815,37.902216,3985.9089192000006,109.258,16.517,308.714,1.0
52.3833,128.063777,37.902236,3986.8275864,111.454,16.23,308.587,1.0
52.4,128.063738,37.902255,3987.7456440000005,113.689,15.944,308.45,1.0
52.4166,128.0637,37.902275,3988.6627872000004,115.963,15.658,308.303,1.0
52.4333,128.063661,37.902295,3989.5793208000005,118.275,15.374,308.147,1.0
52.45,128.063622,37.902315,3990.49494,120.624,15.094,307.981,1.0
52.4666,128.063584,37.902335,3991.4099496,123.01,14.819,307.805,1.0
52.4833,128.063545,37.902354,3992.3243496,125.432,14.55,307.619,1.0
52.5,128.063507,37.902374,3993.2384448000003,127.889,14.288,307.425,1.0
52.5166,128.063468,37.902394,3994.1519304000003,130.38,14.034,307.222,1.0
52.5333,128.063429,37.902414,3995.0651112,132.904,13.791,307.012,1.0
52.55,128.06339,37.902434,3995.9782920000007,135.46,13.558,306.795,1.0
52.5666,128.063351,37.902453,3996.891168,138.047,13.337,306.572,1.0
52.5833,128.063313,37.902473,3997.8040440000004,140.665,13.129,306.344,1.0
52.6,128.063274,37.902493,3998.7172248,143.311,12.934,306.113,1.0
52.6166,128.063235,37.902513,3999.6307103999998,145.986,12.754,305.879,1.0
52.6333,128.063196,37.902533,4000.5438912000004,148.689,12.578,305.651,1.0
52.65,128.063157,37.902552,4001.4573768,151.42,12.396,305.436,1.0
52.6666,128.063118,37.902572,4002.3708624000005,154.178,12.211,305.232,1.0
52.6833,128.063079,37.902592,4003.2846528000005,156.961,12.029,305.035,1.0
52.7,128.06304,37.902612,4004.1987480000003,159.767,11.852,304.846,1.0
52.7166,128.063001,37.902632,4005.1131480000004,162.594,11.685,304.664,1.0
52.7333,128.062962,37.902652,4006.0251096,165.383,11.515,304.5,1.0
52.75,128.062923,37.902672,4006.9349376,168.134,11.33,304.357,1.0
52.7666,128.062883,37.902692,4007.841108,170.851,11.122,304.235,1.0
52.7833,128.062844,37.902711,4008.743316,173.538,10.897,304.131,1.0
52.8,128.062805,37.902731,4009.6412568,176.201,10.663,304.043,1.0
52.8166,128.062766,37.902751,4010.5358448,178.841,10.427,303.969,1.0
52.8333,128.062727,37.902771,4011.4231176,-178.633,10.173,303.92,1.0
52.85,128.062687,37.902791,4012.3033800000003,-176.229,9.888,303.889,1.0
52.8666,128.062648,37.902811,4013.1760224,-173.947,9.57,303.862,1.0
52.8833,128.062609,37.902831,4014.0395208000004,-171.786,9.229,303.828,1.0
52.9,128.062569,37.902851,4014.8935704,-169.738,8.876,303.781,1.0
52.9166,128.06253,37.902871,4015.7390856,-167.789,8.517,303.718,1.0
52.9333,128.062491,37.902891,4016.5727136,-166.016,8.137,303.645,1.0
52.95,128.062451,37.902911,4017.3938448,-164.403,7.725,303.556,1.0
52.9666,128.062412,37.902931,4018.2021744,-162.931,7.287,303.449,1.0
52.9833,128.062372,37.902951,4018.996788,-161.581,6.835,303.322,1.0
53.0,128.062333,37.902971,4019.7804288,-160.333,6.378,303.176,1.0
53.0166,128.062293,37.902991,4020.5524872000005,-159.17,5.922,303.013,1.0
53.0333,128.062253,37.903011,4021.3090008000004,-158.128,5.464,302.837,1.0
53.05,128.062214,37.903031,4022.0511888,-157.191,5.004,302.652,1.0
53.0666,128.062174,37.903051,4022.7796608,-156.343,4.548,302.457,1.0
53.0833,128.062134,37.903071,4023.495636,-155.571,4.099,302.251,1.0
53.1,128.062094,37.903091,4024.1978952,-154.862,3.657,302.037,1.0
53.1166,128.062054,37.903111,4024.8873528000004,-154.204,3.225,301.815,1.0
53.1333,128.062014,37.903131,4025.5649232000005,-153.551,2.804,301.582,1.0
53.15,128.061974,37.903151,4026.2303016,-152.897,2.396,301.34,1.0
53.1666,128.061934,37.903171,4026.8840976,-152.237,1.998,301.091,1.0
53.1833,128.061894,37.903191,4027.5272256000003,-151.567,1.611,300.838,1.0
53.2,128.061854,37.90321,4028.1587712000005,-150.887,1.234,300.581,1.0
53.2166,128.061814,37.90323,4028.7778200000002,-150.196,0.867,300.323,1.0
53.2333,128.061773,37.90325,4029.3837624000003,-149.532,0.506,300.067,1.0
53.25,128.061733,37.90327,4029.975684,-148.895,0.153,299.814,1.0
53.2666,128.061693,37.903289,4030.5526704000004,-148.283,-0.192,299.562,1.0
53.2833,128.061652,37.903309,4031.115636,-147.695,-0.53,299.311,1.0
53.3,128.061612,37.903329,4031.6642760000004,-147.129,-0.86,299.06,1.0
53.3166,128.061571,37.903348,4032.1985904000003,-146.582,-1.181,298.808,1.0
53.3333,128.061531,37.903368,4032.7167504000004,-146.079,-1.496,298.557,1.0
53.35,128.06149,37.903387,4033.218756,-145.616,-1.805,298.309,1.0
53.3666,128.061449,37.903407,4033.7055216,-145.19,-2.109,298.062,1.0
53.3833,128.061408,37.903426,4034.1767424,-144.796,-2.406,297.814,1.0
53.4,128.061367,37.903445,4034.6324184000005,-144.43,-2.697,297.566,1.0
53.4166,128.061326,37.903465,4035.0728544000003,-144.087,-2.982,297.318,1.0
53.4333,128.061285,37.903484,4035.4959168000005,-143.778,-3.262,297.07,1.0
53.45,128.061244,37.903503,4035.9040440000003,-143.497,-3.537,296.823,1.0
53.4666,128.061203,37.903522,4036.2960168000004,-143.241,-3.808,296.577,1.0
53.4833,128.061162,37.903541,4036.6724448,-143.007,-4.075,296.331,1.0
53.5,128.061121,37.90356,4037.0333280000004,-142.791,-4.337,296.085,1.0
53.5166,128.061079,37.903579,4037.3786664000004,-142.591,-4.596,295.839,1.0
53.5333,128.061038,37.903598,4037.7075456000002,-142.408,-4.851,295.594,1.0
53.55,128.060996,37.903617,4038.0208800000005,-142.242,-5.102,295.35,1.0
53.5666,128.060955,37.903635,4038.3183648,-142.089,-5.351,295.107,1.0
53.5833,128.060913,37.903654,4038.6000000000004,-141.948,-5.597,294.865,1.0
53.6,128.060872,37.903672,4038.8660904000003,-141.817,-5.839,294.624,1.0
53.6166,128.06083,37.903691,4039.116636,-141.694,-6.079,294.383,1.0
53.6333,128.060788,37.903709,4039.3510272000003,-141.58,-6.317,294.144,1.0
53.65,128.060746,37.903728,4039.5695688000005,-141.474,-6.553,293.905,1.0
53.6666,128.060705,37.903746,4039.7725656000002,-141.374,-6.788,293.668,1.0
53.6833,128.060663,37.903764,4039.9594079999997,-141.28,-7.02,293.431,1.0
53.7,128.060621,37.903782,4040.1307056000005,-141.19,-7.251,293.195,1.0
53.7166,128.060579,37.9038,4040.2861536,-141.105,-7.481,292.96,1.0
53.7333,128.060536,37.903818,4040.425752,-141.024,-7.709,292.726,1.0
53.75,128.060494,37.903836,4040.5491960000004,-140.947,-7.936,292.493,1.0
53.7666,128.060452,37.903854,4040.6570952,-140.873,-8.162,292.261,1.0
53.7833,128.06041,37.903871,4040.74884,-140.802,-8.387,292.03,1.0
53.8,128.060367,37.903889,4040.8247352000003,-140.733,-8.61,291.8,1.0
53.8166,128.060325,37.903907,4040.8844760000006,-140.667,-8.833,291.571,1.0
53.8333,128.060283,37.903924,4040.9280624000003,-140.605,-9.055,291.343,1.0
53.85,128.06024,37.903942,4040.9554944,-140.547,-9.276,291.116,1.0
53.8666,128.060198,37.903959,4040.9670768,-140.494,-9.497,290.89,1.0
53.8833,128.060155,37.903976,4040.9622000000004,-140.443,-9.717,290.665,1.0
53.9,128.060112,37.903993,4040.9411688000005,-140.396,-9.936,290.442,1.0
53.9166,128.06007,37.90401,4040.904288,-140.351,-10.154,290.219,1.0
53.9333,128.060027,37.904027,4040.8503384,-140.314,-10.372,289.997,1.0
53.95,128.059984,37.904044,4040.7802344,-140.282,-10.59,289.777,1.0
53.9666,128.059941,37.904061,4040.6939760000005,-140.257,-10.807,289.558,1.0
53.9833,128.059898,37.904077,4040.5909536,-140.237,-11.024,289.34,1.0
54.0,128.059856,37.904094,4040.4720816000004,-140.221,-11.241,289.123,1.0
54.0166,128.059813,37.904111,4040.3364456000004,-140.209,-11.457,288.906,1.0
54.0333,128.05977,37.904127,4040.1834360000003,-140.207,-11.673,288.691,1.0
54.05,128.059726,37.904143,4040.014272,-140.215,-11.89,288.478,1.0
54.0666,128.059683,37.90416,4039.8283440000005,-140.231,-12.107,288.266,1.0
54.0833,128.05964,37.904176,4039.625652,-140.254,-12.324,288.056,1.0
54.1,128.059597,37.904192,4039.4061960000004,-140.285,-12.541,287.846,1.0
54.1166,128.059554,37.904208,4039.1705856,-140.321,-12.757,287.637,1.0
54.1333,128.059511,37.904223,4038.9166872000005,-140.37,-12.975,287.43,1.0
54.15,128.059467,37.904239,4038.6466344000005,-140.429,-13.194,287.225,1.0
54.1666,128.059424,37.904255,4038.3595128,-140.499,-13.413,287.021,1.0
54.1833,128.059381,37.90427,4038.0553224,-140.578,-13.632,286.818,1.0
54.2,128.059337,37.904286,4037.7343680000004,-140.665,-13.852,286.617,1.0
54.2166,128.059294,37.904301,4037.3966496000003,-140.759,-14.072,286.417,1.0
54.2333,128.05925,37.904316,4037.0406432000004,-140.868,-14.294,286.218,1.0
54.25,128.059207,37.904332,4036.6678728,-140.989,-14.517,286.022,1.0
54.2666,128.059163,37.904347,4036.2777288,-141.123,-14.74,285.827,1.0
54.2833,128.05912,37.904362,4035.8705160000004,-141.267,-14.965,285.634,1.0
54.3,128.059076,37.904376,4035.4459296,-141.421,-15.19,285.442,1.0
54.3166,128.059032,37.904391,4035.0045792,-141.583,-15.416,285.251,1.0
54.3333,128.058989,37.904406,4034.5449408000004,-141.756,-15.643,285.062,1.0
54.35,128.058945,37.90442,4034.0685384000003,-141.939,-15.872,284.875,1.0
54.3666,128.058901,37.904435,4033.5747624000005,-142.131,-16.101,284.689,1.0
54.3833,128.058858,37.904449,4033.0636128,-142.331,-16.332,284.505,1.0
54.4,128.058814,37.904463,4032.5350896000004,-142.538,-16.563,284.322,1.0
54.4166,128.05877,37.904477,4031.9894976,-142.75,-16.796,284.141,1.0
54.4333,128.058726,37.904491,4031.4268368000003,-142.964,-17.029,283.961,1.0
54.45,128.058683,37.904505,4030.8471072,-143.179,-17.263,283.782,1.0
54.4666,128.058639,37.904519,4030.250004,-143.395,-17.499,283.604,1.0
54.4833,128.058595,37.904533,4029.6358320000004,-143.61,-17.735,283.428,1.0
54.5,128.058551,37.904546,4029.0045912,-143.826,-17.973,283.253,1.0
54.5166,128.058507,37.90456,4028.3559768,-144.042,-18.211,283.08,1.0
54.5333,128.058463,37.904573,4027.6915128,-144.247,-18.452,282.909,1.0
54.55,128.05842,37.904587,4027.0096752000004,-144.441,-18.694,282.742,1.0
54.5666,128.058376,37.9046,4026.3107688000005,-144.626,-18.938,282.577,1.0
54.5833,128.058332,37.904613,4025.5950984000006,-144.804,-19.184,282.414,1.0
54.6,128.058288,37.904626,4024.8623592000004,-144.977,-19.431,282.253,1.0
54.6166,128.058244,37.904639,4024.1122464000005,-145.145,-19.679,282.094,1.0
54.6333,128.0582,37.904652,4023.3465888,-145.299,-19.929,281.937,1.0
54.65,128.058156,37.904665,4022.5635576000004,-145.437,-20.179,281.782,1.0
54.6666,128.058112,37.904678,4021.7640671999998,-145.564,-20.431,281.629,1.0
54.6833,128.058068,37.90469,4020.9475079999997,-145.68,-20.683,281.477,1.0
54.7,128.058024,37.904703,4020.1138800000003,-145.788,-20.937,281.326,1.0
54.7166,128.05798,37.904715,4019.2631832,-145.888,-21.191,281.178,1.0
54.7333,128.057937,37.904727,4018.3963320000003,-145.977,-21.445,281.029,1.0
54.75,128.057893,37.90474,4017.5124120000005,-146.054,-21.699,280.882,1.0
54.7666,128.057849,37.904752,4016.6117280000003,-146.121,-21.954,280.735,1.0
54.7833,128.057805,37.904764,4015.6939752000003,-146.18,-22.209,280.589,1.0
54.8,128.057761,37.904776,4014.7591536,-146.232,-22.464,280.443,1.0
54.8166,128.057717,37.904788,4013.8072632000003,-146.277,-22.719,280.298,1.0
54.8333,128.057673,37.904799,4012.8389136,-146.313,-22.974,280.154,1.0
54.85,128.057629,37.904811,4011.8534952,-146.342,-23.23,280.01,1.0
54.8666,128.057585,37.904823,4010.851008,-146.363,-23.485,279.866,1.0
54.8833,128.057541,37.904834,4009.8314520000004,-146.378,-23.74,279.722,1.0
54.9,128.057498,37.904846,4008.795132,-146.389,-23.995,279.578,1.0
54.9166,128.057454,37.904857,4007.7414384000003,-146.394,-24.25,279.435,1.0
54.9333,128.05741,37.904868,4006.6706760000006,-146.396,-24.505,279.292,1.0
54.95,128.057366,37.904879,4005.58254,-146.395,-24.761,279.149,1.0
54.9666,128.057322,37.90489,4004.47764,-146.391,-25.016,279.007,1.0
54.9833,128.057279,37.904901,4003.3553664000005,-146.385,-25.271,278.864,1.0
55.0,128.057235,37.904912,4002.2157192000004,-146.378,-25.526,278.722,1.0
55.0166,128.057191,37.904923,4001.059308,-146.369,-25.781,278.579,1.0
55.0333,128.057147,37.904933,3999.8852184,-146.36,-26.036,278.436,1.0
55.05,128.057104,37.904944,3998.6940600000003,-146.35,-26.29,278.294,1.0
55.0666,128.05706,37.904954,3997.4858328000005,-146.341,-26.545,278.151,1.0
55.0833,128.057016,37.904965,3996.260232,-146.332,-26.8,278.008,1.0
55.1,128.056973,37.904975,3995.0175624000003,-146.323,-27.054,277.865,1.0
55.1166,128.056929,37.904985,3993.7575192000004,-146.314,-27.309,277.721,1.0
55.1333,128.056885,37.904995,3992.4801024000003,-146.307,-27.563,277.578,1.0
55.15,128.056842,37.905005,3991.1856168000004,-146.302,-27.818,277.434,1.0
55.1666,128.056798,37.905015,3989.8737576000003,-146.299,-28.072,277.291,1.0
55.1833,128.056755,37.905025,3988.5445248,-146.297,-28.327,277.146,1.0
55.2,128.056711,37.905035,3987.1982232000005,-146.297,-28.581,277.002,1.0
55.2166,128.056668,37.905044,3985.8348528,-146.299,-28.835,276.857,1.0
55.2333,128.056625,37.905054,3984.4541088,-146.301,-29.09,276.712,1.0
55.25,128.056581,37.905063,3983.056296,-146.305,-29.344,276.566,1.0
55.2666,128.056538,37.905072,3981.6414144000005,-146.31,-29.598,276.42,1.0
55.2833,128.056495,37.905081,3980.2091592,-146.316,-29.852,276.274,1.0
55.3,128.056451,37.905091,3978.7598352000005,-146.323,-30.106,276.127,1.0
55.3166,128.056408,37.9051,3977.2934424,-146.33,-30.36,275.98,1.0
55.3333,128.056365,37.905108,3975.8102856,-146.335,-30.614,275.832,1.0
55.35,128.056322,37.905117,3974.3100600000002,-146.34,-30.868,275.684,1.0
55.3666,128.056279,37.905126,3972.7927656,-146.342,-31.122,275.535,1.0
55.3833,128.056236,37.905135,3971.2584024000003,-146.344,-31.376,275.385,1.0
55.4,128.056193,37.905143,3969.7072752000004,-146.344,-31.629,275.235,1.0
55.4166,128.05615,37.905152,3968.1390792,-146.343,-31.883,275.084,1.0
55.4333,128.056107,37.90516,3966.5553384,-146.332,-32.135,274.932,1.0
55.45,128.056064,37.905168,3964.9545288,-146.311,-32.387,274.778,1.0
55.4666,128.056021,37.905176,3963.3372600000002,-146.281,-32.639,274.622,1.0
55.4833,128.055978,37.905184,3961.7035320000005,-146.243,-32.89,274.465,1.0
55.5,128.055936,37.905192,3960.05304,-146.197,-33.141,274.308,1.0
55.5166,128.055893,37.9052,3958.3860888000004,-146.144,-33.391,274.149,1.0
55.5333,128.05585,37.905208,3956.7038976000003,-146.078,-33.64,273.987,1.0
55.55,128.055808,37.905216,3955.0049424,-145.999,-33.887,273.822,1.0
55.5666,128.055765,37.905223,3953.2898328000006,-145.909,-34.132,273.654,1.0
55.5833,128.055723,37.905231,3951.5585688000006,-145.808,-34.377,273.483,1.0
55.6,128.05568,37.905238,3949.8108456000004,-145.696,-34.621,273.312,1.0
55.6166,128.055638,37.905245,3948.046968,-145.574,-34.864,273.139,1.0
55.6333,128.055596,37.905253,3946.2681552000004,-145.412,-35.102,272.958,1.0
55.65,128.055553,37.90526,3944.4744072000003,-145.213,-35.336,272.768,1.0
55.6666,128.055511,37.905267,3942.6666384,-144.976,-35.567,272.572,1.0
55.6833,128.055469,37.905274,3940.8430200000003,-144.706,-35.795,272.372,1.0
55.7,128.055427,37.905281,3939.0044664,-144.404,-36.022,272.169,1.0
55.7166,128.055384,37.905288,3937.1509776000003,-144.074,-36.248,271.965,1.0
55.7333,128.055342,37.905294,3935.283468,-143.708,-36.471,271.756,1.0
55.75,128.0553,37.905301,3933.4010232000005,-143.308,-36.691,271.542,1.0
55.7666,128.055258,37.905308,3931.5033384000003,-142.879,-36.909,271.325,1.0
55.7833,128.055217,37.905314,3929.5910232,-142.423,-37.124,271.105,1.0
55.8,128.055175,37.90532,3927.6637728,-141.943,-37.338,270.883,1.0
55.8166,128.055133,37.905327,3925.7212824000003,-141.443,-37.549,270.659,1.0
55.8333,128.055091,37.905333,3923.7659904,-140.868,-37.744,270.436,1.0
55.85,128.055049,37.905339,3921.7972872000005,-140.225,-37.913,270.223,1.0
55.8666,128.055008,37.905345,3919.8160872000003,-139.515,-38.062,270.019,1.0
55.8833,128.054966,37.905351,3917.8226952,-138.735,-38.196,269.821,1.0
55.9,128.054925,37.905357,3915.8177208,-137.885,-38.32,269.625,1.0
55.9166,128.054883,37.905363,3913.8014688000003,-136.965,-38.436,269.43,1.0
55.9333,128.054841,37.905368,3911.774244,-135.986,-38.535,269.247,1.0
55.95,128.0548,37.905374,3909.7363511999997,-134.957,-38.609,269.088,1.0
55.9666,128.054758,37.90538,3907.6880952,-133.889,-38.648,268.966,1.0
55.9833,128.054717,37.905385,3905.6300856,-132.791,-38.647,268.891,1.0
56.0,128.054676,37.905391,3903.5620176,-131.661,-38.614,268.855,1.0
56.0166,128.054634,37.905396,3901.4838912000005,-130.494,-38.557,268.846,1.0
56.0333,128.054593,37.905401,3899.3960112,-129.283,-38.492,268.861,1.0
56.05,128.054551,37.905407,3897.2977680000004,-128.034,-38.423,268.894,1.0
56.0666,128.05451,37.905412,3895.1900760000003,-126.754,-38.352,268.94,1.0
56.0833,128.054469,37.905417,3893.0720208000002,-125.449,-38.281,268.994,1.0
56.1,128.054427,37.905422,3890.9445168,-124.124,-38.209,269.053,1.0
56.1166,128.054386,37.905427,3888.8078688000005,-122.783,-38.136,269.117,1.0
56.1333,128.054345,37.905432,3886.6611624000006,-121.435,-38.056,269.179,1.0
56.15,128.054304,37.905436,3884.5056168000006,-120.081,-37.97,269.238,1.0
56.1666,128.054263,37.905441,3882.3415368,-118.718,-37.879,269.296,1.0
56.1833,128.054221,37.905446,3880.1689224,-117.345,-37.784,269.353,1.0
56.2,128.05418,37.90545,3877.9880784000006,-115.957,-37.687,269.41,1.0
56.2166,128.054139,37.905455,3875.7993096000005,-114.556,-37.589,269.467,1.0
56.2333,128.054098,37.905459,3873.6023112000003,-113.208,-37.497,269.528,1.0
56.25,128.054057,37.905463,3871.3976928,-111.913,-37.412,269.591,1.0
56.2666,128.054015,37.905468,3869.1848448,-110.666,-37.331,269.656,1.0
56.2833,128.053974,37.905472,3866.9637672,-109.462,-37.252,269.721,1.0
56.3,128.053933,37.905476,3864.7353744,-108.296,-37.174,269.786,1.0
56.3166,128.053892,37.90548,3862.4993616,-107.162,-37.096,269.849,1.0
56.3333,128.053851,37.905484,3860.2563384,-105.992,-37.01,269.909,1.0
56.35,128.05381,37.905487,3858.0066096000005,-104.784,-36.915,269.966,1.0
56.3666,128.053769,37.905491,3855.7510896000003,-103.534,-36.816,270.021,1.0
56.3833,128.053727,37.905495,3853.4894736000006,-102.244,-36.715,270.073,1.0
56.4,128.053686,37.905498,3851.2223712000005,-100.915,-36.615,270.125,1.0
56.4166,128.053645,37.905502,3848.9497824000005,-99.549,-36.516,270.177,1.0
56.4333,128.053604,37.905506,3846.6714024000003,-98.106,-36.413,270.228,1.0
56.45,128.053563,37.905509,3844.3884504000002,-96.586,-36.307,270.278,1.0
56.4666,128.053522,37.905513,3842.1000120000003,-94.997,-36.2,270.328,1.0
56.4833,128.05348,37.905516,3839.8070016,-93.346,-36.093,270.379,1.0
56.5,128.053439,37.90552,3837.5088096000004,-91.642,-35.989,270.43,1.0
56.5166,128.053398,37.905523,3835.2060456000004,-89.892,-35.887,270.483,1.0
56.5333,128.053356,37.905526,3832.8984048,-88.069,-35.783,270.538,1.0
56.55,128.053315,37.90553,3830.5855824000005,-86.176,-35.679,270.595,1.0
56.5666,128.053274,37.905533,3828.2684928,-84.215,-35.575,270.655,1.0
56.5833,128.053232,37.905537,3825.9462215999997,-82.191,-35.47,270.718,1.0
56.6,128.053191,37.90554,3823.6196832,-80.115,-35.367,270.783,1.0
56.6166,128.05315,37.905543,3821.2885728,-77.992,-35.265,270.851,1.0
56.6333,128.053108,37.905547,3818.9522808,-75.809,-35.164,270.922,1.0
56.65,128.053067,37.90555,3816.6114168000004,-73.567,-35.064,270.998,1.0
56.6666,128.053025,37.905554,3814.2653712000006,-71.268,-34.964,271.078,1.0
56.6833,128.052984,37.905557,3811.9144488000006,-68.914,-34.866,271.161,1.0
56.7,128.052942,37.90556,3809.5586496,-66.507,-34.77,271.249,1.0
56.7166,128.052901,37.905564,3807.1976688000004,-64.05,-34.677,271.341,1.0
56.7333,128.052859,37.905567,3804.8315064000003,-61.545,-34.587,271.436,1.0
56.75,128.052817,37.90557,3802.4601624000006,-58.992,-34.501,271.536,1.0
56.7666,128.052776,37.905574,3800.083332,-56.393,-34.418,271.639,1.0
56.7833,128.052734,37.905577,3797.7010152,-53.75,-34.34,271.745,1.0
56.8,128.052693,37.905581,3795.3132120000005,-51.065,-34.267,271.853,1.0
56.8166,128.052651,37.905584,3792.9196176,-48.338,-34.2,271.964,1.0
56.8333,128.052609,37.905588,3790.5202320000003,-45.571,-34.139,272.076,1.0
56.85,128.052567,37.905591,3788.1147504000005,-42.766,-34.083,272.189,1.0
56.8666,128.052526,37.905595,3785.7034776000005,-39.924,-34.035,272.302,1.0
56.8833,128.052484,37.905598,3783.285804,-37.045,-33.993,272.415,1.0
56.9,128.052442,37.905602,3780.8617296,-34.131,-33.958,272.526,1.0
56.9166,128.052401,37.905605,3778.4312544,-31.185,-33.93,272.635,1.0
56.9333,128.052359,37.905609,3775.9959024000004,-28.223,-33.897,272.731,1.0
56.95,128.052317,37.905612,3773.5562832,-25.25,-33.845,272.806,1.0
56.9666,128.052275,37.905616,3771.1114824,-22.269,-33.766,272.862,1.0
56.9833,128.052234,37.905619,3768.6611952000003,-19.288,-33.669,272.907,1.0
57.0,128.052192,37.905623,3766.2057264,-16.313,-33.56,272.948,1.0
57.0166,128.05215,37.905626,3763.7447712000003,-13.348,-33.446,272.988,1.0
57.0333,128.052108,37.90563,3761.2816824,-10.479,-33.313,273.014,1.0
57.05,128.052066,37.905633,3758.8161552,-7.704,-33.146,273.025,1.0
57.0666,128.052024,37.905637,3756.349104,-5.021,-32.935,273.03,1.0
57.0833,128.051982,37.90564,3753.8811384,-2.426,-32.692,273.04,1.0
57.1,128.05194,37.905644,3751.4131728,0.086,-32.43,273.062,1.0
57.1166,128.051898,37.905647,3748.9427688000005,2.526,-32.159,273.101,1.0
57.1333,128.051856,37.90565,3746.475108,4.791,-31.863,273.14,1.0
57.15,128.051814,37.905654,3744.009276,6.89,-31.527,273.184,1.0
57.1666,128.051772,37.905657,3741.5471016,8.839,-31.152,273.242,1.0
57.1833,128.051729,37.905661,3739.0888896000006,10.653,-30.753,273.322,1.0
57.2,128.051687,37.905664,3736.6352496,12.351,-30.344,273.424,1.0
57.2166,128.051645,37.905668,3734.1837432,13.953,-29.934,273.549,1.0
57.2333,128.051602,37.905671,3731.7398568000003,15.392,-29.506,273.688,1.0
57.25,128.05156,37.905675,3729.3023712000004,16.686,-29.053,273.843,1.0
57.2666,128.051517,37.905678,3726.8731152,17.854,-28.583,274.016,1.0
57.2833,128.051474,37.905682,3724.4502600000005,18.917,-28.11,274.206,1.0
57.3,128.051432,37.905685,3722.0338056000005,19.891,-27.64,274.413,1.0
57.3166,128.051389,37.905689,3719.6234472,20.796,-27.18,274.633,1.0
57.3333,128.051346,37.905692,3717.2228424,21.605,-26.729,274.86,1.0
57.35,128.051303,37.905696,3714.8310768,22.332,-26.288,275.09,1.0
57.3666,128.05126,37.9057,3712.447236,22.991,-25.858,275.324,1.0
57.3833,128.051217,37.905704,3710.07132,23.594,-25.44,275.563,1.0
57.4,128.051173,37.905707,3707.7036336,24.151,-25.036,275.807,1.0
57.4166,128.05113,37.905711,3705.3441768000002,24.674,-24.644,276.054,1.0
57.4333,128.051087,37.905715,3702.9917304000005,25.21,-24.266,276.309,1.0
57.45,128.051043,37.905719,3700.6465992,25.765,-23.901,276.571,1.0
57.4666,128.051,37.905723,3698.3081736000004,26.343,-23.55,276.837,1.0
57.4833,128.050956,37.905727,3695.9758440000005,26.944,-23.209,277.104,1.0
57.5,128.050912,37.905731,3693.6517440000002,27.567,-22.879,277.37,1.0
57.5166,128.050869,37.905735,3691.3349592000004,28.209,-22.558,277.635,1.0
57.5333,128.050825,37.90574,3689.0279280000004,28.835,-22.245,277.895,1.0
57.55,128.050781,37.905744,3686.7306504000003,29.442,-21.938,278.15,1.0
57.5666,128.050737,37.905748,3684.443736,30.029,-21.64,278.402,1.0
57.5833,128.050693,37.905753,3682.1665752000004,30.597,-21.351,278.653,1.0
57.6,128.050649,37.905757,3679.8994728000002,31.146,-21.07,278.903,1.0
57.6166,128.050605,37.905762,3677.6424288,31.679,-20.797,279.154,1.0
57.6333,128.05056,37.905767,3675.397272,32.172,-20.531,279.403,1.0
57.65,128.050516,37.905771,3673.1643072,32.629,-20.27,279.649,1.0
57.6666,128.050472,37.905776,3670.9417056000007,33.054,-20.015,279.895,1.0
57.6833,128.050427,37.905781,3668.7306864,33.451,-19.767,280.141,1.0
57.7,128.050383,37.905786,3666.53064,33.824,-19.524,280.387,1.0
57.7166,128.050338,37.905791,3664.3415664000004,34.177,-19.287,280.633,1.0
57.7333,128.050294,37.905797,3662.1655992,34.499,-19.055,280.879,1.0
57.75,128.050249,37.905802,3660.0006048000005,34.794,-18.827,281.124,1.0
57.7666,128.050204,37.905807,3657.8474976,35.066,-18.602,281.368,1.0
57.7833,128.050159,37.905813,3655.7059728000004,35.318,-18.382,281.611,1.0
57.8,128.050114,37.905818,3653.5757256,35.553,-18.166,281.855,1.0
57.8166,128.050069,37.905824,3651.4570608,35.775,-17.954,282.098,1.0
57.8333,128.050024,37.90583,3649.3508928,35.981,-17.745,282.341,1.0
57.85,128.049979,37.905836,3647.2560024000004,36.172,-17.539,282.582,1.0
57.8666,128.049934,37.905842,3645.1726943999997,36.352,-17.337,282.823,1.0
57.8833,128.049889,37.905848,3643.1012736000002,36.522,-17.137,283.063,1.0
57.9,128.049844,37.905854,3641.0414352000003,36.683,-16.94,283.301,1.0
57.9166,128.049798,37.905861,3638.993484,36.838,-16.746,283.54,1.0
57.9333,128.049753,37.905867,3636.9577248,36.984,-16.554,283.777,1.0
57.95,128.049708,37.905874,3634.9335480000004,37.123,-16.364,284.012,1.0
57.9666,128.049662,37.90588,3632.9212584,37.254,-16.176,284.246,1.0
57.9833,128.049617,37.905887,3630.9211608,37.379,-15.991,284.48,1.0
58.0,128.049571,37.905894,3628.9326456000003,37.499,-15.807,284.712,1.0
58.0166,128.049526,37.905901,3626.9563224000003,37.615,-15.625,284.944,1.0
58.0333,128.04948,37.905908,3624.9918864,37.725,-15.444,285.175,1.0
58.05,128.049434,37.905915,3623.0396424,37.831,-15.265,285.404,1.0
58.0666,128.049389,37.905922,3621.0992856,37.933,-15.087,285.633,1.0
58.0833,128.049343,37.90593,3619.1708160000003,38.031,-14.91,285.861,1.0
58.1,128.049297,37.905937,3617.2548432000003,38.126,-14.734,286.089,1.0
58.1166,128.049251,37.905945,3615.3507576,38.218,-14.559,286.315,1.0
58.1333,128.049206,37.905953,3613.458864,38.306,-14.386,286.541,1.0
58.15,128.04916,37.905961,3611.5788576000004,38.392,-14.213,286.766,1.0
58.1666,128.049114,37.905969,3609.7113480000003,38.474,-14.041,286.99,1.0
58.1833,128.049068,37.905977,3607.8560304000002,38.554,-13.87,287.213,1.0
58.2,128.049022,37.905985,3606.0129048000003,38.632,-13.699,287.436,1.0
58.2166,128.048976,37.905994,3604.1819712000006,38.707,-13.53,287.657,1.0
58.2333,128.04893,37.906002,3602.3632296,38.78,-13.361,287.878,1.0
58.25,128.048884,37.906011,3600.5569848000005,38.851,-13.193,288.098,1.0
58.2666,128.048838,37.906019,3598.762932,38.92,-13.025,288.318,1.0
58.2833,128.048791,37.906028,3596.9810712000003,38.988,-12.859,288.536,1.0
58.3,128.048745,37.906037,3595.2117072,39.053,-12.692,288.754,1.0
58.3166,128.048699,37.906046,3593.4545352000005,39.117,-12.527,288.971,1.0
58.3333,128.048653,37.906055,3591.7098600000004,39.18,-12.362,289.188,1.0
58.35,128.048607,37.906065,3589.9776816000003,39.24,-12.197,289.404,1.0
58.3666,128.04856,37.906074,3588.2576952,39.3,-12.033,289.619,1.0
58.3833,128.048514,37.906084,3586.5502056000005,39.357,-11.869,289.833,1.0
58.4,128.048468,37.906093,3584.8552128,39.414,-11.706,290.047,1.0
58.4166,128.048422,37.906103,3583.1727168,39.47,-11.543,290.26,1.0
58.4333,128.048375,37.906113,3581.5024128,39.524,-11.38,290.473,1.0
58.45,128.048329,37.906123,3579.8449104,39.577,-11.218,290.685,1.0
58.4666,128.048283,37.906133,3578.1996000000004,39.629,-11.056,290.897,1.0
58.4833,128.048236,37.906144,3576.5670912,39.68,-10.895,291.107,1.0
58.5,128.04819,37.906154,3574.9470792,39.73,-10.734,291.318,1.0
58.5166,128.048144,37.906164,3573.3392592,39.78,-10.573,291.527,1.0
58.5333,128.048097,37.906175,3571.7442408,39.828,-10.412,291.737,1.0
58.55,128.048051,37.906186,3570.1617192000003,39.876,-10.252,291.945,1.0
58.5666,128.048004,37.906197,3568.5916944,39.923,-10.092,292.153,1.0
58.5833,128.047958,37.906208,3567.0344712000006,39.969,-9.932,292.361,1.0
58.6,128.047912,37.906219,3565.4897448,40.015,-9.772,292.568,1.0
58.6166,128.047865,37.90623,3563.9575152,40.06,-9.613,292.775,1.0
58.6333,128.047819,37.906241,3562.4377824000003,40.104,-9.453,292.981,1.0
58.65,128.047772,37.906253,3560.9308512,40.149,-9.294,293.186,1.0
58.6666,128.047726,37.906265,3559.4364168,40.193,-9.134,293.391,1.0
58.6833,128.047679,37.906276,3557.954784,40.236,-8.975,293.596,1.0
58.7,128.047633,37.906288,3556.4856480000003,40.279,-8.816,293.799,1.0
58.7166,128.047587,37.9063,3555.0293136,40.322,-8.657,294.003,1.0
58.7333,128.04754,37.906312,3553.585476,40.364,-8.498,294.206,1.0
58.75,128.047494,37.906324,3552.15444,40.407,-8.338,294.408,1.0
58.7666,128.047447,37.906337,3550.7362056000006,40.449,-8.179,294.609,1.0
58.7833,128.047401,37.906349,3549.330468,40.491,-8.019,294.81,1.0
58.8,128.047354,37.906362,3547.9375320000004,40.532,-7.86,295.011,1.0
58.8166,128.047308,37.906375,3546.5570928,40.573,-7.7,295.211,1.0
58.8333,128.047262,37.906387,3545.18976,40.613,-7.54,295.41,1.0
58.85,128.047215,37.9064,3543.834924,40.653,-7.38,295.609,1.0
58.8666,128.047169,37.906413,3542.4928896000006,40.693,-7.22,295.807,1.0
58.8833,128.047123,37.906427,3541.1636568000004,40.732,-7.06,296.005,1.0
58.9,128.047076,37.90644,3539.8472256000005,40.771,-6.9,296.203,1.0
58.9166,128.04703,37.906453,3538.5432912,40.808,-6.74,296.4,1.0
58.9333,128.046984,37.906467,3537.2527680000003,40.844,-6.579,296.596,1.0
58.95,128.046937,37.906481,3535.9747416000005,40.879,-6.418,296.792,1.0
58.9666,128.046891,37.906495,3534.7098216,40.912,-6.257,296.987,1.0
58.9833,128.046845,37.906509,3533.4573984000003,40.943,-6.095,297.181,1.0
59.0,128.046799,37.906523,3532.2180816,40.973,-5.934,297.375,1.0
59.0166,128.046752,37.906537,3530.9915664000005,41.0,-5.772,297.569,1.0
59.0333,128.046706,37.906551,3529.7787672,41.023,-5.61,297.762,1.0
59.05,128.04666,37.906566,3528.5784648,41.041,-5.447,297.954,1.0
59.0666,128.046614,37.90658,3527.3915736000004,41.055,-5.284,298.145,1.0
59.0833,128.046568,37.906595,3526.2174840000002,41.064,-5.12,298.336,1.0
59.1,128.046522,37.90661,3525.0565008000003,41.07,-4.956,298.527,1.0
59.1166,128.046476,37.906625,3523.9083192000003,41.071,-4.792,298.717,1.0
59.1333,128.04643,37.90664,3522.7738536,41.073,-4.626,298.904,1.0
59.15,128.046384,37.906655,3521.6521896000004,41.076,-4.456,299.088,1.0
59.1666,128.046338,37.90667,3520.5436320000003,41.077,-4.284,299.269,1.0
59.1833,128.046292,37.906686,3519.4484856,41.073,-4.111,299.448,1.0
59.2,128.046246,37.906701,3518.3664456,41.064,-3.937,299.627,1.0
59.2166,128.0462,37.906717,3517.2975120000006,41.05,-3.763,299.806,1.0
59.2333,128.046154,37.906733,3516.2425992,41.029,-3.588,299.984,1.0
59.25,128.046108,37.906749,3515.2007928000003,41.002,-3.412,300.16,1.0
59.2666,128.046063,37.906765,3514.1723976000003,40.969,-3.235,300.336,1.0
59.2833,128.046017,37.906781,3513.1571088,40.93,-3.058,300.511,1.0
59.3,128.045971,37.906797,3512.155536,40.885,-2.88,300.685,1.0
59.3166,128.045926,37.906814,3511.1670696,40.835,-2.703,300.86,1.0
59.3333,128.04588,37.90683,3510.1932336,40.7,-2.524,301.019,1.0
59.35,128.045834,37.906847,3509.2340280000003,40.482,-2.344,301.161,1.0
59.3666,128.045789,37.906864,3508.2909768,40.177,-2.163,301.292,1.0
59.3833,128.045743,37.906881,3507.3640800000003,39.782,-1.981,301.417,1.0
59.4,128.045698,37.906898,3506.4539472,39.298,-1.798,301.54,1.0
59.4166,128.045653,37.906915,3505.5617976000003,38.735,-1.615,301.661,1.0
59.4333,128.045607,37.906932,3504.6848880000002,38.124,-1.428,301.788,1.0
59.45,128.045562,37.90695,3503.8235232,37.476,-1.237,301.921,1.0
59.4666,128.045517,37.906967,3502.978008,36.8,-1.042,302.058,1.0
59.4833,128.045472,37.906985,3502.1480376,36.105,-0.844,302.197,1.0
59.5,128.045427,37.907003,3501.3336120000004,35.394,-0.642,302.335,1.0
59.5166,128.045382,37.907021,3500.535036,34.674,-0.438,302.471,1.0
59.5333,128.045337,37.907039,3499.7504808,33.982,-0.231,302.611,1.0
59.55,128.045292,37.907057,3498.980556,33.318,-0.02,302.752,1.0
59.5666,128.045247,37.907075,3498.2243472,32.682,0.193,302.894,1.0
59.5833,128.045202,37.907093,3497.4827688000005,32.072,0.411,303.033,1.0
59.6,128.045157,37.907112,3496.7564304,31.485,0.632,303.168,1.0
59.6166,128.045112,37.90713,3496.0450272000003,30.916,0.856,303.298,1.0
59.6333,128.045067,37.907149,3495.3506928,30.344,1.084,303.422,1.0
59.65,128.045023,37.907167,3494.6731224,29.765,1.315,303.54,1.0
59.6666,128.044978,37.907186,3494.0120112,29.178,1.548,303.652,1.0
59.6833,128.044933,37.907205,3493.3673592,28.582,1.783,303.759,1.0
59.7,128.044889,37.907224,3492.7397760000003,27.975,2.02,303.863,1.0
59.7166,128.044844,37.907243,3492.1289568,27.36,2.258,303.963,1.0
59.7333,128.0448,37.907262,3491.5336824000005,26.81,2.493,304.069,1.0
59.75,128.044755,37.907282,3490.9533432000003,26.327,2.725,304.181,1.0
59.7666,128.044711,37.907301,3490.3873296,25.906,2.956,304.295,1.0
59.7833,128.044666,37.90732,3489.8356416,25.543,3.187,304.408,1.0
59.8,128.044622,37.90734,3489.2967552000005,25.232,3.421,304.517,1.0
59.8166,128.044577,37.907359,3488.7731088,24.964,3.657,304.622,1.0
59.8333,128.044533,37.907379,3488.2619592,24.785,3.888,304.736,1.0
59.85,128.044489,37.907398,3487.7633064,24.687,4.114,304.861,1.0
59.8666,128.044444,37.907418,3487.276236,24.664,4.337,304.99,1.0
59.8833,128.0444,37.907438,3486.8013576000003,24.711,4.559,305.121,1.0
59.9,128.044356,37.907458,3486.3405000000002,24.821,4.78,305.25,1.0
59.9166,128.044312,37.907478,3485.8930536,24.984,5.001,305.376,1.0
59.9333,128.044267,37.907498,3485.4565800000005,25.234,5.219,305.506,1.0
59.95,128.044223,37.907518,3485.0316888,25.562,5.433,305.641,1.0
59.9666,128.044179,37.907538,3484.6186848,25.959,5.643,305.779,1.0
59.9833,128.044135,37.907558,3484.2190920000003,26.416,5.852,305.917,1.0
60.0,128.044091,37.907578,3483.8326056000005,26.925,6.059,306.055,1.0
60.0166,128.044047,37.907599,3483.4595304000004,27.475,6.264,306.193,1.0
60.0333,128.044003,37.907619,3483.0968184000003,28.112,6.449,306.328,1.0
60.05,128.043959,37.907639,3482.7450792,28.828,6.608,306.459,1.0
60.0666,128.043915,37.90766,3482.4037032000006,29.623,6.746,306.586,1.0
60.0833,128.043871,37.90768,3482.0714712000004,30.497,6.871,306.711,1.0
60.1,128.043827,37.907701,3481.7496024,31.446,6.988,306.838,1.0
60.1166,128.043783,37.907722,3481.4384016,32.465,7.099,306.967,1.0
60.1333,128.043739,37.907742,3481.1357352000005,33.555,7.199,307.095,1.0
60.15,128.043696,37.907763,3480.8431272000003,34.711,7.289,307.223,1.0
60.1666,128.043652,37.907784,3480.5596632,35.932,7.371,307.352,1.0
60.1833,128.043608,37.907805,3480.2859528000004,37.21,7.446,307.484,1.0
60.2,128.043564,37.907826,3480.0226056000006,38.537,7.517,307.619,1.0
60.2166,128.043521,37.907847,3479.7687072000003,39.904,7.584,307.756,1.0
60.2333,128.043477,37.907868,3479.5224288,41.327,7.64,307.894,1.0
60.25,128.043433,37.90789,3479.2846848000004,42.801,7.684,308.033,1.0
60.2666,128.04339,37.907911,3479.05578,44.321,7.719,308.173,1.0
60.2833,128.043346,37.907932,3478.8351048000004,45.882,7.748,308.317,1.0
60.3,128.043303,37.907954,3478.6226592000003,47.478,7.77,308.463,1.0
60.3166,128.04326,37.907975,3478.4184432,49.104,7.788,308.613,1.0
60.3333,128.043216,37.907997,3478.2197136,50.779,7.789,308.757,1.0
60.35,128.043173,37.908019,3478.0273848,52.499,7.774,308.896,1.0
60.3666,128.04313,37.908041,3477.841152,54.267,7.745,309.032,1.0
60.3833,128.043087,37.908062,3477.6604056000006,56.084,7.707,309.168,1.0
60.4,128.043043,37.908084,3477.4848408000003,57.949,7.659,309.307,1.0
60.4166,128.043,37.908106,3477.3141528,59.86,7.601,309.45,1.0
60.4333,128.042957,37.908128,3477.1474272,61.816,7.524,309.582,1.0
60.45,128.042914,37.908151,3476.984664,63.813,7.42,309.69,1.0
60.4666,128.042871,37.908173,3476.8252536,65.853,7.291,309.779,1.0
60.4833,128.042828,37.908195,3476.6688912000004,67.938,7.14,309.857,1.0
60.5,128.042785,37.908217,3476.5155768,70.069,6.971,309.932,1.0
60.5166,128.042742,37.90824,3476.3640912,72.248,6.783,310.009,1.0
60.5333,128.0427,37.908262,3476.2144344000003,74.474,6.571,310.069,1.0
60.55,128.042657,37.908285,3476.0663016,76.746,6.331,310.101,1.0
60.5666,128.042614,37.908308,3475.9190832,79.065,6.067,310.108,1.0
60.5833,128.042571,37.90833,3475.7724744,81.435,5.78,310.101,1.0
60.6,128.042528,37.908353,3475.6261704000003,83.857,5.472,310.085,1.0
60.6166,128.042486,37.908376,3475.4801712000003,86.333,5.143,310.062,1.0
60.6333,128.042443,37.908399,3475.3338672,88.863,4.795,310.024,1.0
60.65,128.0424,37.908421,3475.1866488000005,91.448,4.427,309.97,1.0
60.6666,128.042357,37.908444,3475.0391256000003,94.089,4.041,309.901,1.0
60.6833,128.042314,37.908467,3474.8903832,96.787,3.64,309.818,1.0
60.7,128.042272,37.90849,3474.7407264,99.542,3.223,309.72,1.0
60.7166,128.042229,37.908513,3474.5895456000003,102.355,2.794,309.607,1.0
60.7333,128.042186,37.908536,3474.4371456000003,105.223,2.352,309.484,1.0
60.75,128.042143,37.90856,3474.2829168000003,108.147,1.901,309.351,1.0
60.7666,128.0421,37.908583,3474.1274688000003,111.123,1.444,309.203,1.0
60.7833,128.042057,37.908606,3473.970192,114.151,0.985,309.038,1.0
60.8,128.042015,37.908629,3473.8113912000003,117.228,0.528,308.853,1.0
60.8166,128.041972,37.908652,3473.6504568,120.347,0.077,308.65,1.0
60.8333,128.041929,37.908675,3473.4864744,123.474,-0.369,308.444,1.0
60.85,128.041886,37.908699,3473.319444,126.602,-0.819,308.249,1.0
60.8666,128.041843,37.908722,3473.1481464000003,129.728,-1.268,308.061,1.0
60.8833,128.0418,37.908745,3472.9738008000004,132.851,-1.706,307.872,1.0
60.9,128.041757,37.908768,3472.7957976000002,135.97,-2.128,307.677,1.0
60.9166,128.041714,37.908792,3472.613832,139.083,-2.528,307.475,1.0
60.9333,128.041671,37.908815,3472.4254656000003,142.112,-2.913,307.286,1.0
60.95,128.041628,37.908838,3472.2310032000005,145.056,-3.296,307.123,1.0
60.9666,128.041585,37.908862,3472.0289208000004,147.927,-3.68,306.984,1.0
60.9833,128.041542,37.908885,3471.8189136,150.738,-4.057,306.864,1.0
61.0,128.041499,37.908909,3471.601896,153.498,-4.418,306.758,1.0
61.0166,128.041456,37.908932,3471.3775632,156.216,-4.759,306.664,1.0
61.0333,128.041413,37.908956,3471.1425624000003,158.776,-5.092,306.601,1.0
61.05,128.04137,37.908979,3470.8968936,161.187,-5.434,306.575,1.0
61.0666,128.041327,37.909003,3470.6390328,163.474,-5.791,306.585,1.0
61.0833,128.041285,37.909027,3470.3686752000003,165.659,-6.156,306.624,1.0
61.1,128.041242,37.90905,3470.085516,167.759,-6.52,306.687,1.0
61.1166,128.041199,37.909074,3469.7916888000004,169.771,-6.88,306.756,1.0
61.1333,128.041156,37.909097,3469.4817072,171.592,-7.254,306.831,1.0
61.15,128.041113,37.909121,3469.1564856,173.232,-7.658,306.905,1.0
61.1666,128.04107,37.909145,3468.8148048000003,174.715,-8.085,306.967,1.0
61.1833,128.041027,37.909168,3468.4587984000004,176.067,-8.525,307.012,1.0
61.2,128.040985,37.909192,3468.0881616,177.319,-8.969,307.035,1.0
61.2166,128.040942,37.909216,3467.7031992,178.495,-9.412,307.039,1.0
61.2333,128.040899,37.90924,3467.2999488000005,179.562,-9.863,307.032,1.0
61.25,128.040856,37.909263,3466.8793248,-179.459,-10.32,307.016,1.0
61.2666,128.040814,37.909287,3466.4437656,-178.552,-10.778,306.989,1.0
61.2833,128.040771,37.909311,3465.9917472,-177.7,-11.232,306.951,1.0
61.3,128.040728,37.909334,3465.5238792,-176.892,-11.68,306.902,1.0
61.3166,128.040685,37.909358,3465.0398568,-176.114,-12.12,306.842,1.0
61.3333,128.040643,37.909382,3464.5369368,-175.383,-12.552,306.775,1.0
61.35,128.0406,37.909406,3464.0172528000003,-174.692,-12.976,306.703,1.0
61.3666,128.040557,37.909429,3463.4801952000003,-174.032,-13.392,306.626,1.0
61.3833,128.040515,37.909453,3462.9260688000004,-173.396,-13.799,306.542,1.0
61.4,128.040472,37.909477,3462.354264,-172.78,-14.198,306.452,1.0
61.4166,128.040429,37.9095,3461.7650856,-172.178,-14.589,306.356,1.0
61.4333,128.040386,37.909524,3461.1567048,-171.596,-14.973,306.256,1.0
61.45,128.040344,37.909548,3460.5309504,-171.032,-15.35,306.153,1.0
61.4666,128.040301,37.909571,3459.8866032000005,-170.481,-15.72,306.046,1.0
61.4833,128.040258,37.909595,3459.2242728,-169.942,-16.083,305.935,1.0
61.5,128.040216,37.909618,3458.5436544,-169.411,-16.44,305.82,1.0
61.5166,128.040173,37.909642,3457.8444432,-168.886,-16.79,305.702,1.0
61.5333,128.04013,37.909665,3457.1287728,-168.287,-17.133,305.571,1.0
61.55,128.040088,37.909689,3456.3963384000003,-167.615,-17.468,305.428,1.0
61.5666,128.040045,37.909712,3455.6477496,-166.876,-17.796,305.277,1.0
61.5833,128.040003,37.909736,3454.883616,-166.078,-18.118,305.122,1.0
61.6,128.03996,37.909759,3454.1036328000005,-165.228,-18.435,304.965,1.0
61.6166,128.039917,37.909782,3453.3065808,-164.336,-18.746,304.807,1.0
61.6333,128.039875,37.909806,3452.4912408,-163.44,-19.053,304.65,1.0
61.65,128.039832,37.909829,3451.6579176,-162.546,-19.355,304.494,1.0
61.6666,128.039789,37.909852,3450.8050872000003,-161.657,-19.652,304.336,1.0
61.6833,128.039747,37.909876,3449.9339688000005,-160.775,-19.943,304.175,1.0
61.7,128.039704,37.909899,3449.0445624000004,-159.9,-20.228,304.009,1.0
61.7166,128.039661,37.909922,3448.1365632,-159.03,-20.508,303.839,1.0
61.7333,128.039619,37.909945,3447.2081424,-158.216,-20.784,303.668,1.0
61.75,128.039576,37.909968,3446.2599096000004,-157.455,-21.058,303.498,1.0
61.7666,128.039533,37.909991,3445.2903408,-156.74,-21.329,303.326,1.0
61.7833,128.03949,37.910013,3444.3012648,-156.065,-21.596,303.15,1.0
61.8,128.039448,37.910036,3443.2926816,-155.423,-21.858,302.968,1.0
61.8166,128.039405,37.910059,3442.2642864000004,-154.807,-22.117,302.78,1.0
61.8333,128.039362,37.910082,3441.2148600000005,-154.245,-22.373,302.591,1.0
61.85,128.03932,37.910104,3440.1440976000004,-153.731,-22.628,302.401,1.0
61.8666,128.039277,37.910126,3439.0535232,-153.258,-22.882,302.209,1.0
61.8833,128.039234,37.910149,3437.9431368000005,-152.819,-23.132,302.014,1.0
61.9,128.039192,37.910171,3436.8132432,-152.407,-23.38,301.814,1.0
61.9166,128.039149,37.910193,3435.6638424,-152.017,-23.625,301.611,1.0
61.9333,128.039106,37.910215,3434.4934104,-151.656,-23.868,301.407,1.0
61.95,128.039064,37.910237,3433.3040808,-151.318,-24.11,301.2,1.0
61.9666,128.039021,37.910259,3432.0952440000005,-151.0,-24.35,300.992,1.0
61.9833,128.038978,37.910281,3430.8669,-150.698,-24.588,300.782,1.0
62.0,128.038935,37.910303,3429.6196584,-150.408,-24.825,300.571,1.0
62.0166,128.038893,37.910325,3428.3532144000005,-150.129,-25.06,300.358,1.0
62.0333,128.03885,37.910346,3427.0672632,-149.862,-25.293,300.144,1.0
62.05,128.038807,37.910368,3425.7624144000006,-149.606,-25.524,299.93,1.0
62.0666,128.038764,37.910389,3424.4386680000002,-149.358,-25.755,299.715,1.0
62.0833,128.038722,37.91041,3423.096024,-149.117,-25.984,299.499,1.0
62.1,128.038679,37.910432,3421.7347872000005,-148.882,-26.211,299.283,1.0
62.1166,128.038636,37.910453,3420.3543480000003,-148.653,-26.437,299.066,1.0
62.1333,128.038594,37.910474,3418.955316,-148.428,-26.661,298.849,1.0
62.15,128.038551,37.910495,3417.5376912,-148.209,-26.885,298.632,1.0
62.1666,128.038508,37.910516,3416.1014736,-147.994,-27.107,298.415,1.0
62.1833,128.038465,37.910536,3414.6466632,-147.782,-27.328,298.197,1.0
62.2,128.038423,37.910557,3413.1732600000005,-147.574,-27.548,297.979,1.0
62.2166,128.03838,37.910578,3411.6815688,-147.368,-27.767,297.761,1.0
62.2333,128.038337,37.910598,3410.1700656000003,-147.174,-27.985,297.544,1.0
62.25,128.038294,37.910618,3408.6405792,-146.99,-28.202,297.328,1.0
62.2666,128.038252,37.910639,3407.0925,-146.815,-28.419,297.111,1.0
62.2833,128.038209,37.910659,3405.5258280000003,-146.649,-28.635,296.895,1.0
62.3,128.038166,37.910679,3403.9405632000003,-146.49,-28.851,296.679,1.0
62.3166,128.038123,37.910699,3402.3370104,-146.338,-29.065,296.462,1.0
62.3333,128.038081,37.910718,3400.7136456000003,-146.207,-29.28,296.247,1.0
62.35,128.038038,37.910738,3399.071688,-146.097,-29.495,296.034,1.0
62.3666,128.037995,37.910758,3397.4111376,-146.006,-29.71,295.821,1.0
62.3833,128.037953,37.910777,3395.7319944,-145.93,-29.925,295.609,1.0
62.4,128.03791,37.910797,3394.0345632,-145.869,-30.14,295.396,1.0
62.4166,128.037867,37.910816,3392.3185392000005,-145.819,-30.354,295.184,1.0
62.4333,128.037825,37.910835,3390.5827032,-145.796,-30.569,294.973,1.0
62.45,128.037782,37.910854,3388.8279696,-145.799,-30.786,294.766,1.0
62.4666,128.037739,37.910873,3387.0549480000004,-145.823,-31.004,294.56,1.0
62.4833,128.037697,37.910892,3385.2630288,-145.868,-31.222,294.355,1.0
62.5,128.037654,37.91091,3383.4528216,-145.93,-31.441,294.15,1.0
62.5166,128.037612,37.910929,3381.6240216,-146.007,-31.659,293.945,1.0
62.5333,128.037569,37.910947,3379.7766288,-146.097,-31.878,293.74,1.0
62.55,128.037527,37.910966,3377.9112528000005,-146.198,-32.098,293.537,1.0
62.5666,128.037484,37.910984,3376.0275888,-146.308,-32.318,293.335,1.0
62.5833,128.037441,37.911002,3374.1256368000004,-146.426,-32.539,293.134,1.0
62.6,128.037399,37.91102,3372.2053968,-146.552,-32.761,292.935,1.0
62.6166,128.037357,37.911038,3370.2671736,-146.684,-32.983,292.736,1.0
62.6333,128.037314,37.911056,3368.311272,-146.817,-33.206,292.538,1.0
62.65,128.037272,37.911073,3366.3370824000003,-146.95,-33.429,292.342,1.0
62.6666,128.037229,37.911091,3364.3452144000003,-147.084,-33.653,292.147,1.0
62.6833,128.037187,37.911108,3362.335668,-147.219,-33.878,291.953,1.0
62.7,128.037145,37.911126,3360.3078336,-147.356,-34.103,291.761,1.0
62.7166,128.037102,37.911143,3358.2623208000005,-147.495,-34.329,291.571,1.0
62.7333,128.03706,37.91116,3356.1997392000003,-147.626,-34.555,291.382,1.0
62.75,128.037018,37.911177,3354.1191744000002,-147.751,-34.781,291.193,1.0
62.7666,128.036976,37.911194,3352.021236,-147.87,-35.008,291.006,1.0
62.7833,128.036933,37.911211,3349.9056192000003,-147.985,-35.235,290.82,1.0
62.8,128.036891,37.911227,3347.772324,-148.097,-35.463,290.636,1.0
62.8166,128.036849,37.911244,3345.6210456000003,-148.207,-35.691,290.454,1.0
62.8333,128.036807,37.91126,3343.453308,-148.308,-35.92,290.272,1.0
62.85,128.036765,37.911277,3341.2678920000003,-148.401,-36.149,290.092,1.0
62.8666,128.036723,37.911293,3339.0651024000003,-148.487,-36.378,289.913,1.0
62.8833,128.036681,37.911309,3336.8446344000004,-148.569,-36.608,289.736,1.0
62.9,128.036639,37.911325,3334.6067928,-148.648,-36.838,289.559,1.0
62.9166,128.036597,37.911341,3332.3515776000004,-148.724,-37.068,289.384,1.0
62.9333,128.036555,37.911357,3330.0799032000004,-148.787,-37.299,289.211,1.0
62.95,128.036513,37.911372,3327.7908552000004,-148.837,-37.53,289.04,1.0
62.9666,128.036472,37.911388,3325.4844336,-148.879,-37.762,288.87,1.0
62.9833,128.03643,37.911404,3323.1609432,-148.913,-37.994,288.702,1.0
63.0,128.036388,37.911419,3320.820384,-148.942,-38.226,288.534,1.0
63.0166,128.036347,37.911434,3318.4624512,-148.967,-38.459,288.367,1.0
63.0333,128.036305,37.911449,3316.0871448,-148.99,-38.693,288.206,1.0
63.05,128.036264,37.911464,3313.6947695999997,-149.01,-38.93,288.05,1.0
63.0666,128.036222,37.911479,3311.2850208000004,-149.03,-39.168,287.897,1.0
63.0833,128.036181,37.911494,3308.8578984000005,-149.053,-39.407,287.745,1.0
63.1,128.036139,37.911509,3306.4134024,-149.079,-39.645,287.594,1.0
63.1166,128.036098,37.911524,3303.9518376,-149.109,-39.884,287.443,1.0
63.1333,128.036057,37.911538,3301.4728992,-149.14,-40.122,287.292,1.0
63.15,128.036016,37.911553,3298.9771968,-149.173,-40.361,287.141,1.0
63.1666,128.035974,37.911567,3296.4641208000003,-149.207,-40.599,286.99,1.0
63.1833,128.035933,37.911581,3293.9342808,-149.242,-40.837,286.838,1.0
63.2,128.035892,37.911595,3291.3870672,-149.277,-41.075,286.686,1.0
63.2166,128.035851,37.911609,3288.8230896000005,-149.312,-41.313,286.534,1.0
63.2333,128.03581,37.911623,3286.2414336,-149.352,-41.552,286.383,1.0
63.25,128.03577,37.911637,3283.6430136000004,-149.395,-41.791,286.233,1.0
63.2666,128.035729,37.91165,3281.0275248000003,-149.443,-42.03,286.083,1.0
63.2833,128.035688,37.911664,3278.395272,-149.493,-42.269,285.933,1.0
63.3,128.035647,37.911677,3275.7456456,-149.547,-42.508,285.784,1.0
63.3166,128.035607,37.911691,3273.0795600000006,-149.603,-42.747,285.634,1.0
63.3333,128.035566,37.911704,3270.39732,-149.649,-42.986,285.482,1.0
63.35,128.035526,37.911717,3267.6980112,-149.687,-43.224,285.328,1.0
63.3666,128.035485,37.91173,3264.9825480000004,-149.715,-43.461,285.174,1.0
63.3833,128.035445,37.911743,3262.2503208000003,-149.736,-43.699,285.019,1.0
63.4,128.035405,37.911756,3259.5016344,-149.75,-43.936,284.865,1.0
63.4166,128.035365,37.911768,3256.7364888,-149.759,-44.173,284.71,1.0
63.4333,128.035325,37.911781,3253.9554936000004,-149.755,-44.41,284.555,1.0
63.45,128.035285,37.911793,3251.1580392,-149.739,-44.645,284.398,1.0
63.4666,128.035245,37.911806,3248.3441256,-149.712,-44.88,284.239,1.0
63.4833,128.035205,37.911818,3245.5140576000003,-149.676,-45.115,284.081,1.0
63.5,128.035165,37.91183,3242.6675304000005,-149.633,-45.349,283.922,1.0
63.5166,128.035125,37.911842,3239.8048488000004,-149.583,-45.584,283.763,1.0
63.5333,128.035086,37.911854,3236.9269272,-149.519,-45.814,283.595,1.0
63.55,128.035046,37.911866,3234.0325464000002,-149.442,-46.039,283.417,1.0
63.5666,128.035007,37.911878,3231.1223160000004,-149.35,-46.262,283.233,1.0
63.5833,128.034967,37.911889,3228.1965408,-149.244,-46.484,283.046,1.0
63.6,128.034928,37.911901,3225.2546112,-149.123,-46.705,282.858,1.0
63.6166,128.034889,37.911912,3222.2971368000003,-148.991,-46.926,282.67,1.0
63.6333,128.034849,37.911923,3219.3247272000003,-148.768,-47.141,282.471,1.0
63.65,128.03481,37.911935,3216.3376872000003,-148.461,-47.351,282.259,1.0
63.6666,128.034771,37.911946,3213.3369312,-148.077,-47.558,282.041,1.0
63.6833,128.034732,37.911957,3210.3221544000003,-147.63,-47.763,281.821,1.0
63.7,128.034693,37.911968,3207.293052,-147.129,-47.968,281.602,1.0
63.7166,128.034654,37.911979,3204.2490144000003,-146.585,-48.173,281.383,1.0
63.7333,128.034616,37.911989,3201.1900416000003,-146.042,-48.377,281.168,1.0
63.75,128.034577,37.912,3198.115524,-145.507,-48.581,280.955,1.0
63.7666,128.034538,37.912011,3195.0251568000003,-144.981,-48.783,280.742,1.0
63.7833,128.0345,37.912021,3191.9195496,-144.464,-48.982,280.526,1.0
63.8,128.034462,37.912031,3188.7990072000002,-143.953,-49.179,280.306,1.0
63.8166,128.034423,37.912041,3185.6632248,-143.447,-49.372,280.082,1.0
63.8333,128.034385,37.912052,3182.5134215999997,-142.847,-49.542,279.856,1.0
63.85,128.034347,37.912061,3179.3499024000002,-142.171,-49.673,279.649,1.0
63.8666,128.034309,37.912071,3176.1741912,-141.433,-49.754,279.484,1.0
63.8833,128.03427,37.912081,3172.9872024,-140.65,-49.775,279.385,1.0
63.9,128.034232,37.912091,3169.7895456,-139.836,-49.727,279.371,1.0
63.9166,128.034194,37.9121,3166.5809160000003,-138.979,-49.627,279.423,1.0
63.9333,128.034156,37.91211,3163.3619232,-138.316,-49.513,279.566,1.0
63.95,128.034118,37.912119,3160.1316528,-137.825,-49.402,279.778,1.0
63.9666,128.034081,37.912129,3156.8901048000002,-137.496,-49.298,280.02,1.0
63.9833,128.034043,37.912138,3153.6372792,-137.323,-49.201,280.265,1.0
64.0,128.034005,37.912147,3150.3728712,-137.301,-49.109,280.501,1.0
64.0166,128.033967,37.912156,3147.0971856,-137.425,-49.02,280.723,1.0
64.0333,128.03393,37.912165,3143.8099176,-137.688,-48.935,280.934,1.0
64.05,128.033892,37.912174,3140.5110672,-138.084,-48.852,281.134,1.0
64.0666,128.033854,37.912183,3137.2009392000004,-138.606,-48.773,281.327,1.0
64.0833,128.033817,37.912192,3133.878924,-139.249,-48.697,281.512,1.0
64.1,128.033779,37.9122,3130.5453264,-140.008,-48.625,281.691,1.0
64.1166,128.033742,37.912209,3127.1998416,-140.879,-48.556,281.864,1.0
64.1333,128.033705,37.912217,3123.8424695999997,-141.822,-48.488,282.026,1.0
64.15,128.033668,37.912226,3120.47382,-142.816,-48.42,282.177,1.0
64.1666,128.03363,37.912234,3117.0948072,-143.846,-48.353,282.316,1.0
64.1833,128.033593,37.912242,3113.7054312,-144.9,-48.286,282.446,1.0
64.2,128.033556,37.91225,3110.3059968,-145.969,-48.221,282.568,1.0
64.2166,128.033519,37.912258,3106.8968088,-147.048,-48.159,282.683,1.0
64.2333,128.033482,37.912266,3103.4787816000003,-148.091,-48.097,282.788,1.0
64.25,128.033445,37.912274,3100.0519152,-149.097,-48.035,282.882,1.0
64.2666,128.033408,37.912282,3096.617124,-150.072,-47.975,282.971,1.0
64.2833,128.033372,37.91229,3093.1731888000004,-151.019,-47.919,283.055,1.0
64.3,128.033335,37.912297,3089.721024,-151.945,-47.866,283.137,1.0
64.3166,128.033298,37.912305,3086.2606296000004,-152.856,-47.816,283.217,1.0
64.3333,128.033261,37.912313,3082.791396,-153.769,-47.77,283.297,1.0
64.35,128.033225,37.912321,3079.3139328,-154.688,-47.727,283.376,1.0
64.3666,128.033188,37.912328,3075.82824,-155.613,-47.687,283.452,1.0
64.3833,128.033151,37.912336,3072.3343176,-156.544,-47.648,283.526,1.0
64.4,128.033115,37.912343,3068.8327752,-157.479,-47.611,283.596,1.0
64.4166,128.033078,37.912351,3065.3236128,-158.416,-47.576,283.663,1.0
64.4333,128.033042,37.912358,3061.8062208,-159.364,-47.543,283.727,1.0
64.45,128.033005,37.912366,3058.2815136,-160.32,-47.512,283.789,1.0
64.4666,128.032969,37.912373,3054.7494912,-161.284,-47.484,283.849,1.0
64.4833,128.032932,37.912381,3051.2101536,-162.251,-47.456,283.906,1.0
64.5,128.032896,37.912388,3047.6638056000006,-163.222,-47.431,283.96,1.0
64.5166,128.03286,37.912395,3044.1101424,-164.193,-47.407,284.012,1.0
64.5333,128.032823,37.912403,3040.5488592,-165.205,-47.386,284.065,1.0
64.55,128.032787,37.91241,3036.9796512,-166.254,-47.367,284.121,1.0
64.5666,128.032751,37.912417,3033.4037376,-167.335,-47.351,284.177,1.0
64.5833,128.032715,37.912425,3029.8205088,-168.439,-47.335,284.229,1.0
64.6,128.032678,37.912432,3026.2308792,-169.561,-47.321,284.277,1.0
64.6166,128.032642,37.912439,3022.6342392,-170.694,-47.307,284.321,1.0
64.6333,128.032606,37.912446,3019.0299792,-171.879,-47.294,284.368,1.0
64.65,128.03257,37.912453,3015.418404,-173.11,-47.284,284.417,1.0
64.6666,128.032534,37.912461,3011.8004280000005,-174.377,-47.274,284.465,1.0
64.6833,128.032498,37.912468,3008.1757464,-175.673,-47.266,284.511,1.0
64.7,128.032462,37.912475,3004.5446640000005,-176.988,-47.258,284.552,1.0
64.7166,128.032426,37.912482,3000.9074855999997,-178.315,-47.25,284.589,1.0
64.7333,128.032391,37.912489,2997.2629920000004,-179.703,-47.244,284.629,1.0
64.75,128.032355,37.912496,2993.611488,178.854,-47.239,284.674,1.0
64.7666,128.032319,37.912504,2989.9532784000003,177.37,-47.235,284.718,1.0
64.7833,128.032283,37.912511,2986.2892776000003,175.854,-47.232,284.759,1.0
64.8,128.032248,37.912518,2982.6191808,174.317,-47.229,284.796,1.0
64.8166,128.032212,37.912525,2978.942988,172.765,-47.227,284.828,1.0
64.8333,128.032176,37.912532,2975.2600896000004,171.143,-47.226,284.864,1.0
64.85,128.032141,37.912539,2971.5701808,169.455,-47.224,284.906,1.0
64.8666,128.032105,37.912546,2967.8735664,167.712,-47.224,284.949,1.0
64.8833,128.03207,37.912553,2964.1711608,165.927,-47.224,284.989,1.0
64.9,128.032034,37.912561,2960.4626592,164.113,-47.225,285.023,1.0
64.9166,128.031999,37.912568,2956.7486712000004,162.281,-47.227,285.053,1.0
64.9333,128.031964,37.912575,2953.0276728000003,160.401,-47.229,285.082,1.0
64.95,128.031929,37.912582,2949.3005784000006,158.478,-47.232,285.114,1.0
64.9666,128.031893,37.912589,2945.567388,156.514,-47.234,285.147,1.0
64.9833,128.031858,37.912596,2941.8281016,154.514,-47.236,285.179,1.0
65.0,128.031823,37.912604,2938.083024,152.481,-47.24,285.209,1.0
65.0166,128.031788,37.912611,2934.3324600000005,150.419,-47.243,285.237,1.0
65.0333,128.031753,37.912618,2930.5761048000004,148.331,-47.248,285.263,1.0
65.05,128.031718,37.912625,2926.8139584,146.222,-47.252,285.287,1.0
65.0666,128.031683,37.912632,2923.0466304,144.095,-47.258,285.31,1.0
65.0833,128.031648,37.91264,2919.2741208,141.953,-47.263,285.331,1.0
65.1,128.031614,37.912647,2915.4964296000003,139.799,-47.27,285.352,1.0
65.1166,128.031579,37.912654,2911.713252,137.636,-47.276,285.37,1.0
65.1333,128.031544,37.912662,2907.9255024000004,135.467,-47.283,285.388,1.0
65.15,128.03151,37.912669,2904.1328760000006,133.295,-47.291,285.404,1.0
65.1666,128.031475,37.912677,2900.3353728,131.121,-47.299,285.419,1.0
65.1833,128.03144,37.912684,2896.5332976,128.949,-47.307,285.432,1.0
65.2,128.031406,37.912692,2892.7266504000004,126.78,-47.316,285.445,1.0
65.2166,128.031371,37.912699,2888.915736,124.616,-47.326,285.456,1.0
65.2333,128.031337,37.912707,2885.1005544,122.459,-47.336,285.466,1.0
65.25,128.031302,37.912715,2881.2814104,120.311,-47.346,285.476,1.0
65.2666,128.031268,37.912722,2877.4579992,118.173,-47.357,285.484,1.0
65.2833,128.031234,37.91273,2873.6309304000006,116.046,-47.368,285.492,1.0
65.3,128.031199,37.912738,2869.800204,113.932,-47.38,285.498,1.0
65.3166,128.031165,37.912746,2865.96582,111.831,-47.392,285.504,1.0
65.3333,128.031131,37.912754,2862.1280831999998,109.725,-47.412,285.536,1.0
65.35,128.031097,37.912762,2858.2869936,107.609,-47.439,285.601,1.0
65.3666,128.031063,37.91277,2854.442856,105.492,-47.471,285.689,1.0
65.3833,128.031029,37.912778,2850.5956704,103.383,-47.505,285.787,1.0
65.4,128.030994,37.912786,2846.7454368000003,101.291,-47.537,285.887,1.0
65.4166,128.03096,37.912794,2842.8924600000005,99.219,-47.568,285.986,1.0
65.4333,128.030926,37.912802,2839.03674,97.145,-47.599,286.112,1.0
65.45,128.030892,37.912811,2835.1791912000003,95.05,-47.631,286.294,1.0
65.4666,128.030858,37.912819,2831.319204,92.935,-47.663,286.528,1.0
65.4833,128.030824,37.912827,2827.4570832,90.818,-47.692,286.792,1.0
65.5,128.030791,37.912836,2823.5928288,88.713,-47.715,287.065,1.0
65.5166,128.030757,37.912845,2819.7267456,86.63,-47.733,287.336,1.0
65.5333,128.030723,37.912853,2815.8597480000003,84.547,-47.743,287.635,1.0
65.55,128.030689,37.912862,2811.9915312,82.442,-47.741,287.991,1.0
65.5666,128.030655,37.912871,2808.1224,80.32,-47.726,288.396,1.0
65.5833,128.030621,37.91288,2804.2526592000004,78.198,-47.699,288.826,1.0
65.6,128.030588,37.91289,2800.3823088,76.09,-47.661,289.256,1.0
65.6166,128.030554,37.912899,2796.5122632000002,74.006,-47.615,289.673,1.0
65.6333,128.03052,37.912908,2792.6422176,71.994,-47.56,290.108,1.0
65.65,128.030486,37.912918,2788.7727816,70.03,-47.491,290.582,1.0
65.6666,128.030452,37.912927,2784.9030408000003,68.114,-47.404,291.08,1.0
65.6833,128.030419,37.912937,2781.0345192000004,66.25,-47.302,291.576,1.0
65.7,128.030385,37.912947,2777.1675216,64.436,-47.186,292.055,1.0
65.7166,128.030351,37.912957,2773.302048,62.661,-47.062,292.508,1.0
65.7333,128.030317,37.912967,2769.4390128,60.986,-46.928,292.969,1.0
65.75,128.030284,37.912978,2765.5778064,59.384,-46.778,293.455,1.0
65.7666,128.03025,37.912988,2761.718124,57.849,-46.613,293.953,1.0
65.7833,128.030216,37.912998,2757.8605752000003,56.379,-46.434,294.44,1.0
65.8,128.030182,37.913009,2754.006684,54.969,-46.247,294.905,1.0
65.8166,128.030148,37.91302,2750.1561456000004,53.604,-46.054,295.343,1.0
65.8333,128.030114,37.913031,2746.3089600000003,52.321,-45.851,295.784,1.0
65.85,128.030081,37.913042,2742.4651272,51.102,-45.635,296.234,1.0
65.8666,128.030047,37.913053,2738.6243424,49.94,-45.409,296.682,1.0
65.8833,128.030013,37.913064,2734.7884344000004,48.832,-45.176,297.114,1.0
65.9,128.029979,37.913076,2730.9574032000005,47.771,-44.941,297.523,1.0
65.9166,128.029945,37.913087,2727.1315535999997,46.746,-44.706,297.908,1.0
65.9333,128.029911,37.913099,2723.3105808,45.778,-44.467,298.284,1.0
65.95,128.029877,37.913111,2719.49418,44.857,-44.226,298.654,1.0
65.9666,128.029842,37.913123,2715.68418,43.977,-43.983,299.011,1.0
65.9833,128.029808,37.913135,2711.8805807999997,43.133,-43.74,299.353,1.0
66.0,128.029774,37.913148,2708.0836872000004,42.319,-43.498,299.677,1.0
66.0166,128.02974,37.91316,2704.2934992,41.528,-43.258,299.984,1.0
66.0333,128.029705,37.913173,2700.5097120000005,40.779,-43.021,300.277,1.0
66.05,128.029671,37.913186,2696.7326304000003,40.064,-42.787,300.559,1.0
66.0666,128.029637,37.913198,2692.9634736000003,39.379,-42.556,300.83,1.0
66.0833,128.029602,37.913212,2689.2019368,38.719,-42.326,301.089,1.0
66.1,128.029568,37.913225,2685.4486296,38.077,-42.097,301.336,1.0
66.1166,128.029533,37.913238,2681.703552,37.451,-41.869,301.573,1.0
66.1333,128.029499,37.913252,2677.9657896000003,36.85,-41.643,301.802,1.0
66.15,128.029464,37.913265,2674.2368664,36.271,-41.419,302.023,1.0
66.1666,128.02943,37.913279,2670.5164776,35.711,-41.197,302.237,1.0
66.1833,128.029395,37.913293,2666.8052328000003,35.166,-40.975,302.442,1.0
66.2,128.02936,37.913307,2663.103132,34.634,-40.754,302.641,1.0
66.2166,128.029325,37.913322,2659.4101752,34.111,-40.533,302.832,1.0
66.2333,128.02929,37.913336,2655.7257528000005,33.608,-40.314,303.018,1.0
66.25,128.029255,37.913351,2652.0513888,33.123,-40.096,303.198,1.0
66.2666,128.02922,37.913366,2648.3861688,32.653,-39.879,303.374,1.0
66.2833,128.029185,37.91338,2644.7310072,32.196,-39.663,303.544,1.0
66.3,128.02915,37.913396,2641.085904,31.749,-39.446,303.709,1.0
66.3166,128.029115,37.913411,2637.451164,31.311,-39.23,303.868,1.0
66.3333,128.02908,37.913426,2633.8258728,30.884,-39.014,304.023,1.0
66.35,128.029045,37.913442,2630.2112496,30.467,-38.8,304.175,1.0
66.3666,128.02901,37.913457,2626.6072944,30.059,-38.585,304.322,1.0
66.3833,128.028974,37.913473,2623.0140072000004,29.657,-38.371,304.466,1.0
66.4,128.028939,37.913489,2619.431388,29.262,-38.156,304.605,1.0
66.4166,128.028903,37.913505,2615.8600464000006,28.87,-37.942,304.741,1.0
66.4333,128.028868,37.913521,2612.3008968,28.391,-37.724,304.864,1.0
66.45,128.028832,37.913538,2608.7548536,27.826,-37.502,304.975,1.0
66.4666,128.028796,37.913554,2605.2225264,27.184,-37.278,305.079,1.0
66.4833,128.028761,37.913571,2601.7048296000003,26.473,-37.055,305.182,1.0
66.5,128.028725,37.913588,2598.1999344,25.706,-36.832,305.286,1.0
66.5166,128.028689,37.913605,2594.7084504000004,24.899,-36.609,305.39,1.0
66.5333,128.028653,37.913622,2591.2315968,24.017,-36.405,305.474,1.0
66.55,128.028617,37.913639,2587.7699832,23.076,-36.221,305.536,1.0
66.5666,128.028581,37.913657,2584.3226952,22.081,-36.05,305.584,1.0
66.5833,128.028545,37.913674,2580.8894280000004,21.041,-35.882,305.626,1.0
66.6,128.028509,37.913692,2577.4701816,19.961,-35.71,305.667,1.0
66.6166,128.028472,37.91371,2574.0649559999997,18.851,-35.532,305.707,1.0
66.6333,128.028436,37.913728,2570.6728368000004,17.765,-35.332,305.757,1.0
66.65,128.0284,37.913746,2567.2932144,16.71,-35.111,305.816,1.0
66.6666,128.028363,37.913764,2563.925784,15.688,-34.877,305.874,1.0
66.6833,128.028326,37.913783,2560.5711552000002,14.698,-34.638,305.925,1.0
66.7,128.02829,37.913801,2557.2299376,13.735,-34.397,305.967,1.0
66.7166,128.028253,37.91382,2553.9018264,12.793,-34.158,305.999,1.0
66.7333,128.028216,37.913838,2550.5859072000003,11.926,-33.911,306.031,1.0
66.75,128.028179,37.913857,2547.2815704,11.126,-33.657,306.065,1.0
66.7666,128.028142,37.913876,2543.9885112,10.383,-33.398,306.095,1.0
66.7833,128.028105,37.913895,2540.7088632,9.69,-33.139,306.118,1.0
66.8,128.028068,37.913914,2537.4423216,9.036,-32.882,306.132,1.0
66.8166,128.02803,37.913933,2534.1891912,8.409,-32.626,306.138,1.0
66.8333,128.027993,37.913952,2530.9509960000005,7.748,-32.372,306.132,1.0
66.85,128.027956,37.913972,2527.7283456,7.05,-32.119,306.115,1.0
66.8666,128.027918,37.913991,2524.5221544,6.312,-31.868,306.093,1.0
66.8833,128.02788,37.914011,2521.3312032000003,5.539,-31.619,306.068,1.0
66.9,128.027842,37.91403,2518.1554920000003,4.737,-31.37,306.041,1.0
66.9166,128.027805,37.91405,2514.9950208,3.914,-31.122,306.012,1.0
66.9333,128.027766,37.91407,2511.8485704,3.201,-30.875,305.992,1.0
66.95,128.027728,37.91409,2508.7155312,2.599,-30.628,305.979,1.0
66.9666,128.02769,37.91411,2505.5955984,2.099,-30.383,305.966,1.0
66.9833,128.027652,37.91413,2502.4878576,1.687,-30.137,305.944,1.0
67.0,128.027613,37.91415,2499.392004,1.347,-29.893,305.914,1.0
67.0166,128.027575,37.91417,2496.3101712000002,1.056,-29.65,305.875,1.0
67.0333,128.027536,37.91419,2493.2390064,0.846,-29.409,305.835,1.0
67.05,128.027497,37.91421,2490.1791192,0.7,-29.17,305.798,1.0
67.0666,128.027459,37.914231,2487.1329480000004,0.606,-28.934,305.76,1.0
67.0833,128.02742,37.914251,2484.0995784,0.552,-28.7,305.722,1.0
67.1,128.027381,37.914272,2481.0799248000003,0.53,-28.47,305.681,1.0
67.1166,128.027342,37.914292,2478.0742920000002,0.532,-28.242,305.639,1.0
67.1333,128.027302,37.914313,2475.0799368000003,0.659,-28.016,305.609,1.0
67.15,128.027263,37.914334,2472.0977736,0.904,-27.793,305.592,1.0
67.1666,128.027224,37.914354,2469.1265832000004,1.257,-27.573,305.581,1.0
67.1833,128.027184,37.914375,2466.1663656,1.704,-27.355,305.569,1.0
67.2,128.027145,37.914396,2463.2183400000004,2.226,-27.139,305.554,1.0
67.2166,128.027105,37.914417,2460.2834208000004,2.804,-26.925,305.537,1.0
67.2333,128.027065,37.914438,2457.3622176000003,3.333,-26.714,305.513,1.0
67.25,128.027025,37.914459,2454.4559496,3.803,-26.505,305.486,1.0
67.2666,128.026985,37.91448,2451.5649216,4.216,-26.298,305.462,1.0
67.2833,128.026945,37.914501,2448.6900480000004,4.577,-26.094,305.444,1.0
67.3,128.026905,37.914523,2445.8322432,4.898,-25.891,305.433,1.0
67.3166,128.026865,37.914544,2442.988764,5.192,-25.688,305.429,1.0
67.3333,128.026825,37.914565,2440.1596104,5.533,-25.487,305.436,1.0
67.35,128.026784,37.914587,2437.3444776,5.928,-25.286,305.451,1.0
67.3666,128.026744,37.914608,2434.5421464,6.375,-25.085,305.471,1.0
67.3833,128.026703,37.91463,2431.7532264,6.869,-24.883,305.491,1.0
67.4,128.026662,37.914652,2428.9792416,7.401,-24.682,305.512,1.0
67.4166,128.026622,37.914674,2426.2195824,7.961,-24.481,305.532,1.0
67.4333,128.026581,37.914696,2423.4757728,8.462,-24.279,305.546,1.0
67.45,128.02654,37.914718,2420.7484224,8.901,-24.078,305.556,1.0
67.4666,128.026499,37.91474,2418.0384456,9.281,-23.877,305.566,1.0
67.4833,128.026458,37.914762,2415.3458424,9.607,-23.677,305.582,1.0
67.5,128.026417,37.914784,2412.6700032,9.892,-23.477,305.606,1.0
67.5166,128.026376,37.914806,2410.0100136,10.149,-23.278,305.635,1.0
67.5333,128.026334,37.914829,2407.3692264,10.356,-23.077,305.665,1.0
67.55,128.026293,37.914851,2404.7464224,10.525,-22.874,305.695,1.0
67.5666,128.026251,37.914874,2402.1397728,10.662,-22.669,305.725,1.0
67.5833,128.02621,37.914896,2399.5504968,10.775,-22.464,305.757,1.0
67.6,128.026168,37.914919,2396.9779848,10.869,-22.258,305.792,1.0
67.6166,128.026127,37.914942,2394.421932,10.949,-22.051,305.83,1.0
67.6333,128.026085,37.914965,2391.8847768,11.007,-21.842,305.867,1.0
67.65,128.026043,37.914988,2389.3643856000003,11.048,-21.632,305.902,1.0
67.6666,128.026001,37.915011,2386.8610632,11.075,-21.421,305.936,1.0
67.6833,128.025959,37.915034,2384.3748096000004,11.088,-21.21,305.972,1.0
67.7,128.025917,37.915057,2381.90532,11.091,-20.998,306.009,1.0
67.7166,128.025875,37.915081,2379.453204,11.086,-20.786,306.047,1.0
67.7333,128.025833,37.915104,2377.0199856000004,11.022,-20.572,306.081,1.0
67.75,128.025791,37.915127,2374.6062744,10.905,-20.356,306.109,1.0
67.7666,128.025749,37.915151,2372.2117656,10.74,-20.14,306.135,1.0
67.7833,128.025706,37.915175,2369.8349352,10.534,-19.922,306.163,1.0
67.8,128.025664,37.915198,2367.4763928,10.295,-19.705,306.193,1.0
67.8166,128.025621,37.915222,2365.1361384,10.035,-19.487,306.225,1.0
67.8333,128.025579,37.915246,2362.8144768,9.753,-19.269,306.256,1.0
67.85,128.025536,37.91527,2360.5104936000002,9.456,-19.049,306.286,1.0
67.8666,128.025494,37.915294,2358.2247984,9.149,-18.828,306.314,1.0
67.8833,128.025451,37.915318,2355.9570864,8.834,-18.606,306.341,1.0
67.9,128.025408,37.915342,2353.7076624,8.514,-18.384,306.366,1.0
67.9166,128.025365,37.915367,2351.4762216,8.19,-18.161,306.389,1.0
67.9333,128.025322,37.915391,2349.2648976,7.799,-17.938,306.406,1.0
67.95,128.025279,37.915415,2347.0739952,7.345,-17.713,306.415,1.0
67.9666,128.025236,37.91544,2344.904124,6.837,-17.487,306.421,1.0
67.9833,128.025193,37.915465,2342.7531504000003,6.281,-17.261,306.427,1.0
68.0,128.02515,37.915489,2340.6219888,5.688,-17.035,306.432,1.0
68.0166,128.025107,37.915514,2338.5097248,5.07,-16.808,306.438,1.0
68.0333,128.025063,37.915539,2336.4187968,4.334,-16.603,306.431,1.0
68.05,128.02502,37.915563,2334.3482903999998,3.49,-16.435,306.409,1.0
68.0666,128.024977,37.915588,2332.2997296000003,2.534,-16.295,306.378,1.0
68.0833,128.024933,37.915613,2330.273724,1.479,-16.162,306.344,1.0
68.1,128.02489,37.915638,2328.2684448000005,0.344,-16.025,306.31,1.0
68.1166,128.024846,37.915663,2326.282368,-0.85,-15.88,306.277,1.0
68.1333,128.024802,37.915688,2324.3188464,-2.146,-15.748,306.238,1.0
68.15,128.024758,37.915713,2322.376356,-3.537,-15.653,306.192,1.0
68.1666,128.024714,37.915739,2320.4552016000002,-5.02,-15.603,306.142,1.0
68.1833,128.02467,37.915764,2318.554164,-6.595,-15.579,306.09,1.0
68.2,128.024626,37.915789,2316.6732432000003,-8.262,-15.559,306.034,1.0
68.2166,128.024582,37.915814,2314.8124392000004,-10.017,-15.53,305.974,1.0
68.2333,128.024538,37.915839,2312.9696184,-11.862,-15.512,305.913,1.0
68.25,128.024493,37.915865,2311.144476,-13.794,-15.527,305.857,1.0
68.2666,128.024449,37.91589,2309.335488,-15.813,-15.595,305.813,1.0
68.2833,128.024404,37.915915,2307.5423496,-17.918,-15.72,305.784,1.0
68.3,128.02436,37.91594,2305.7638416,-20.105,-15.876,305.766,1.0
68.3166,128.024315,37.915966,2303.9996592,-22.373,-16.035,305.751,1.0
68.3333,128.02427,37.915991,2302.2482784,-24.722,-16.197,305.741,1.0
68.35,128.024225,37.916016,2300.5090896,-27.152,-16.356,305.736,1.0
68.3666,128.02418,37.916041,2298.7808736,-29.661,-16.508,305.733,1.0
68.3833,128.024135,37.916066,2297.0633256,-32.245,-16.648,305.732,1.0
68.4,128.02409,37.916091,2295.3552264,-34.901,-16.778,305.73,1.0
68.4166,128.024044,37.916116,2293.6556616000003,-37.626,-16.897,305.729,1.0
68.4333,128.023999,37.916141,2291.9640216000003,-40.416,-17.007,305.727,1.0
68.45,128.023954,37.916166,2290.279392,-43.266,-17.109,305.725,1.0
68.4666,128.023908,37.916191,2288.6011632,-46.172,-17.204,305.724,1.0
68.4833,128.023863,37.916216,2286.9272016000004,-49.118,-17.291,305.722,1.0
68.5,128.023817,37.916241,2285.2575072000004,-52.093,-17.371,305.721,1.0
68.5166,128.023771,37.916266,2283.5908608,-55.085,-17.443,305.72,1.0
68.5333,128.023725,37.916291,2281.9290912,-58.11,-17.511,305.717,1.0
68.55,128.023679,37.916316,2280.2691504000004,-61.161,-17.574,305.711,1.0
68.5666,128.023634,37.91634,2278.6110384,-64.232,-17.634,305.704,1.0
68.5833,128.023588,37.916365,2276.9541456,-67.319,-17.69,305.696,1.0
68.6,128.023542,37.91639,2275.2978624,-70.419,-17.742,305.687,1.0
68.6166,128.023495,37.916414,2273.641884,-73.526,-17.791,305.676,1.0
68.6333,128.023449,37.916439,2271.9862104000003,-76.65,-17.838,305.664,1.0
68.65,128.023403,37.916463,2270.3296224,-79.789,-17.883,305.651,1.0
68.6666,128.023357,37.916488,2268.6724248,-82.938,-17.927,305.635,1.0
68.6833,128.023311,37.916512,2267.0137032000002,-86.094,-17.969,305.619,1.0
68.7,128.023264,37.916536,2265.3531528000003,-89.252,-18.009,305.602,1.0
68.7166,128.023218,37.916561,2263.6904688,-92.408,-18.048,305.583,1.0
68.7333,128.023172,37.916585,2262.0256512,-95.512,-18.084,305.539,1.0
68.75,128.023125,37.91661,2260.3580904,-98.554,-18.122,305.447,1.0
68.7666,128.023079,37.916634,2258.6874816,-101.54,-18.169,305.306,1.0
68.7833,128.023032,37.916658,2257.0141296,-104.481,-18.226,305.141,1.0
68.8,128.022986,37.916682,2255.33712,-107.388,-18.291,304.971,1.0
68.8166,128.022939,37.916706,2253.656148,-110.27,-18.362,304.809,1.0
68.8333,128.022893,37.91673,2251.9709088,-113.0,-18.438,304.629,1.0
68.85,128.022846,37.916755,2250.2814024,-115.582,-18.531,304.412,1.0
68.8666,128.022799,37.916779,2248.5876288000004,-118.039,-18.65,304.155,1.0
68.8833,128.022753,37.916803,2246.8889784000003,-120.399,-18.796,303.882,1.0
68.9,128.022706,37.916827,2245.184232,-122.691,-18.959,303.612,1.0
68.9166,128.022659,37.91685,2243.47278,-124.941,-19.133,303.355,1.0
68.9333,128.022612,37.916874,2241.7546224000002,-126.998,-19.319,303.083,1.0
68.95,128.022566,37.916898,2240.0291496,-128.875,-19.528,302.779,1.0
68.9666,128.022519,37.916922,2238.2969712,-130.604,-19.774,302.444,1.0
68.9833,128.022472,37.916946,2236.5574776000003,-132.221,-20.049,302.102,1.0
69.0,128.022425,37.916969,2234.8082304,-133.765,-20.341,301.771,1.0
69.0166,128.022378,37.916993,2233.0492296,-135.269,-20.64,301.462,1.0
69.0333,128.022331,37.917016,2231.2804752,-136.627,-20.95,301.149,1.0
69.05,128.022284,37.91704,2229.5013576,-137.855,-21.283,300.817,1.0
69.0666,128.022237,37.917063,2227.7124864,-138.987,-21.633,300.479,1.0
69.0833,128.02219,37.917086,2225.911728,-140.05,-21.991,300.155,1.0
69.1,128.022143,37.917109,2224.098168,-141.072,-22.346,299.854,1.0
69.1166,128.022095,37.917133,2222.2711968000003,-142.074,-22.694,299.579,1.0
69.1333,128.022048,37.917156,2220.4317288,-142.99,-23.047,299.306,1.0
69.15,128.022001,37.917179,2218.5791544,-143.832,-23.412,299.027,1.0
69.1666,128.021954,37.917201,2216.712864,-144.62,-23.785,298.75,1.0
69.1833,128.021907,37.917224,2214.8310288000002,-145.371,-24.158,298.484,1.0
69.2,128.021859,37.917247,2212.9342584,-146.099,-24.524,298.236,1.0
69.2166,128.021812,37.917269,2211.0210288000003,-146.818,-24.882,298.006,1.0
69.2333,128.021765,37.917292,2209.0931688,-147.491,-25.231,297.787,1.0
69.25,128.021718,37.917314,2207.1497640000002,-148.126,-25.574,297.577,1.0
69.2666,128.02167,37.917337,2205.1892904,-148.733,-25.912,297.375,1.0
69.2833,128.021623,37.917359,2203.2120528,-149.321,-26.245,297.184,1.0
69.3,128.021576,37.917381,2201.2171368000004,-149.897,-26.573,297.004,1.0
69.3166,128.021528,37.917403,2199.2045424000003,-150.469,-26.897,296.835,1.0
69.3333,128.021481,37.917425,2197.1754888,-151.007,-27.215,296.672,1.0
69.35,128.021434,37.917447,2195.1287568000002,-151.518,-27.527,296.515,1.0
69.3666,128.021387,37.917469,2193.0637368000002,-152.007,-27.834,296.364,1.0
69.3833,128.021339,37.91749,2190.9807336,-152.481,-28.138,296.221,1.0
69.4,128.021292,37.917512,2188.8791376,-152.945,-28.439,296.085,1.0
69.4166,128.021245,37.917533,2186.758644,-153.405,-28.736,295.956,1.0
69.4333,128.021198,37.917555,2184.6201672,-153.855,-29.031,295.832,1.0
69.45,128.021151,37.917576,2182.462488,-154.297,-29.322,295.713,1.0
69.4666,128.021104,37.917597,2180.2859112,-154.735,-29.611,295.598,1.0
69.4833,128.021056,37.917618,2178.0901320000003,-155.17,-29.897,295.487,1.0
69.5,128.021009,37.917639,2175.8751504,-155.605,-30.182,295.382,1.0
69.5166,128.020962,37.91766,2173.6406616000004,-156.04,-30.464,295.28,1.0
69.5333,128.020915,37.917681,2171.3878848,-156.46,-30.745,295.181,1.0
69.55,128.020868,37.917701,2169.1152960000004,-156.869,-31.024,295.086,1.0
69.5666,128.020821,37.917722,2166.8235048,-157.268,-31.301,294.993,1.0
69.5833,128.020774,37.917742,2164.5125112,-157.66,-31.577,294.904,1.0
69.6,128.020728,37.917763,2162.1817056,-158.048,-31.852,294.819,1.0
69.6166,128.020681,37.917783,2159.8310880000004,-158.434,-32.126,294.738,1.0
69.6333,128.020634,37.917803,2157.461268,-158.815,-32.398,294.66,1.0
69.65,128.020587,37.917823,2155.071636,-159.193,-32.67,294.584,1.0
69.6666,128.020541,37.917843,2152.6624968,-159.568,-32.941,294.511,1.0
69.6833,128.020494,37.917863,2150.2332408,-159.941,-33.211,294.44,1.0
69.7,128.020447,37.917883,2147.7841728000003,-160.314,-33.48,294.372,1.0
69.7166,128.020401,37.917903,2145.3152928,-160.687,-33.749,294.307,1.0
69.7333,128.020354,37.917922,2142.8250768,-161.189,-34.02,294.254,1.0
69.75,128.020308,37.917942,2140.3135248,-161.815,-34.294,294.214,1.0
69.7666,128.020262,37.917961,2137.7797224,-162.543,-34.569,294.179,1.0
69.7833,128.020215,37.917981,2135.2233648,-163.349,-34.842,294.143,1.0
69.8,128.020169,37.918,2132.6459760000002,-164.211,-35.116,294.105,1.0
69.8166,128.020123,37.918019,2130.0478608,-165.111,-35.389,294.066,1.0
69.8333,128.020077,37.918038,2127.429324,-165.956,-35.662,294.025,1.0
69.85,128.020031,37.918057,2124.7909752,-166.739,-35.936,293.983,1.0
69.8666,128.019986,37.918076,2122.133424,-167.471,-36.211,293.946,1.0
69.8833,128.01994,37.918094,2119.4566704,-168.165,-36.489,293.919,1.0
69.9,128.019894,37.918113,2116.7594952,-168.833,-36.767,293.902,1.0
69.9166,128.019849,37.918132,2114.042508,-169.489,-37.046,293.892,1.0
69.9333,128.019803,37.91815,2111.3072328000003,-170.077,-37.325,293.883,1.0
69.95,128.019758,37.918169,2108.5533648,-170.604,-37.601,293.874,1.0
69.9666,128.019712,37.918187,2105.7802944,-171.085,-37.876,293.866,1.0
69.9833,128.019667,37.918205,2102.9880216,-171.533,-38.15,293.865,1.0
70.0,128.019622,37.918224,2100.1759368000003,-171.957,-38.424,293.87,1.0
70.0166,128.019577,37.918242,2097.34404,-172.368,-38.696,293.881,1.0
70.0333,128.019532,37.91826,2094.4947696000004,-172.732,-38.967,293.892,1.0
70.05,128.019487,37.918278,2091.6266016000004,-173.056,-39.235,293.903,1.0
70.0666,128.019442,37.918296,2088.7386216,-173.349,-39.503,293.915,1.0
70.0833,128.019397,37.918314,2085.831744,-173.619,-39.769,293.931,1.0
70.1,128.019353,37.918332,2082.9053592,-173.874,-40.034,293.949,1.0
70.1166,128.019308,37.91835,2079.9594672000003,-174.118,-40.298,293.972,1.0
70.1333,128.019264,37.918368,2076.9952872,-174.339,-40.56,293.994,1.0
70.15,128.019219,37.918385,2074.0119048,-174.54,-40.821,294.017,1.0
70.1666,128.019175,37.918403,2071.0090152000002,-174.726,-41.08,294.04,1.0
70.1833,128.019131,37.918421,2067.987228,-174.9,-41.339,294.064,1.0
70.2,128.019087,37.918438,2064.9459336,-175.065,-41.597,294.09,1.0
70.2166,128.019043,37.918455,2061.8851320000003,-175.225,-41.854,294.117,1.0
70.2333,128.019,37.918473,2058.8057376,-175.375,-42.11,294.144,1.0
70.25,128.018956,37.91849,2055.7071408,-175.516,-42.365,294.172,1.0
70.2666,128.018912,37.918507,2052.5890368,-175.651,-42.62,294.199,1.0
70.2833,128.018869,37.918525,2049.4520352,-175.78,-42.873,294.228,1.0
70.3,128.018826,37.918542,2046.2958312000003,-175.906,-43.127,294.256,1.0
70.3166,128.018783,37.918559,2043.1204248000001,-176.028,-43.379,294.285,1.0
70.3333,128.01874,37.918576,2039.9261208000003,-176.147,-43.631,294.315,1.0
70.35,128.018697,37.918593,2036.7126144000001,-176.263,-43.883,294.345,1.0
70.3666,128.018654,37.91861,2033.4799056000002,-176.377,-44.134,294.374,1.0
70.3833,128.018611,37.918626,2030.2282992000003,-176.489,-44.385,294.404,1.0
70.4,128.018569,37.918643,2026.9577952,-176.598,-44.636,294.434,1.0
70.4166,128.018526,37.91866,2023.6683936000002,-176.706,-44.886,294.464,1.0
70.4333,128.018484,37.918676,2020.3597896,-176.812,-45.136,294.495,1.0
70.45,128.018442,37.918693,2017.0325928,-176.917,-45.385,294.525,1.0
70.4666,128.0184,37.918709,2013.6864984,-177.021,-45.635,294.556,1.0
70.4833,128.018358,37.918726,2010.3218112,-177.123,-45.884,294.587,1.0
70.5,128.018316,37.918742,2006.9382264,-177.224,-46.133,294.618,1.0
70.5166,128.018274,37.918759,2003.535744,-177.323,-46.382,294.648,1.0
70.5333,128.018233,37.918775,2000.1149736,-177.421,-46.63,294.68,1.0
70.55,128.018192,37.918791,1996.6753056,-177.519,-46.878,294.711,1.0
70.5666,128.01815,37.918807,1993.2170448000002,-177.616,-47.127,294.742,1.0
70.5833,128.018109,37.918823,1989.7404960000001,-177.712,-47.375,294.774,1.0
70.6,128.018068,37.918839,1986.2453544,-177.807,-47.623,294.806,1.0
70.6166,128.018028,37.918855,1982.7319248000001,-177.901,-47.87,294.837,1.0
70.6333,128.017987,37.918871,1979.1999024000002,-177.994,-48.118,294.869,1.0
70.65,128.017946,37.918887,1975.649592,-178.088,-48.366,294.901,1.0
70.6666,128.017906,37.918902,1972.0809936000003,-178.181,-48.613,294.934,1.0
70.6833,128.017866,37.918918,1968.4941072000001,-178.273,-48.86,294.966,1.0
70.7,128.017826,37.918934,1964.8892376000001,-178.364,-49.108,294.999,1.0
70.7166,128.017786,37.918949,1961.26608,-178.454,-49.355,295.032,1.0
70.7333,128.017746,37.918965,1957.625244,-178.54,-49.602,295.063,1.0
70.75,128.017706,37.91898,1953.9664248000001,-178.622,-49.849,295.093,1.0
70.7666,128.017667,37.918995,1950.2896224,-178.7,-50.096,295.122,1.0
70.7833,128.017628,37.919011,1946.5948368000002,-178.773,-50.342,295.151,1.0
70.8,128.017588,37.919026,1942.8823728000002,-178.844,-50.589,295.182,1.0
70.8166,128.017549,37.919041,1939.1519256,-178.912,-50.835,295.213,1.0
70.8333,128.017511,37.919056,1935.4041048000001,-178.975,-51.081,295.242,1.0
70.85,128.017472,37.919071,1931.6386056000001,-179.033,-51.327,295.269,1.0
70.8666,128.017433,37.919086,1927.8557328000002,-179.087,-51.573,295.295,1.0
70.8833,128.017395,37.919101,1924.0551816,-179.137,-51.819,295.321,1.0
70.9,128.017357,37.919116,1920.2372568,-179.183,-52.065,295.348,1.0
70.9166,128.017319,37.919131,1916.4019584000002,-179.226,-52.31,295.376,1.0
70.9333,128.017281,37.919145,1912.5498960000002,-179.082,-52.529,295.385,1.0
70.95,128.017243,37.91916,1908.6825936000002,-178.761,-52.694,295.377,1.0
70.9666,128.017205,37.919175,1904.8000512,-178.273,-52.78,295.365,1.0
70.9833,128.017167,37.919189,1900.9040976000001,-177.627,-52.763,295.362,1.0
71.0,128.01713,37.919204,1896.9962568,-176.836,-52.62,295.373,1.0
71.0166,128.017092,37.919218,1893.0768335999999,-175.912,-52.367,295.399,1.0
71.0333,128.017055,37.919233,1889.1467424000002,-174.86,-52.041,295.433,1.0
71.05,128.017018,37.919247,1885.2075072000002,-173.684,-51.673,295.474,1.0
71.0666,128.01698,37.919262,1881.2588232000003,-172.402,-51.298,295.522,1.0
71.0833,128.016943,37.919276,1877.3006904,-171.037,-50.95,295.576,1.0
71.1,128.016906,37.919291,1873.3337184000002,-169.609,-50.66,295.632,1.0
71.1166,128.016868,37.919305,1869.3572976,-168.131,-50.456,295.68,1.0
71.1333,128.016831,37.919319,1865.3717328,-166.623,-50.321,295.703,1.0
71.15,128.016794,37.919334,1861.3773288000002,-165.1,-50.229,295.702,1.0
71.1666,128.016757,37.919348,1857.3743904,-163.567,-50.158,295.692,1.0
71.1833,128.01672,37.919362,1853.3635272000001,-162.03,-50.083,295.688,1.0
71.2,128.016683,37.919376,1849.345044,-160.496,-49.989,295.701,1.0
71.2166,128.016646,37.91939,1845.3189408,-158.964,-49.884,295.728,1.0
71.2333,128.016609,37.919405,1841.2843032,-157.594,-49.78,295.767,1.0
71.25,128.016572,37.919419,1837.2420456000002,-156.374,-49.69,295.809,1.0
71.2666,128.016535,37.919433,1833.1918632,-155.263,-49.611,295.843,1.0
71.2833,128.016498,37.919447,1829.1331464,-154.224,-49.541,295.864,1.0
71.3,128.016461,37.919461,1825.0680288,-153.228,-49.474,295.873,1.0
71.3166,128.016424,37.919475,1820.9959008,-152.252,-49.411,295.877,1.0
71.3333,128.016387,37.919489,1816.9176768,-151.177,-49.348,295.869,1.0
71.35,128.01635,37.919503,1812.8336616000001,-150.001,-49.285,295.853,1.0
71.3666,128.016313,37.919517,1808.7447696000002,-148.747,-49.228,295.836,1.0
71.3833,128.016276,37.919531,1804.6506960000002,-147.437,-49.178,295.827,1.0
71.4,128.016239,37.919545,1800.5505264,-146.097,-49.135,295.825,1.0
71.4166,128.016202,37.919559,1796.4448704000001,-144.745,-49.097,295.826,1.0
71.4333,128.016165,37.919573,1792.3346424000001,-143.306,-49.059,295.82,1.0
71.45,128.016128,37.919587,1788.2195376000002,-141.791,-49.018,295.807,1.0
71.4666,128.016091,37.919601,1784.1001656,-140.221,-48.978,295.793,1.0
71.4833,128.016054,37.919615,1779.975612,-138.612,-48.942,295.783,1.0
71.5,128.016017,37.919629,1775.8461816000001,-136.979,-48.912,295.778,1.0
71.5166,128.01598,37.919644,1771.7118744000002,-135.337,-48.886,295.776,1.0
71.5333,128.015943,37.919658,1767.5733,-133.594,-48.857,295.77,1.0
71.55,128.015906,37.919672,1763.4304584000001,-131.759,-48.824,295.759,1.0
71.5666,128.015869,37.919686,1759.2836544000002,-129.856,-48.79,295.748,1.0
71.5833,128.015832,37.9197,1755.1322784000001,-127.906,-48.76,295.742,1.0
71.6,128.015794,37.919714,1750.9763304,-125.928,-48.737,295.741,1.0
71.6166,128.015757,37.919728,1746.8158104000001,-123.94,-48.717,295.745,1.0
71.6333,128.01572,37.919743,1742.6510232000003,-121.882,-48.694,295.748,1.0
71.65,128.015683,37.919757,1738.4816640000001,-119.764,-48.667,295.749,1.0
71.6666,128.015646,37.919771,1734.3083424000001,-117.588,-48.637,295.752,1.0
71.6833,128.015608,37.919785,1730.1307536000002,-115.355,-48.61,295.757,1.0
71.7,128.015571,37.9198,1725.9485928,-113.073,-48.586,295.765,1.0
71.7166,128.015534,37.919814,1721.7621648000002,-110.76,-48.566,295.778,1.0
71.7333,128.015497,37.919828,1717.57086,-108.407,-48.547,295.794,1.0
71.75,128.015459,37.919843,1713.3749832,-106.022,-48.527,295.813,1.0
71.7666,128.015422,37.919857,1709.1742296,-103.606,-48.505,295.835,1.0
71.7833,128.015385,37.919872,1704.968904,-101.162,-48.485,295.859,1.0
71.8,128.015347,37.919886,1700.7587016000002,-98.692,-48.466,295.886,1.0
71.8166,128.01531,37.919901,1696.5439272,-96.197,-48.449,295.916,1.0
71.8333,128.015273,37.919915,1692.3239712,-93.681,-48.433,295.949,1.0
71.85,128.015235,37.91993,1688.0991384000001,-91.147,-48.419,295.985,1.0
71.8666,128.015198,37.919944,1683.8694288000002,-88.598,-48.405,296.024,1.0
71.8833,128.01516,37.919959,1679.6348424000003,-86.034,-48.393,296.066,1.0
71.9,128.015123,37.919973,1675.3950744,-83.457,-48.382,296.11,1.0
71.9166,128.015086,37.919988,1671.1504296,-80.869,-48.373,296.157,1.0
71.9333,128.015048,37.920003,1666.900908,-78.243,-48.362,296.172,1.0
71.95,128.015011,37.920017,1662.6465096000002,-75.583,-48.348,296.156,1.0
71.9666,128.014973,37.920032,1658.3869296,-72.906,-48.332,296.13,1.0
71.9833,128.014936,37.920047,1654.122168,-70.227,-48.319,296.115,1.0
72.0,128.014898,37.920061,1649.8525296,-67.554,-48.309,296.115,1.0
72.0166,128.014861,37.920076,1645.5780144,-64.884,-48.301,296.129,1.0
72.0333,128.014823,37.920091,1641.2998416,-62.215,-48.285,296.115,1.0
72.05,128.014786,37.920105,1637.0180112,-59.518,-48.245,296.034,1.0
72.0666,128.014748,37.92012,1632.732828,-56.766,-48.164,295.858,1.0
72.0833,128.01471,37.920135,1628.4433776,-53.99,-48.056,295.634,1.0
72.1,128.014673,37.920149,1624.1505744000003,-51.22,-47.938,295.409,1.0
72.1166,128.014635,37.920164,1619.8538088,-48.487,-47.831,295.224,1.0
72.1333,128.014597,37.920178,1615.5567384,-45.962,-47.724,295.039,1.0
72.15,128.014559,37.920193,1611.2587536,-43.61,-47.598,294.824,1.0
72.1666,128.014521,37.920208,1606.9610736,-41.371,-47.421,294.566,1.0
72.1833,128.014483,37.920222,1602.6640032,-39.222,-47.205,294.297,1.0
72.2,128.014445,37.920237,1598.366628,-37.143,-46.976,294.052,1.0
72.2166,128.014407,37.920251,1594.068948,-35.109,-46.762,293.851,1.0
72.2333,128.014368,37.920266,1589.7755352000001,-33.283,-46.552,293.646,1.0
72.25,128.01433,37.92028,1585.4857800000002,-31.628,-46.322,293.412,1.0
72.2666,128.014291,37.920294,1581.2009016000002,-30.103,-46.042,293.151,1.0
72.2833,128.014253,37.920309,1576.9215096000003,-28.692,-45.725,292.897,1.0
72.3,128.014214,37.920323,1572.6460800000002,-27.37,-45.404,292.677,1.0
72.3166,128.014175,37.920338,1568.3755272,-26.098,-45.105,292.498,1.0
72.3333,128.014135,37.920352,1564.1138136,-24.964,-44.809,292.321,1.0
72.35,128.014096,37.920366,1559.8606344000002,-23.931,-44.494,292.121,1.0
72.3666,128.014056,37.92038,1555.616904,-22.985,-44.157,291.916,1.0
72.3833,128.014017,37.920395,1551.3817080000001,-22.121,-43.814,291.729,1.0
72.4,128.013977,37.920409,1547.1550464,-21.326,-43.484,291.574,1.0
72.4166,128.013936,37.920423,1542.9369192000001,-20.567,-43.173,291.446,1.0
72.4333,128.013896,37.920437,1538.730984,-19.887,-42.879,291.328,1.0
72.45,128.013856,37.920452,1534.5366312,-19.265,-42.596,291.21,1.0
72.4666,128.013815,37.920466,1530.3532512000002,-18.688,-42.316,291.095,1.0
72.4833,128.013774,37.92048,1526.180844,-18.153,-42.037,290.99,1.0
72.5,128.013733,37.920494,1522.0200192,-17.65,-41.761,290.898,1.0
72.5166,128.013692,37.920508,1517.870472,-17.166,-41.488,290.817,1.0
72.5333,128.01365,37.920522,1513.7312880000002,-16.564,-41.218,290.752,1.0
72.55,128.013609,37.920536,1509.6024672,-15.842,-40.951,290.701,1.0
72.5666,128.013567,37.920551,1505.4843144,-15.019,-40.69,290.653,1.0
72.5833,128.013525,37.920565,1501.3768296,-14.122,-40.434,290.601,1.0
72.6,128.013483,37.920579,1497.2824512000002,-13.184,-40.182,290.547,1.0
72.6166,128.01344,37.920593,1493.19996,-12.235,-39.934,290.498,1.0
72.6333,128.013398,37.920607,1489.1317944,-11.389,-39.69,290.451,1.0
72.65,128.013355,37.920621,1485.0782592,-10.645,-39.449,290.408,1.0
72.6666,128.013312,37.920635,1481.0396592000002,-9.983,-39.208,290.375,1.0
72.6833,128.013269,37.92065,1477.0150800000001,-9.378,-38.968,290.354,1.0
72.7,128.013225,37.920664,1473.0042168,-8.805,-38.728,290.344,1.0
72.7166,128.013182,37.920678,1469.0076792,-8.239,-38.488,290.338,1.0
72.7333,128.013138,37.920692,1465.0276008,-7.748,-38.249,290.327,1.0
72.75,128.013094,37.920706,1461.0636768,-7.325,-38.011,290.31,1.0
72.7666,128.01305,37.920721,1457.116212,-6.961,-37.773,290.294,1.0
72.7833,128.013006,37.920735,1453.1836824,-6.647,-37.536,290.287,1.0
72.8,128.012961,37.920749,1449.2666976,-6.368,-37.298,290.289,1.0
72.8166,128.012917,37.920764,1445.3652576,-6.103,-37.061,290.297,1.0
72.8333,128.012872,37.920778,1441.481496,-5.868,-36.823,290.302,1.0
72.85,128.012827,37.920792,1437.6132792,-5.655,-36.586,290.303,1.0
72.8666,128.012782,37.920807,1433.7615216000002,-5.46,-36.349,290.302,1.0
72.8833,128.012736,37.920821,1429.9259184000002,-5.283,-36.112,290.304,1.0
72.9,128.012691,37.920836,1426.1061648,-5.123,-35.876,290.31,1.0
72.9166,128.012645,37.92085,1422.3028704,-4.972,-35.64,290.319,1.0
72.9333,128.012599,37.920865,1418.5169495999999,-4.834,-35.404,290.328,1.0
72.95,128.012553,37.920879,1414.7471832,-4.705,-35.168,290.335,1.0
72.9666,128.012507,37.920894,1410.9941808,-4.582,-34.932,290.341,1.0
72.9833,128.01246,37.920908,1407.2579424,-4.467,-34.697,290.348,1.0
73.0,128.012413,37.920923,1403.538468,-4.357,-34.463,290.356,1.0
73.0166,128.012367,37.920938,1399.8357576,-4.252,-34.228,290.366,1.0
73.0333,128.01232,37.920952,1396.1504208000001,-4.155,-33.994,290.375,1.0
73.05,128.012272,37.920967,1392.4818480000001,-4.063,-33.76,290.384,1.0
73.0666,128.012225,37.920982,1388.8306488,-3.976,-33.526,290.393,1.0
73.0833,128.012178,37.920997,1385.1968232000002,-3.892,-33.292,290.401,1.0
73.1,128.01213,37.921011,1381.5800664,-3.812,-33.059,290.41,1.0
73.1166,128.012082,37.921026,1377.9806832000002,-3.734,-32.826,290.42,1.0
73.1333,128.012034,37.921041,1374.3989784,-3.662,-32.593,290.43,1.0
73.15,128.011986,37.921056,1370.8346471999998,-3.593,-32.36,290.439,1.0
73.1666,128.011938,37.921071,1367.2882992000002,-3.527,-32.127,290.448,1.0
73.1833,128.011889,37.921086,1363.7593248,-3.464,-31.895,290.457,1.0
73.2,128.01184,37.921101,1360.2480288000002,-3.404,-31.662,290.466,1.0
73.2166,128.011791,37.921116,1356.7547160000001,-3.345,-31.43,290.476,1.0
73.2333,128.011742,37.921131,1353.2796912000001,-3.29,-31.198,290.485,1.0
73.25,128.011693,37.921146,1349.8223448,-3.238,-30.966,290.494,1.0
73.2666,128.011644,37.921161,1346.3829816,-3.188,-30.734,290.503,1.0
73.2833,128.011594,37.921176,1342.9619063999999,-3.14,-30.503,290.512,1.0
73.3,128.011545,37.921192,1339.5591192,-3.094,-30.271,290.521,1.0
73.3166,128.011495,37.921207,1336.1743152000001,-3.05,-30.039,290.53,1.0
73.3333,128.011445,37.921222,1332.808104,-3.008,-29.808,290.539,1.0
73.35,128.011395,37.921237,1329.4601808,-2.969,-29.576,290.547,1.0
73.3666,128.011345,37.921253,1326.1308504,-2.931,-29.345,290.555,1.0
73.3833,128.011294,37.921268,1322.8201128,-2.895,-29.114,290.564,1.0
73.4,128.011244,37.921283,1319.5276632,-2.861,-28.883,290.572,1.0
73.4166,128.011193,37.921299,1316.2541112000001,-2.827,-28.652,290.58,1.0
73.4333,128.011142,37.921314,1312.9994568,-2.796,-28.421,290.588,1.0
73.45,128.011091,37.92133,1309.7633952,-2.766,-28.19,290.596,1.0
73.4666,128.01104,37.921345,1306.5462312000002,-2.738,-27.959,290.603,1.0
73.4833,128.010988,37.921361,1303.3479648,-2.712,-27.728,290.611,1.0
73.5,128.010937,37.921376,1300.1689008,-2.686,-27.497,290.618,1.0
73.5166,128.010885,37.921392,1297.0087344,-2.662,-27.266,290.626,1.0
73.5333,128.010834,37.921408,1293.8677704000002,-2.639,-27.036,290.633,1.0
73.55,128.010782,37.921423,1290.745704,-2.618,-26.805,290.64,1.0
73.5666,128.01073,37.921439,1287.6431448,-2.598,-26.574,290.646,1.0
73.5833,128.010677,37.921455,1284.5597880000003,-2.579,-26.344,290.653,1.0
73.6,128.010625,37.921471,1281.4959384000001,-2.561,-26.113,290.659,1.0
73.6166,128.010573,37.921486,1278.4512912000002,-2.544,-25.883,290.666,1.0
73.6333,128.01052,37.921502,1275.4261512,-2.528,-25.652,290.672,1.0
73.65,128.010467,37.921518,1272.4208232,-2.514,-25.422,290.678,1.0
73.6666,128.010414,37.921534,1269.4346976,-2.5,-25.191,290.684,1.0
73.6833,128.010361,37.92155,1266.468384,-2.487,-24.961,290.689,1.0
73.7,128.010308,37.921566,1263.5218823999999,-2.476,-24.731,290.695,1.0
73.7166,128.010255,37.921582,1260.594888,-2.465,-24.5,290.7,1.0
73.7333,128.010201,37.921598,1257.6880104000002,-2.455,-24.27,290.705,1.0
73.75,128.010148,37.921614,1254.8009448000003,-2.446,-24.04,290.71,1.0
73.7666,128.010094,37.92163,1251.9336912,-2.438,-23.81,290.715,1.0
73.7833,128.01004,37.921646,1249.0862496,-2.431,-23.58,290.719,1.0
73.8,128.009986,37.921662,1246.2592296,-2.424,-23.349,290.724,1.0
73.8166,128.009932,37.921678,1243.4520216,-2.418,-23.119,290.728,1.0
73.8333,128.009878,37.921695,1240.6652352,-2.413,-22.889,290.732,1.0
73.85,128.009824,37.921711,1237.8982608000001,-2.408,-22.659,290.736,0.9834855299962075
73.8666,128.009769,37.921727,1235.151708,-2.404,-22.429,290.739,0.9669716552399219
73.8833,128.009715,37.921743,1232.4255768,-2.401,-22.199,290.742,0.9504585786756296
73.9,128.00966,37.92176,1229.7195624,-2.399,-21.969,290.745,0.9339450200615796
73.9166,128.009605,37.921776,1227.0342744,-2.397,-21.739,290.748,0.917433308304926
73.9333,128.00955,37.921792,1224.3691032,-2.395,-21.509,290.75,0.9009215039617797
73.95,128.009495,37.921809,1221.7246584,-2.391,-21.279,290.751,0.8844113117542095
73.9666,128.00944,37.921825,1219.1006352,-2.388,-21.049,290.751,0.8679020888729352
73.9833,128.009384,37.921842,1216.4973384,-2.386,-20.819,290.752,0.8679020888729352
74.0,128.009329,37.921858,1213.9144632,-2.388,-20.589,290.753,0.8679020888729352
74.0166,128.009273,37.921874,1211.3526192,-2.39,-20.36,290.754,0.8679020888729352
74.0333,128.009218,37.921891,1208.8111968,-2.391,-20.13,290.754,0.8679020888729352
74.05,128.009162,37.921908,1206.2908056,-2.391,-19.9,290.752,0.8679020888729352
74.0666,128.009106,37.921924,1203.7911408,-2.39,-19.67,290.75,0.8679020888729352
74.0833,128.00905,37.921941,1201.3125072,-2.391,-19.44,290.749,0.8679020888729352
74.1,128.008994,37.921957,1198.8546000000001,-2.394,-19.211,290.747,0.8679020888729352
74.1166,128.008938,37.921974,1196.4177240000001,-2.399,-18.981,290.746,0.8679020888729352
74.1333,128.008881,37.921991,1194.0018792,-2.403,-18.751,290.744,0.8679020888729352
74.15,128.008825,37.922007,1191.6070656000002,-2.405,-18.522,290.741,0.8679020888729352
74.1666,128.008768,37.922024,1189.233588,-2.406,-18.292,290.738,0.8679020888729352
74.1833,128.008712,37.922041,1186.8811416,-2.409,-18.062,290.734,0.8679020888729352
74.2,128.008655,37.922058,1184.5497264,-2.414,-17.833,290.731,0.8679020888729352
74.2166,128.008598,37.922074,1182.2396472,-2.42,-17.603,290.729,0.8679020888729352
74.2333,128.008541,37.922091,1179.950904,-2.426,-17.373,290.725,0.8679020888729352
74.25,128.008484,37.922108,1177.6834968,-2.43,-17.144,290.721,0.8679020888729352
74.2666,128.008427,37.922125,1175.4374256,-2.433,-16.914,290.716,0.8679020888729352
74.2833,128.00837,37.922142,1173.2126904000002,-2.438,-16.685,290.711,0.8679020888729352
74.3,128.008312,37.922159,1171.009596,-2.444,-16.455,290.707,0.8679020888729352
74.3166,128.008255,37.922176,1168.8278376,-2.451,-16.226,290.703,0.8679020888729352
74.3333,128.008197,37.922193,1166.6674152,-2.458,-15.996,290.698,0.8679020888729352
74.35,128.008139,37.92221,1164.5289384,-2.463,-15.767,290.693,0.8679020888729352
74.3666,128.008082,37.922227,1162.4117976,-2.468,-15.537,290.687,0.8679020888729352
74.3833,128.008024,37.922244,1160.3162976,-2.474,-15.308,290.681,0.8679020888729352
74.4,128.007966,37.922261,1158.2427432,-2.481,-15.078,290.676,0.8679020888729352
74.4166,128.007908,37.922278,1156.1905248,-2.489,-14.849,290.67,0.8679020888729352
74.4333,128.00785,37.922295,1154.1568992,-2.332,-14.652,290.681,0.8679020888729352
74.45,128.007791,37.922312,1152.140952,-2.018,-14.522,290.708,0.8679020888729352
74.4666,128.007733,37.922329,1150.1402448000001,-1.577,-14.49,290.738,0.8679020888729352
74.4833,128.007675,37.922346,1148.1523392000001,-1.038,-14.586,290.759,0.8679020888729352
74.5,128.007616,37.922363,1146.179064,-0.441,-14.837,290.771,0.8679020888729352
74.5166,128.007558,37.92238,1144.2188952,0.174,-15.198,290.778,0.8679020888729352
74.5333,128.007499,37.922398,1142.2663464,0.827,-15.622,290.79,0.8679020888729352
74.55,128.007441,37.922415,1140.3229416000001,1.508,-16.063,290.809,0.8679020888729352
74.5666,128.007382,37.922432,1138.3877664000001,2.219,-16.477,290.828,0.8679020888729352
74.5833,128.007323,37.922449,1136.460516,2.967,-16.82,290.841,0.8679020888729352
74.6,128.007265,37.922467,1134.5414952,3.745,-17.053,290.847,0.8679020888729352
74.6166,128.007206,37.922484,1132.6300944000002,4.536,-17.172,290.852,0.8679020888729352
74.6333,128.007147,37.922501,1130.7299712000001,5.088,-17.148,290.842,0.8679020888729352
74.65,128.007088,37.922518,1128.8426496000002,5.401,-16.958,290.827,0.8679020888729352
74.6666,128.00703,37.922536,1126.9711776,5.51,-16.583,290.835,0.8679020888729352
74.6833,128.006971,37.922553,1125.1155552,5.464,-16.058,290.883,0.8679020888729352
74.7,128.006912,37.922571,1123.2760872000001,5.332,-15.415,290.965,0.8679020888729352
74.7166,128.006853,37.922588,1121.4533832000002,5.192,-14.69,291.061,0.8679020888729352
74.7333,128.006794,37.922606,1119.6498816,5.096,-13.922,291.139,0.8679020888729352
74.75,128.006735,37.922623,1117.8671064,5.053,-13.155,291.19,0.8679020888729352
74.7666,128.006675,37.922641,1116.1065816,5.024,-12.438,291.224,0.8679020888729352
74.7833,128.006616,37.922658,1114.368612,4.967,-11.815,291.255,0.8679020888729352
74.8,128.006557,37.922676,1112.6528928,4.87,-11.326,291.287,0.8679020888729352
74.8166,128.006497,37.922694,1110.9582048000002,4.75,-11.012,291.313,0.8679020888729352
74.8333,128.006438,37.922712,1109.2815,4.836,-10.908,291.355,0.8679020888729352
74.85,128.006378,37.922729,1107.6200352,5.127,-11.044,291.401,0.8679020888729352
74.8666,128.006319,37.922747,1105.9701528,5.654,-11.417,291.422,0.8679020888729352
74.8833,128.006259,37.922765,1104.3291096,6.43,-11.973,291.404,0.8679020888729352
74.9,128.006199,37.922783,1102.6929432000002,7.428,-12.66,291.347,0.8679020888729352
74.9166,128.00614,37.922801,1101.0592152,8.555,-13.426,291.262,0.8679020888729352
74.9333,128.00608,37.922819,1099.4264016,9.764,-14.219,291.165,0.8679020888729352
74.95,128.00602,37.922837,1097.795112,11.015,-14.988,291.063,0.8679020888729352
74.9666,128.005961,37.922854,1096.1635176,12.294,-15.683,290.959,0.8679020888729352
74.9833,128.005901,37.922872,1094.5300944,13.596,-16.256,290.861,0.8679020888729352
75.0,128.005841,37.92289,1092.8960616000002,14.909,-16.667,290.781,0.8679020888729352
75.0166,128.005781,37.922908,1091.2620288,16.213,-16.89,290.738,0.8679020888729352
75.0333,128.005722,37.922926,1089.6298248,17.201,-16.893,290.707,0.8679020888729352
75.05,128.005662,37.922944,1088.0028024,17.88,-16.658,290.708,0.8679020888729352
75.0666,128.005602,37.922962,1086.3849240000002,18.197,-16.183,290.789,0.8679020888729352
75.0833,128.005542,37.92298,1084.777104,18.124,-15.512,290.97,0.8679020888729352
75.1,128.005483,37.922998,1083.1833048,17.7,-14.681,291.237,0.8679020888729352
75.1166,128.005423,37.923017,1081.6065744,17.091,-13.721,291.559,0.8679020888729352
75.1333,128.005363,37.923035,1080.0502656,16.331,-12.664,291.89,0.8679020888729352
75.15,128.005303,37.923053,1078.5177312,15.506,-11.557,292.2,0.8679020888729352
75.1666,128.005243,37.923072,1077.0086664,14.654,-10.453,292.484,0.8679020888729352
75.1833,128.005183,37.92309,1075.5261192,13.777,-9.408,292.739,0.8679020888729352
75.2,128.005123,37.923109,1074.0713088000002,12.879,-8.471,292.959,0.8679020888729352
75.2166,128.005063,37.923128,1072.6439304,11.98,-7.689,293.134,0.8679020888729352
75.2333,128.005003,37.923146,1071.2433744,11.358,-7.115,293.292,0.8679020888729352
75.25,128.004943,37.923165,1069.8672024,10.994,-6.787,293.425,0.8679020888729352
75.2666,128.004883,37.923184,1068.511452,10.917,-6.733,293.497,0.8679020888729352
75.2833,128.004823,37.923203,1067.17338,11.136,-6.976,293.484,0.8679020888729352
75.3,128.004763,37.923222,1065.8496336,11.624,-7.467,293.399,0.8679020888729352
75.3166,128.004703,37.923241,1064.5362504,12.332,-8.155,293.264,0.8679020888729352
75.3333,128.004642,37.92326,1063.229268,13.226,-8.986,293.103,0.8679020888729352
75.35,128.004582,37.923279,1061.9247240000002,14.294,-9.905,292.926,0.8679020888729352
75.3666,128.004522,37.923298,1060.6195704,15.546,-10.853,292.731,0.8679020888729352
75.3833,128.004462,37.923317,1059.3104544,16.993,-11.773,292.519,0.8679020888729352
75.4,128.004402,37.923337,1057.9961568,18.591,-12.611,292.294,0.8679020888729352
75.4166,128.004341,37.923356,1056.6785064,20.274,-13.318,292.075,0.8679020888729352
75.4333,128.004281,37.923375,1055.3526264000002,22.066,-13.86,291.893,0.8679020888729352
75.45,128.004221,37.923394,1054.0233936,23.914,-14.213,291.775,0.8679020888729352
75.4666,128.004161,37.923413,1052.6917224000001,25.779,-14.356,291.742,0.8679020888729352
75.4833,128.0041,37.923432,1051.3563936,27.643,-14.309,291.792,0.8679020888729352
75.5,128.00404,37.923451,1050.019236,29.495,-14.101,291.919,0.8679020888729352
75.5166,128.00398,37.92347,1048.6814688000002,31.317,-13.769,292.118,0.8679020888729352
75.5333,128.003919,37.92349,1047.3473592,32.744,-13.279,292.367,0.8679020888729352
75.55,128.003859,37.923509,1046.0184312000001,33.798,-12.66,292.661,0.8679020888729352
75.5666,128.003799,37.923528,1044.6992568,34.432,-11.979,293.015,0.8679020888729352
75.5833,128.003739,37.923548,1043.3910552,34.643,-11.291,293.423,0.8679020888729352
75.6,128.003678,37.923567,1042.0956552,34.476,-10.637,293.858,0.8679020888729352
75.6166,128.003618,37.923587,1040.8133616,34.017,-10.04,294.269,0.8679020888729352
75.6333,128.003558,37.923606,1039.5453936000001,33.35,-9.523,294.606,0.8679020888729352
75.65,128.003497,37.923626,1038.2929704,32.537,-9.115,294.84,0.8679020888729352
75.6666,128.003437,37.923646,1037.0573112,31.636,-8.841,294.97,0.8679020888729352
75.6833,128.003377,37.923666,1035.8381112,30.669,-8.68,295.033,0.8679020888729352
75.7,128.003317,37.923686,1034.6326272000001,29.655,-8.605,295.056,0.8679020888729352
75.7166,128.003257,37.923707,1033.4420784000001,28.626,-8.58,295.056,0.8679020888729352
75.7333,128.003196,37.923727,1032.2637216,27.883,-8.65,295.053,0.8679020888729352
75.75,128.003136,37.923747,1031.0948136,27.415,-8.839,295.027,0.8679020888729352
75.7666,128.003076,37.923768,1029.9332208,27.26,-9.091,294.967,0.8679020888729352
75.7833,128.003016,37.923788,1028.777724,27.433,-9.356,294.87,0.8679020888729352
75.8,128.002956,37.923809,1027.6274088,27.903,-9.596,294.758,0.8679020888729352
75.8166,128.002895,37.923829,1026.4822752,28.609,-9.783,294.666,0.8679020888729352
75.8333,128.002835,37.92385,1025.341104,29.497,-9.897,294.628,0.8679020888729352
75.85,128.002775,37.923871,1024.2017616,30.552,-9.969,294.631,0.8679020888729352
75.8666,128.002715,37.923891,1023.0630288,31.782,-10.022,294.649,0.8679020888729352
75.8833,128.002654,37.923912,1021.9233816,33.195,-10.081,294.653,0.8679020888729352
75.9,128.002594,37.923933,1020.7816008000001,34.785,-10.165,294.625,0.8679020888729352
75.9166,128.002534,37.923954,1019.6379912,36.526,-10.268,294.577,0.8679020888729352
75.9333,128.002474,37.923974,1018.493772,38.391,-10.37,294.531,0.8679020888729352
75.95,128.002413,37.923995,1017.3474192,40.363,-10.46,294.5,0.8679020888729352
75.9666,128.002353,37.924016,1016.1992376000001,42.441,-10.535,294.482,0.8679020888729352
75.9833,128.002292,37.924037,1015.0483128,44.627,-10.601,294.466,0.8679020888729352
76.0,128.002232,37.924058,1013.8949496000001,46.919,-10.665,294.442,0.8679020888729352
76.0166,128.002172,37.924079,1012.7391480000001,49.305,-10.73,294.408,0.8679020888729352
76.0333,128.002111,37.9241,1011.5799936,51.298,-10.73,294.358,0.8679020888729352
76.05,128.002051,37.92412,1010.4205344,52.921,-10.645,294.326,0.8679020888729352
76.0666,128.00199,37.924141,1009.2650376,54.107,-10.498,294.376,0.8679020888729352
76.0833,128.00193,37.924162,1008.1141127999999,54.818,-10.309,294.558,0.8679020888729352
76.1,128.00187,37.924184,1006.9680648000001,55.091,-10.068,294.89,0.8679020888729352
76.1166,128.001809,37.924205,1005.8256744,55.022,-9.77,295.326,0.8679020888729352
76.1333,128.001749,37.924226,1004.6887704000001,54.699,-9.415,295.813,0.8679020888729352
76.15,128.001689,37.924248,1003.5591816,54.164,-9.023,296.307,0.8679020888729352
76.1666,128.001628,37.924269,1002.4393464,53.419,-8.63,296.778,0.8679020888729352
76.1833,128.001568,37.924291,1001.3298744,52.462,-8.277,297.2,0.8679020888729352
76.2,128.001508,37.924313,1000.2313752000001,51.308,-7.993,297.542,0.8679020888729352
76.2166,128.001448,37.924335,999.1438488,49.991,-7.8,297.77,0.8679020888729352
76.2333,128.001388,37.924357,998.0679048000001,49.006,-7.76,297.889,0.8679020888729352
76.25,128.001328,37.924379,996.9986664,48.339,-7.89,297.873,0.8679020888729352
76.2666,128.001268,37.924402,995.9330856,48.042,-8.145,297.707,0.8679020888729352
76.2833,128.001208,37.924424,994.8702480000001,48.134,-8.469,297.406,0.8679020888729352
76.3,128.001148,37.924446,993.8092392000001,48.571,-8.83,297.011,0.8679020888729352
76.3166,128.001088,37.924469,992.7491448000001,49.275,-9.218,296.577,0.8679020888729352
76.3333,128.001028,37.924491,991.6887456000001,50.181,-9.614,296.156,0.8679020888729352
76.35,128.000969,37.924514,990.6259080000001,51.27,-9.99,295.784,0.8679020888729352
76.3666,128.000909,37.924536,989.559108,52.552,-10.302,295.485,0.8679020888729352
76.3833,128.000849,37.924559,988.4880408,54.038,-10.511,295.285,0.8679020888729352
76.4,128.000789,37.924581,987.4130112,55.709,-10.599,295.211,0.8679020888729352
76.4166,128.000729,37.924604,986.3340192000001,57.53,-10.587,295.264,0.8679020888729352
76.4333,128.000669,37.924627,985.2516744000001,58.974,-10.429,295.439,0.8679020888729352
76.45,128.000609,37.924649,984.1699392,60.054,-10.139,295.746,0.8679020888729352
76.4666,128.000549,37.924672,983.0921664,60.71,-9.786,296.183,0.8679020888729352
76.4833,128.000489,37.924694,982.0186608,60.924,-9.425,296.732,0.8679020888729352
76.5,128.000429,37.924717,980.9494224000001,60.745,-9.079,297.348,0.8679020888729352
76.5166,128.000369,37.92474,979.8841464,60.273,-8.742,297.972,0.8679020888729352
76.5333,128.000309,37.924763,978.8237472000001,59.599,-8.408,298.544,0.8679020888729352
76.55,128.000249,37.924787,977.7697488,58.764,-8.091,299.019,0.8679020888729352
76.5666,128.00019,37.92481,976.72398,57.766,-7.828,299.368,0.8679020888729352
76.5833,128.00013,37.924833,975.6864408,56.593,-7.659,299.569,0.8679020888729352
76.6,128.00007,37.924857,974.6574360000001,55.249,-7.615,299.598,0.8679020888729352
76.6166,128.000011,37.924881,973.636356,53.756,-7.671,299.491,0.8679020888729352
76.6333,127.999951,37.924905,972.6225912,52.618,-7.827,299.305,0.8679020888729352
76.65,127.999892,37.924929,971.614008,51.829,-8.053,299.076,0.8679020888729352
76.6666,127.999833,37.924953,970.6078632000001,51.36,-8.293,298.821,0.8679020888729352
76.6833,127.999773,37.924977,969.6032424,51.127,-8.501,298.56,0.8679020888729352
76.7,127.999714,37.925001,968.6019744,51.011,-8.648,298.329,0.8679020888729352
76.7166,127.999655,37.925025,967.6064976,50.892,-8.724,298.174,0.8679020888729352
76.7333,127.999595,37.925049,966.6158976,50.494,-8.71,298.126,0.8679020888729352
76.75,127.999536,37.925074,965.6329176,49.824,-8.591,298.206,0.8679020888729352
76.7666,127.999477,37.925098,964.6593864,48.947,-8.361,298.439,0.8679020888729352
76.7833,127.999418,37.925123,963.6974376000001,47.946,-8.009,298.83,0.8679020888729352
76.8,127.999359,37.925148,962.7452424,46.909,-7.551,299.345,0.8679020888729352
76.8166,127.9993,37.925172,961.8043248,45.898,-7.001,299.941,0.8679020888729352
76.8333,127.999242,37.925198,960.8792568,44.784,-6.369,300.57,0.8679020888729352
76.85,127.999183,37.925223,959.9715624,43.573,-5.69,301.195,0.8679020888729352
76.8666,127.999124,37.925248,959.0845944,42.274,-5.011,301.791,0.8679020888729352
76.8833,127.999066,37.925274,958.219572,40.902,-4.381,302.338,0.8679020888729352
76.9,127.999007,37.925299,957.3746664,39.491,-3.836,302.807,0.8679020888729352
76.9166,127.998949,37.925325,956.5498776,38.086,-3.405,303.162,0.8679020888729352
76.9333,127.998891,37.925351,955.744596,36.727,-3.119,303.374,0.8679020888729352
76.95,127.998833,37.925377,954.9585168,35.414,-3.01,303.426,0.8679020888729352
76.9666,127.998775,37.925404,954.1922496000001,34.12,-3.05,303.355,0.8679020888729352
76.9833,127.998717,37.92543,953.4439656000001,32.813,-3.21,303.2,0.8679020888729352
77.0,127.998659,37.925457,952.7127504,31.475,-3.454,302.999,0.8679020888729352
77.0166,127.998601,37.925483,951.9973848000001,30.104,-3.744,302.782,0.8679020888729352
77.0333,127.998543,37.92551,951.294516,28.783,-4.041,302.579,0.8679020888729352
77.05,127.998485,37.925537,950.6038392,27.52,-4.302,302.409,0.8679020888729352
77.0666,127.998428,37.925563,949.9244400000001,26.305,-4.484,302.286,0.8679020888729352
77.0833,127.99837,37.92559,949.2590616000001,25.123,-4.554,302.218,0.8679020888729352
77.1,127.998312,37.925617,948.607704,23.954,-4.484,302.213,0.8679020888729352
77.1166,127.998255,37.925644,947.9725008000001,22.782,-4.251,302.281,0.8679020888729352
77.1333,127.998197,37.925671,947.3522328,21.668,-3.846,302.425,0.8679020888729352
77.15,127.99814,37.925698,946.7478144000002,20.613,-3.299,302.627,0.8679020888729352
77.1666,127.998083,37.925726,946.163208,19.614,-2.639,302.86,0.8679020888729352
77.1833,127.998025,37.925753,945.6002424,18.665,-1.9,303.102,0.8679020888729352
77.2,127.997968,37.92578,945.0604416000001,17.749,-1.119,303.335,0.8679020888729352
77.2166,127.997911,37.925808,944.5459392,16.845,-0.344,303.548,0.8679020888729352
77.2333,127.997853,37.925835,944.0546016000001,15.996,0.374,303.736,0.8679020888729352
77.25,127.997796,37.925863,943.5879528,15.19,0.995,303.893,0.8679020888729352
77.2666,127.997739,37.925891,943.1475168,14.419,1.477,304.002,0.8679020888729352
77.2833,127.997682,37.925918,942.73116,13.674,1.781,304.053,0.8679020888729352
77.3,127.997625,37.925946,942.3391872000001,12.944,1.919,304.05,0.8679020888729352
77.3166,127.997568,37.925974,941.9709888000001,12.214,1.931,304.012,0.8679020888729352
77.3333,127.997511,37.926002,941.6226024000001,11.513,1.856,303.957,0.8679020888729352
77.35,127.997454,37.92603,941.2946376000001,10.835,1.736,303.9,0.8679020888729352
77.3666,127.997397,37.926058,940.9870944,10.173,1.616,303.847,0.8679020888729352
77.3833,127.99734,37.926086,940.699668,9.525,1.537,303.8,0.8679020888729352
77.4,127.997283,37.926114,940.4320536000001,8.889,1.534,303.763,0.8679020888729352
77.4166,127.997226,37.926142,940.1854704,8.256,1.634,303.74,0.8679020888729352
77.4333,127.99717,37.92617,939.9577848000001,7.652,1.865,303.738,0.8679020888729352
77.45,127.997113,37.926198,939.7520448,7.073,2.213,303.755,0.8679020888729352
77.4666,127.997056,37.926226,939.5682504,6.516,2.648,303.781,0.8679020888729352
77.4833,127.996999,37.926254,939.407316,5.978,3.137,303.807,0.8679020888729352
77.5,127.996943,37.926282,939.2698512000001,5.456,3.645,303.827,0.8679020888729352
77.5166,127.996886,37.92631,939.1567704,4.941,4.131,303.838,0.8679020888729352
77.5333,127.996829,37.926339,939.0653304,4.454,4.553,303.841,0.8679020888729352
77.55,127.996773,37.926367,938.99736,3.988,4.873,303.835,0.8679020888729352
77.5666,127.996716,37.926395,938.9525544,3.537,5.09,303.82,0.8679020888729352
77.5833,127.99666,37.926423,938.9309136,3.097,5.24,303.796,0.8679020888729352
77.6,127.996603,37.926452,938.9318280000001,2.663,5.362,303.767,0.8679020888729352
77.6166,127.996547,37.92648,938.956212,2.229,5.493,303.735,0.8679020888729352
77.6333,127.99649,37.926508,939.0022368,1.813,5.667,303.707,0.8679020888729352
77.65,127.996434,37.926536,939.0726456000001,1.411,5.91,303.682,0.8679020888729352
77.6666,127.996377,37.926565,939.1659144000001,1.022,6.202,303.659,0.8679020888729352
77.6833,127.996321,37.926593,939.2823480000001,0.643,6.511,303.633,0.8679020888729352
77.7,127.996265,37.926621,939.4219464,0.273,6.8,303.602,0.8679020888729352
77.7166,127.996208,37.926649,939.5850144000001,-0.092,7.056,303.568,0.8679020888729352
77.7333,127.996152,37.926678,939.7733808,-0.605,7.292,303.523,0.8679020888729352
77.75,127.996096,37.926706,939.98796,-1.26,7.527,303.468,0.8679020888729352
77.7666,127.996039,37.926734,940.2290568000001,-2.023,7.773,303.412,0.8679020888729352
77.7833,127.995983,37.926762,940.4951472,-2.859,8.031,303.364,0.8679020888729352
77.8,127.995927,37.926791,940.7847072,-3.733,8.291,303.32,0.8679020888729352
77.8166,127.995871,37.926819,941.0986512000001,-4.612,8.546,303.276,0.8679020888729352
77.8333,127.995815,37.926847,941.4348456000001,-5.401,8.797,303.227,0.8679020888729352
77.85,127.995759,37.926875,941.7926808000001,-6.104,9.044,303.174,0.8679020888729352
77.8666,127.995702,37.926903,942.173376,-6.748,9.291,303.112,0.8679020888729352
77.8833,127.995646,37.926931,942.5781504,-7.361,9.538,303.042,0.8679020888729352
77.9,127.99559,37.926959,943.0063944000001,-7.967,9.786,302.966,0.8679020888729352
77.9166,127.995534,37.926987,943.4584128,-8.578,10.032,302.889,0.8679020888729352
77.9333,127.995478,37.927015,943.9314624,-9.118,10.276,302.817,0.8679020888729352
77.95,127.995422,37.927043,944.4255432000001,-9.586,10.518,302.749,0.8679020888729352
77.9666,127.995366,37.927071,944.9412648,-9.999,10.759,302.678,0.8679020888729352
77.9833,127.99531,37.927099,945.480456,-10.37,10.997,302.599,0.8679020888729352
78.0,127.995254,37.927127,946.0422024000001,-10.719,11.234,302.512,0.8679020888729352
78.0166,127.995198,37.927154,946.6268088000002,-11.065,11.469,302.422,0.8679020888729352
78.0333,127.995142,37.927182,947.2315320000001,-11.383,11.703,302.334,0.8679020888729352
78.05,127.995086,37.92721,947.8585056000001,-11.677,11.935,302.252,0.8679020888729352
78.0666,127.99503,37.927237,948.5080343999999,-11.951,12.166,302.17,0.8679020888729352
78.0833,127.994974,37.927265,949.1798136,-12.205,12.396,302.085,0.8679020888729352
78.1,127.994919,37.927292,949.8738432,-12.446,12.625,301.996,0.8679020888729352
78.1166,127.994863,37.92732,950.5901232,-12.682,12.851,301.903,0.8679020888729352
78.1333,127.994807,37.927347,951.3274344,-12.901,13.077,301.811,0.8679020888729352
78.15,127.994751,37.927374,952.086996,-13.109,13.302,301.722,0.8679020888729352
78.1666,127.994695,37.927401,952.8685032,-13.307,13.527,301.633,0.8679020888729352
78.1833,127.994639,37.927429,953.6722608,-13.496,13.751,301.543,0.8679020888729352
78.2,127.994583,37.927456,954.497964,-13.679,13.973,301.451,0.8679020888729352
78.2166,127.994528,37.927483,955.3456128,-13.858,14.195,301.357,0.8679020888729352
78.2333,127.994472,37.92751,956.2145976,-14.027,14.416,301.264,0.8679020888729352
78.25,127.994416,37.927537,957.105528,-14.188,14.636,301.171,0.8679020888729352
78.2666,127.994361,37.927563,958.018404,-14.344,14.856,301.079,0.8679020888729352
78.2833,127.994305,37.92759,958.9529208,-14.495,15.075,300.985,0.8679020888729352
78.3,127.994249,37.927617,959.9090784,-14.642,15.294,300.891,0.8679020888729352
78.3166,127.994194,37.927644,960.8871816,-14.787,15.512,300.796,0.8679020888729352
78.3333,127.994138,37.92767,961.8863160000001,-14.925,15.73,300.701,0.8679020888729352
78.35,127.994082,37.927697,962.9073960000001,-15.057,15.947,300.607,0.8679020888729352
78.3666,127.994027,37.927723,963.9498120000001,-15.184,16.164,300.512,0.8679020888729352
78.3833,127.993971,37.927749,965.0138688000001,-15.308,16.38,300.417,0.8679020888729352
78.4,127.993916,37.927776,966.0992616000001,-15.429,16.597,300.321,0.8679020888729352
78.4166,127.99386,37.927802,967.2059904,-15.549,16.812,300.225,0.8679020888729352
78.4333,127.993805,37.927828,968.3340552000001,-15.664,17.027,300.129,0.8679020888729352
78.45,127.993749,37.927854,969.4831512000001,-15.774,17.242,300.033,0.8679020888729352
78.4666,127.993694,37.92788,970.6535832000001,-15.881,17.457,299.937,0.8679020888729352
78.4833,127.993638,37.927906,971.8453512000001,-15.984,17.671,299.84,0.8679020888729352
78.5,127.993583,37.927931,973.0581504,-16.086,17.886,299.744,0.8679020888729352
78.5166,127.993528,37.927957,974.2922856,-16.187,18.099,299.646,0.8679020888729352
78.5333,127.993472,37.927983,975.5471472,-16.284,18.313,299.549,0.8679020888729352
78.55,127.993417,37.928008,976.8230400000001,-16.378,18.526,299.452,0.8679020888729352
78.5666,127.993362,37.928034,978.1196592000001,-16.469,18.739,299.355,0.8679020888729352
78.5833,127.993307,37.928059,979.4376144000001,-16.558,18.952,299.257,0.8679020888729352
78.6,127.993251,37.928084,980.7759912,-16.646,19.165,299.159,0.8679020888729352
78.6166,127.993196,37.92811,982.1353991999999,-16.733,19.377,299.061,0.8679020888729352
78.6333,127.993141,37.928135,983.5155336,-16.817,19.59,298.963,0.8679020888729352
78.65,127.993086,37.92816,984.9163944000001,-16.9,19.802,298.865,0.8679020888729352
78.6666,127.993031,37.928185,986.3376768,-16.98,20.014,298.767,0.8679020888729352
78.6833,127.992976,37.928209,987.7796856,-17.06,20.226,298.669,0.8679020888729352
78.7,127.992921,37.928234,989.2421160000001,-17.138,20.437,298.57,0.8679020888729352
78.7166,127.992866,37.928259,990.724968,-17.215,20.649,298.472,0.8679020888729352
78.7333,127.992811,37.928283,992.2282416,-17.292,20.86,298.374,0.8679020888729352
78.75,127.992756,37.928308,993.7519368000001,-17.368,21.072,298.276,0.8679020888729352
78.7666,127.992701,37.928332,995.2960536,-17.443,21.283,298.179,0.8679020888729352
78.7833,127.992647,37.928357,996.8602872000001,-17.516,21.495,298.081,0.8679020888729352
78.8,127.992592,37.928381,998.4449424,-17.587,21.706,297.983,0.8679020888729352
78.8166,127.992537,37.928405,1000.0494096,-17.657,21.917,297.884,0.8679020888729352
78.8333,127.992482,37.928429,1001.6739936,-17.728,22.128,297.786,0.8679020888729352
78.85,127.992428,37.928453,1003.3189992,-17.799,22.339,297.689,0.8679020888729352
78.8666,127.992373,37.928477,1004.983512,-17.87,22.55,297.592,0.8679020888729352
78.8833,127.992319,37.9285,1006.6681416000001,-17.939,22.761,297.495,0.8679020888729352
78.9,127.992264,37.928524,1008.3725832000001,-18.006,22.972,297.397,0.8679020888729352
78.9166,127.99221,37.928548,1010.0968368,-18.072,23.182,297.298,0.8679020888729352
78.9333,127.992155,37.928571,1011.8409024000001,-18.137,23.393,297.2,0.8679020888729352
78.95,127.992101,37.928595,1013.6044752000001,-18.202,23.604,297.103,0.8679020888729352
78.9666,127.992047,37.928618,1015.38786,-18.267,23.815,297.007,0.8679020888729352
78.9833,127.991993,37.928641,1017.190752,-18.329,24.026,296.91,0.8679020888729352
79.0,127.991938,37.928664,1019.0131512,-18.389,24.236,296.812,0.8679020888729352
79.0166,127.991884,37.928687,1020.8547528,-18.448,24.446,296.713,0.8679020888729352
79.0333,127.99183,37.92871,1022.7158616000002,-18.506,24.656,296.615,0.8679020888729352
79.05,127.991776,37.928733,1024.5964776,-18.564,24.867,296.518,0.8679020888729352
79.0666,127.991722,37.928755,1026.4959912,-18.62,25.077,296.422,0.8679020888729352
79.0833,127.991668,37.928778,1028.4150120000002,-18.674,25.288,296.325,0.8679020888729352
79.1,127.991614,37.9288,1030.3529303999999,-18.726,25.497,296.227,0.8679020888729352
79.1166,127.99156,37.928823,1032.3100512,-18.777,25.707,296.128,0.8679020888729352
79.1333,127.991507,37.928845,1034.2860696,-18.825,25.917,296.03,0.8679020888729352
79.15,127.991453,37.928867,1036.2806808,-18.87,26.127,295.934,0.8679020888729352
79.1666,127.991399,37.928889,1038.2944944,-18.913,26.337,295.838,0.8679020888729352
79.1833,127.991346,37.928911,1040.3272056,-18.952,26.547,295.741,0.8679020888729352
79.2,127.991292,37.928933,1042.3785096000001,-18.99,26.757,295.643,0.8679020888729352
79.2166,127.991239,37.928955,1044.4487112,-19.026,26.966,295.544,0.8679020888729352
79.2333,127.991185,37.928977,1046.5372008000002,-19.058,27.176,295.447,0.8679020888729352
79.25,127.991132,37.928998,1048.6442832,-19.088,27.385,295.351,0.8679020888729352
79.2666,127.991079,37.92902,1050.7696536,-19.115,27.595,295.255,0.8679020888729352
79.2833,127.991025,37.929041,1052.9139216,-19.139,27.805,295.158,0.8679020888729352
79.3,127.990972,37.929062,1055.0761728,-19.161,28.014,295.061,0.8679020888729352
79.3166,127.990919,37.929083,1057.2570168,-19.181,28.223,294.963,0.8679020888729352
79.3333,127.990866,37.929104,1059.455844,-19.199,28.432,294.867,0.8679020888729352
79.35,127.990813,37.929125,1061.6729592000002,-19.215,28.643,294.775,0.8679020888729352
79.3666,127.99076,37.929146,1063.9080576000001,-19.228,28.853,294.683,0.8679020888729352
79.3833,127.990707,37.929167,1066.161444,-19.236,29.063,294.591,0.8679020888729352
79.4,127.990655,37.929188,1068.4325088,-19.239,29.273,294.497,0.8679020888729352
79.4166,127.990602,37.929208,1070.7218616,-19.24,29.482,294.401,0.8679020888729352
79.4333,127.990549,37.929229,1073.0285880000001,-19.243,29.693,294.313,0.8679020888729352
79.45,127.990497,37.929249,1075.3532976000001,-19.249,29.907,294.233,0.8679020888729352
79.4666,127.990444,37.929269,1077.6956856,-19.252,30.122,294.156,0.8679020888729352
79.4833,127.990392,37.929289,1080.055752,-19.244,30.335,294.077,0.8679020888729352
79.5,127.99034,37.929309,1082.4334968,-19.226,30.547,293.993,0.8679020888729352
79.5166,127.990287,37.929329,1084.8289200000002,-19.203,30.758,293.907,0.8679020888729352
79.5333,127.990235,37.929349,1087.241412,-19.178,30.97,293.823,0.8679020888729352
79.55,127.990183,37.929369,1089.6715824,-19.154,31.183,293.744,0.8679020888729352
79.5666,127.990131,37.929388,1092.1191264000001,-19.13,31.397,293.667,0.8679020888729352
79.5833,127.990079,37.929408,1094.5840440000002,-19.101,31.611,293.59,0.8679020888729352
79.6,127.990027,37.929427,1097.0663352000001,-19.068,31.823,293.51,0.8679020888729352
79.6166,127.989975,37.929447,1099.5656952,-19.031,32.035,293.429,0.8679020888729352
79.6333,127.989924,37.929466,1102.082124,-18.99,32.248,293.348,0.8679020888729352
79.65,127.989872,37.929485,1104.6159264,-18.947,32.46,293.268,0.8679020888729352
79.6666,127.98982,37.929504,1107.1664928,-18.903,32.672,293.19,0.8679020888729352
79.6833,127.989769,37.929523,1109.7344328,-18.858,32.885,293.112,0.8679020888729352
79.7,127.989718,37.929541,1112.3191368,-18.811,33.097,293.033,0.8679020888729352
79.7166,127.989666,37.92956,1114.9209096,-18.763,33.31,292.953,0.8679020888729352
79.7333,127.989615,37.929579,1117.5391416,-18.713,33.523,292.873,0.8679020888729352
79.75,127.989564,37.929597,1120.1744424,-18.66,33.737,292.794,0.8679020888729352
79.7666,127.989513,37.929616,1122.8265072,-18.606,33.952,292.716,0.8679020888729352
79.7833,127.989462,37.929634,1125.4950312,-18.551,34.167,292.636,0.8679020888729352
79.8,127.989411,37.929652,1128.180624,-18.495,34.382,292.557,0.8679020888729352
79.8166,127.98936,37.92967,1130.8823712,-18.439,34.598,292.477,0.8679020888729352
79.8333,127.98931,37.929688,1133.6008824,-18.379,34.814,292.397,0.8679020888729352
79.85,127.989259,37.929706,1136.335548,-18.318,35.031,292.319,0.8679020888729352
79.8666,127.989209,37.929724,1139.0869776,-18.254,35.248,292.24,0.8679020888729352
79.8833,127.989158,37.929741,1141.8545616000001,-18.189,35.465,292.162,0.8679020888729352
79.9,127.989108,37.929759,1144.6389096,-18.123,35.682,292.083,0.8679020888729352
79.9166,127.989058,37.929776,1147.4391072,-18.056,35.899,292.003,0.8679020888729352
79.9333,127.989008,37.929794,1150.255764,-17.987,36.117,291.924,0.8679020888729352
79.95,127.988958,37.929811,1153.0885752000002,-17.916,36.335,291.846,0.8679020888729352
79.9666,127.988908,37.929828,1155.9375408,-17.843,36.554,291.768,0.8679020888729352
79.9833,127.988858,37.929845,1158.802356,-17.769,36.773,291.691,0.8679020888729352
80.0,127.988808,37.929862,1161.6836304,-17.694,36.991,291.612,0.8679020888729352
80.0166,127.988759,37.929879,1164.5807544,-17.618,37.21,291.534,0.8679020888729352
80.0333,127.988709,37.929896,1167.4937280000001,-17.541,37.429,291.456,0.8679020888729352
80.05,127.98866,37.929912,1170.422856,-17.461,37.649,291.379,0.8679020888729352
80.0666,127.988611,37.929929,1173.3675288,-17.381,37.869,291.302,0.8679020888729352
80.0833,127.988561,37.929945,1176.328356,-17.299,38.089,291.226,0.8679020888729352
80.1,127.988512,37.929962,1179.304728,-17.216,38.309,291.149,0.8679020888729352
80.1166,127.988463,37.929978,1182.2972544,-17.133,38.529,291.072,0.8679020888729352
80.1333,127.988415,37.929994,1185.3050208,-17.048,38.749,290.995,0.8679020888729352
80.15,127.988366,37.93001,1188.3286368000001,-16.963,38.97,290.919,0.8679020888729352
80.1666,127.988317,37.930026,1191.3677976000001,-16.878,39.191,290.844,0.8679020888729352
80.1833,127.988269,37.930042,1194.4225032,-16.791,39.412,290.768,0.8679020888729352
80.2,127.98822,37.930058,1197.4930584,-16.704,39.633,290.693,0.8679020888729352
80.2166,127.988172,37.930073,1200.5785488000001,-16.617,39.854,290.617,0.8679020888729352
80.2333,127.988124,37.930089,1203.6798888,-16.528,40.076,290.543,0.8679020888729352
80.25,127.988076,37.930104,1206.796164,-16.437,40.298,290.468,0.8679020888729352
80.2666,127.988028,37.93012,1209.9279840000002,-16.345,40.52,290.395,0.8679020888729352
80.2833,127.98798,37.930135,1213.0750440000002,-16.252,40.742,290.321,0.8679020888729352
80.3,127.987933,37.93015,1216.2373440000001,-16.158,40.965,290.247,0.8679020888729352
80.3166,127.987885,37.930165,1219.414884,-16.064,41.187,290.173,0.8679020888729352
80.3333,127.987838,37.93018,1222.607664,-15.969,41.41,290.1,0.8679020888729352
80.35,127.98779,37.930195,1225.8153792,-15.875,41.633,290.027,0.8679020888729352
80.3666,127.987743,37.93021,1229.0380296,-15.781,41.857,289.955,0.8679020888729352
80.3833,127.987696,37.930225,1232.27592,-15.687,42.08,289.883,0.8679020888729352
80.4,127.987649,37.930239,1235.5284408,-15.593,42.304,289.811,0.8679020888729352
80.4166,127.987602,37.930254,1238.7962016000001,-15.499,42.528,289.739,0.8679020888729352
80.4333,127.987556,37.930268,1242.0779832,-15.394,42.752,289.669,0.8679020888729352
80.45,127.987509,37.930282,1245.3743952,-15.281,42.976,289.6,0.8679020888729352
80.4666,127.987463,37.930297,1248.6857424000002,-15.16,43.201,289.532,0.8679020888729352
80.4833,127.987416,37.930311,1252.01172,-15.033,43.426,289.463,0.8679020888729352
80.5,127.98737,37.930325,1255.352328,-14.904,43.651,289.394,0.8679020888729352
80.5166,127.987324,37.930339,1258.7072616,-14.772,43.876,289.326,0.8679020888729352
80.5333,127.987278,37.930353,1262.0768256,-14.64,44.1,289.257,0.8679020888729352
80.55,127.987233,37.930366,1265.46102,-14.51,44.325,289.19,0.8679020888729352
80.5666,127.987187,37.93038,1268.8595400000002,-14.38,44.551,289.124,0.8679020888729352
80.5833,127.987142,37.930394,1272.2723856000002,-14.25,44.776,289.058,0.8679020888729352
80.6,127.987096,37.930407,1275.6995568,-14.12,45.002,288.993,0.8679020888729352
80.6166,127.987051,37.930421,1279.1410536,-13.989,45.229,288.928,0.8679020888729352
80.6333,127.987006,37.930434,1282.5962664,-13.852,45.455,288.865,0.8679020888729352
80.65,127.986961,37.930447,1286.0658048,-13.708,45.682,288.803,0.8679020888729352
80.6666,127.986916,37.93046,1289.5493640000002,-13.56,45.909,288.742,0.8679020888729352
80.6833,127.986872,37.930473,1293.046944,-13.408,46.136,288.681,0.8679020888729352
80.7,127.986827,37.930486,1296.55824,-13.253,46.364,288.62,0.8679020888729352
80.7166,127.986783,37.930499,1300.0838616,-13.096,46.591,288.559,0.8679020888729352
80.7333,127.986739,37.930512,1303.6225896,-12.932,46.819,288.501,0.8679020888729352
80.75,127.986695,37.930525,1307.1756432,-12.761,47.047,288.444,0.8679020888729352
80.7666,127.986651,37.930537,1310.7421080000001,-12.584,47.275,288.388,0.8679020888729352
80.7833,127.986607,37.93055,1314.3219840000002,-12.402,47.504,288.333,0.8679020888729352
80.8,127.986563,37.930562,1317.9158808000002,-12.217,47.732,288.279,0.8679020888729352
80.8166,127.98652,37.930574,1321.5231888,-12.03,47.961,288.225,0.8679020888729352
80.8333,127.986477,37.930587,1325.1442128,-11.841,48.19,288.172,0.8679020888729352
80.85,127.986433,37.930599,1328.7783432,-11.649,48.419,288.12,0.8679020888729352
80.8666,127.98639,37.930611,1332.4261896,-11.455,48.649,288.071,0.8679020888729352
80.8833,127.986348,37.930623,1336.0874472,-11.259,48.878,288.022,0.8679020888729352
80.9,127.986305,37.930635,1339.7618112,-11.061,49.108,287.974,0.8679020888729352
80.9166,127.986262,37.930647,1343.4495864,-10.862,49.339,287.927,0.8679020888729352
80.9333,127.98622,37.930659,1347.1513823999999,-10.675,49.569,287.88,0.8679020888729352
80.95,127.986178,37.93067,1350.8659800000003,-10.5,49.8,287.832,0.8679020888729352
80.9666,127.986136,37.930682,1354.5942936000001,-10.335,50.031,287.785,0.8679020888729352
80.9833,127.986094,37.930693,1358.3354088,-10.175,50.262,287.741,0.8679020888729352
81.0,127.986052,37.930705,1362.0896304,-10.019,50.494,287.698,0.8679020888729352
81.0166,127.986011,37.930716,1365.8569584000002,-9.864,50.727,287.657,0.8679020888729352
81.0333,127.985969,37.930727,1369.638612,-9.736,50.96,287.612,0.8679020888729352
81.05,127.985928,37.930739,1373.4327624,-9.635,51.193,287.565,0.8679020888729352
81.0666,127.985887,37.93075,1377.240324,-9.553,51.426,287.517,0.8679020888729352
81.0833,127.985846,37.930761,1381.0606872,-9.484,51.66,287.471,0.8679020888729352
81.1,127.985806,37.930772,1384.893852,-9.425,51.895,287.428,0.8679020888729352
81.1166,127.985765,37.930783,1388.7395136,-9.371,52.13,287.387,0.8679020888729352
81.1333,127.985725,37.930793,1392.5991960000001,-9.34,52.366,287.342,0.8679020888729352
81.15,127.985685,37.930804,1396.4710704000001,-9.33,52.602,287.292,0.8679020888729352
81.1666,127.985645,37.930815,1400.3557464,-9.337,52.838,287.24,0.8679020888729352
81.1833,127.985605,37.930825,1404.2529192,-9.356,53.075,287.189,0.8679020888729352
81.2,127.985565,37.930836,1408.1625888,-9.384,53.312,287.14,0.8679020888729352
81.2166,127.985526,37.930846,1412.0844504000002,-9.417,53.55,287.091,0.8679020888729352
81.2333,127.985487,37.930856,1416.0178944000002,-9.438,53.789,287.046,0.8679020888729352
81.25,127.985448,37.930867,1419.9632256,-9.447,54.028,287.002,0.8679020888729352
81.2666,127.985409,37.930877,1423.9207488,-9.447,54.267,286.957,0.8679020888729352
81.2833,127.98537,37.930887,1427.8898544,-9.439,54.506,286.91,0.8679020888729352
81.3,127.985332,37.930897,1431.871152,-9.427,54.745,286.861,0.8679020888729352
81.3166,127.985293,37.930907,1435.8640320000002,-9.414,54.983,286.81,0.8679020888729352
81.3333,127.985255,37.930917,1439.8697136,-9.421,55.221,286.753,0.8679020888729352
81.35,127.985217,37.930927,1443.8869776000001,-9.448,55.458,286.691,0.8679020888729352
81.3666,127.985179,37.930936,1447.9158240000002,-9.492,55.695,286.626,0.8679020888729352
81.3833,127.985142,37.930946,1451.9565576,-9.549,55.933,286.563,0.8679020888729352
81.4,127.985104,37.930955,1456.0085688,-9.615,56.172,286.502,0.8679020888729352
81.4166,127.985067,37.930965,1460.0721624,-9.686,56.411,286.442,0.8679020888729352
81.4333,127.98503,37.930974,1464.1470336,-9.76,56.651,286.381,0.8679020888729352
81.45,127.984993,37.930984,1468.2331824,-9.835,56.891,286.318,0.8679020888729352
81.4666,127.984956,37.930993,1472.3303039999998,-9.91,57.131,286.253,0.8679020888729352
81.4833,127.98492,37.931002,1476.4387032,-9.987,57.371,286.185,0.8679020888729352
81.5,127.984884,37.931011,1480.5577704,-10.066,57.611,286.117,0.8679020888729352
81.5166,127.984847,37.93102,1484.6881152,-10.147,57.851,286.047,0.8679020888729352
81.5333,127.984811,37.931029,1488.8288232000002,-10.228,58.091,285.976,0.8679020888729352
81.55,127.984776,37.931038,1492.9805039999999,-10.31,58.331,285.905,0.8679020888729352
81.5666,127.98474,37.931047,1497.1428528000001,-10.392,58.571,285.832,0.8679020888729352
81.5833,127.984705,37.931055,1501.3158696,-10.476,58.811,285.757,0.8679020888729352
81.6,127.98467,37.931064,1505.4992496,-10.562,59.051,285.681,0.8679020888729352
81.6166,127.984635,37.931072,1509.6932976,-10.649,59.291,285.602,0.8679020888729352
81.6333,127.9846,37.931081,1513.8964896,-10.588,59.534,285.549,0.8679020888729352
81.65,127.984565,37.931089,1518.1088256,-10.386,59.779,285.521,0.8679020888729352
81.6666,127.984531,37.931097,1522.3303056,-10.074,60.024,285.499,0.8679020888729352
81.6833,127.984496,37.931106,1526.5606248000001,-9.686,60.267,285.467,0.8679020888729352
81.7,127.984462,37.931114,1530.8003928,-9.247,60.509,285.422,0.8679020888729352
81.7166,127.984428,37.931122,1535.0496096000002,-8.779,60.748,285.369,0.8679020888729352
81.7333,127.984394,37.93113,1539.3082752,-8.286,60.987,285.318,0.8679020888729352
81.75,127.984361,37.931138,1543.5763896,-7.773,61.224,285.277,0.8679020888729352
81.7666,127.984327,37.931146,1547.8536480000002,-7.247,61.46,285.245,0.8679020888729352
81.7833,127.984294,37.931154,1552.14066,-6.708,61.696,285.223,0.8679020888729352
81.8,127.984261,37.931161,1556.4365112,-6.158,61.931,285.206,0.8679020888729352
81.8166,127.984228,37.931169,1560.7421160000001,-5.597,62.167,285.195,0.8679020888729352
81.8333,127.984195,37.931177,1565.0571696000002,-5.04,62.402,285.187,0.8679020888729352
81.85,127.984163,37.931184,1569.3816720000002,-4.488,62.638,285.183,0.8679020888729352
81.8666,127.984131,37.931192,1573.7153184000001,-3.937,62.874,285.185,0.8679020888729352
81.8833,127.984099,37.931199,1578.0581088,-3.384,63.11,285.195,0.8679020888729352
81.9,127.984067,37.931207,1582.4097384,-2.827,63.347,285.214,0.8679020888729352
81.9166,127.984035,37.931214,1586.770512,-2.263,63.584,285.242,0.8679020888729352
81.9333,127.984004,37.931221,1591.1410392000003,-1.709,63.822,285.274,0.8679020888729352
81.95,127.983972,37.931229,1595.5201008,-1.162,64.06,285.31,0.8679020888729352
81.9666,127.983941,37.931236,1599.9083064,-0.618,64.298,285.353,0.8679020888729352
81.9833,127.983911,37.931243,1604.3050464,-0.073,64.536,285.404,0.8679020888729352
82.0,127.98388,37.93125,1608.7106256,0.474,64.775,285.464,0.8679020888729352
82.0166,127.98385,37.931257,1613.1247392000002,1.029,65.014,285.532,0.8679020888729352
82.0333,127.983819,37.931264,1617.547692,1.578,65.254,285.607,0.8679020888729352
82.05,127.983789,37.931271,1621.9791792,2.123,65.494,285.687,0.8679020888729352
82.0666,127.98376,37.931278,1626.4188960000001,2.667,65.734,285.774,0.8679020888729352
82.0833,127.98373,37.931285,1630.8671471999999,3.214,65.975,285.87,0.8679020888729352
82.1,127.983701,37.931292,1635.3236279999999,3.766,66.215,285.975,0.8679020888729352
82.1166,127.983672,37.931298,1639.7883384,4.325,66.456,286.089,0.8679020888729352
82.1333,127.983643,37.931305,1644.2612784,4.882,66.696,286.21,0.8679020888729352
82.15,127.983614,37.931312,1648.7421432,5.439,66.937,286.337,0.8679020888729352
82.1666,127.983586,37.931319,1653.2309328000001,5.998,67.178,286.473,0.8679020888729352
82.1833,127.983558,37.931325,1657.7276471999999,6.561,67.419,286.618,0.8679020888729352
82.2,127.98353,37.931332,1662.2319816,7.132,67.659,286.773,0.8679020888729352
82.2166,127.983502,37.931338,1666.743936,7.71,67.9,286.938,0.8679020888729352
82.2333,127.983474,37.931345,1671.2638152000002,8.29,68.14,287.111,0.8679020888729352
82.25,127.983447,37.931351,1675.7913144,8.87,68.381,287.293,0.8679020888729352
82.2666,127.98342,37.931358,1680.325824,9.455,68.621,287.483,0.8679020888729352
82.2833,127.983393,37.931364,1684.8679536000002,10.047,68.86,287.684,0.8679020888729352
82.3,127.983366,37.931371,1689.4170936000003,10.646,69.099,287.896,0.8679020888729352
82.3166,127.98334,37.931377,1693.9735488000001,11.256,69.338,288.12,0.8679020888729352
82.3333,127.983314,37.931384,1698.5367096000002,11.872,69.576,288.354,0.8679020888729352
82.35,127.983288,37.93139,1703.1071856,12.495,69.814,288.598,0.8679020888729352
82.3666,127.983262,37.931396,1707.6843672000002,13.127,70.052,288.854,0.8679020888729352
82.3833,127.983237,37.931403,1712.2682544000002,13.769,70.288,289.121,0.8679020888729352
82.4,127.983211,37.931409,1716.8588472,14.423,70.524,289.401,0.8679020888729352
82.4166,127.983186,37.931415,1721.4558408,15.089,70.759,289.693,0.8679020888729352
82.4333,127.983162,37.931422,1726.0595400000002,15.763,70.994,289.998,0.8679020888729352
82.45,127.983137,37.931428,1730.66964,16.445,71.227,290.315,0.8679020888729352
82.4666,127.983113,37.931434,1735.285836,17.138,71.46,290.646,0.8679020888729352
82.4833,127.983089,37.931441,1739.9084328000001,17.844,71.692,290.99,0.8679020888729352
82.5,127.983065,37.931447,1744.5368208000002,18.562,71.922,291.35,0.8679020888729352
82.5166,127.983041,37.931453,1749.1713048000001,19.295,72.151,291.726,0.8679020888729352
82.5333,127.983018,37.931459,1753.8115800000003,20.043,72.38,292.117,0.8679020888729352
82.55,127.982994,37.931466,1758.4576464,20.804,72.606,292.523,0.8679020888729352
82.5666,127.982972,37.931472,1763.109504,21.582,72.832,292.946,0.8679020888729352
82.5833,127.982949,37.931478,1767.7668480000002,22.376,73.056,293.385,0.8679020888729352
82.6,127.982926,37.931484,1772.4296784,23.187,73.278,293.843,0.8679020888729352
82.6166,127.982904,37.93149,1777.0976904,24.017,73.499,294.318,0.8679020888729352
82.6333,127.982882,37.931497,1781.7711888000001,24.869,73.718,294.813,0.8679020888729352
82.65,127.98286,37.931503,1786.4495640000002,25.746,73.934,295.329,0.8679020888729352
82.6666,127.982839,37.931509,1791.1331208000001,26.646,74.149,295.864,0.8679020888729352
82.6833,127.982818,37.931515,1795.8215544,27.569,74.362,296.42,0.8679020888729352
82.7,127.982797,37.931522,1800.5148648000002,28.514,74.572,296.997,0.8679020888729352
82.7166,127.982776,37.931528,1805.2127472,29.483,74.78,297.595,0.8679020888729352
82.7333,127.982755,37.931534,1809.9152016000003,30.478,74.985,298.216,0.8679020888729352
82.75,127.982735,37.93154,1814.622228,31.5,75.187,298.861,0.8679020888729352
82.7666,127.982715,37.931547,1819.3338264000001,32.549,75.387,299.531,0.8679020888729352
82.7833,127.982695,37.931553,1824.0493872,33.624,75.583,300.225,0.8679020888729352
82.8,127.982675,37.931559,1828.76952,34.727,75.777,300.945,0.8679020888729352
82.8166,127.982656,37.931565,1833.4933104000002,35.856,75.967,301.69,0.8679020888729352
82.8333,127.982637,37.931572,1838.221368,36.99,76.142,302.431,0.8679020888729352
82.85,127.982618,37.931578,1842.9533880000001,38.125,76.304,303.166,0.8679020888729352
82.8666,127.982599,37.931584,1847.6887608,39.274,76.457,303.908,0.8679020888729352
82.8833,127.982581,37.931591,1852.4277912000002,40.449,76.606,304.672,0.8679020888729352
82.9,127.982562,37.931597,1857.1701744000002,41.658,76.754,305.465,0.8679020888729352
82.9166,127.982544,37.931604,1861.9159104,42.902,76.9,306.291,0.8679020888729352
82.9333,127.982527,37.93161,1866.6653039999999,44.093,77.029,307.073,0.8679020888729352
82.95,127.982509,37.931616,1871.4177456000002,45.188,77.131,307.768,0.8679020888729352
82.9666,127.982492,37.931623,1876.1732352000001,46.218,77.216,308.408,0.8679020888729352
82.9833,127.982475,37.931629,1880.931468,47.236,77.293,309.043,0.8679020888729352
83.0,127.982458,37.931636,1885.692444,48.276,77.37,309.707,0.8679020888729352
83.0166,127.982441,37.931643,1890.4558584000001,49.354,77.449,310.413,0.8679020888729352
83.0333,127.982425,37.931649,1895.2217112,50.448,77.524,311.132,0.8679020888729352
83.05,127.982409,37.931656,1899.9900024,51.552,77.595,311.857,0.8679020888729352
83.0666,127.982393,37.931662,1904.7604272,52.671,77.663,312.591,0.8679020888729352
83.0833,127.982377,37.931669,1909.5329856,53.811,77.729,313.344,0.8679020888729352
83.1,127.982361,37.931676,1914.3076776000003,54.978,77.795,314.119,0.8679020888729352
83.1166,127.982346,37.931682,1919.0841983999999,56.17,77.859,314.919,0.8679020888729352
83.1333,127.982331,37.931689,1923.862548,57.086,77.935,315.572,0.8679020888729352
83.15,127.982316,37.931696,1928.6427264000001,57.646,78.012,315.992,0.8679020888729352
83.1666,127.982301,37.931703,1933.4244288000002,57.78,78.065,316.127,0.8679020888729352
83.1833,127.982287,37.93171,1938.2070456000001,57.422,78.072,315.921,0.8679020888729352
83.2,127.982273,37.931717,1942.9908816,56.546,78.021,315.347,0.8679020888729352
83.2166,127.982259,37.931724,1947.7759368000002,55.287,77.925,314.533,0.8679020888729352
83.2333,127.982245,37.931731,1952.5622112,53.773,77.801,313.595,0.8679020888729352
83.25,127.982231,37.931738,1957.3494,52.119,77.668,312.638,0.8679020888729352
83.2666,127.982218,37.931745,1962.1371984,50.423,77.541,311.755,0.8679020888729352
83.2833,127.982205,37.931752,1966.9253016000002,48.776,77.437,311.032,0.8679020888729352
83.3,127.982192,37.931759,1971.7140144,47.189,77.359,310.476,0.8679020888729352
83.3166,127.982179,37.931766,1976.503032,45.613,77.299,310.033,0.8679020888729352
83.3333,127.982167,37.931773,1981.2920496,44.123,77.274,309.773,0.8679020888729352
83.35,127.982154,37.93178,1986.081372,42.702,77.283,309.673,0.8679020888729352
83.3666,127.982142,37.931787,1990.871304,41.288,77.312,309.662,0.8679020888729352
83.3833,127.98213,37.931794,1995.6615408,39.827,77.348,309.68,0.8679020888729352
83.4,127.982119,37.931801,2000.4523872,38.295,77.385,309.698,0.8679020888729352
83.4166,127.982107,37.931808,2005.2432336,36.691,77.421,309.707,0.8679020888729352
83.4333,127.982096,37.931815,2010.0343848,35.294,77.467,309.823,0.8679020888729352
83.45,127.982084,37.931822,2014.8258408000002,34.176,77.541,310.11,0.8679020888729352
83.4666,127.982073,37.931829,2019.6172968,33.339,77.665,310.578,0.8679020888729352
83.4833,127.982062,37.931836,2024.4090576,32.687,77.829,311.145,0.8679020888729352
83.5,127.982051,37.931843,2029.2017328000002,32.126,78.016,311.734,0.8679020888729352
83.5166,127.982041,37.93185,2033.9947128000001,31.584,78.208,312.294,0.8679020888729352
83.5333,127.98203,37.931857,2038.7883024,31.23,78.416,312.935,0.8679020888729352
83.55,127.98202,37.931864,2043.5825016000001,31.114,78.659,313.728,0.8679020888729352
83.5666,127.982009,37.931871,2048.3773104,31.252,78.95,314.708,0.8679020888729352
83.5833,127.981999,37.931878,2053.1730336,31.57,79.275,315.813,0.8679020888729352
83.6,127.981989,37.931885,2057.9696712,31.993,79.612,316.981,0.8679020888729352
83.6166,127.981979,37.931892,2062.7672232000004,32.451,79.945,318.156,0.8679020888729352
83.6333,127.981969,37.931899,2067.5659944,33.231,80.279,319.502,0.8679020888729352
83.65,127.98196,37.931906,2072.3659848,34.389,80.624,321.093,0.8679020888729352
83.6666,127.98195,37.931912,2077.1668896,35.847,80.975,322.869,0.8679020888729352
83.6833,127.981941,37.931919,2081.9696232,37.503,81.322,324.745,0.8679020888729352
83.7,127.981932,37.931926,2086.7732712,39.285,81.659,326.674,0.8679020888729352
83.7166,127.981923,37.931933,2091.5784432,41.158,81.981,328.646,0.8679020888729352
83.7333,127.981914,37.931939,2096.3857488,43.269,82.255,330.69,0.8679020888729352
83.75,127.981905,37.931946,2101.1936640000004,45.464,82.461,332.672,0.8679020888729352
83.7666,127.981896,37.931952,2106.0024936000004,47.512,82.593,334.35,0.8679020888729352
83.7833,127.981888,37.931959,2110.8119328000002,49.175,82.649,335.481,0.8679020888729352
83.8,127.981879,37.931965,2115.6216768,50.252,82.624,335.866,0.8679020888729352
83.8166,127.981871,37.931972,2120.4320304000003,50.77,82.528,335.542,0.8679020888729352
83.8333,127.981863,37.931978,2125.2429936000003,50.899,82.378,334.687,0.8679020888729352
83.85,127.981855,37.931985,2130.0551760000003,50.821,82.187,333.494,0.8679020888729352
83.8666,127.981846,37.931991,2134.867968,50.705,81.971,332.144,0.8679020888729352
83.8833,127.981838,37.931998,2139.6813696000004,50.674,81.745,330.778,0.8679020888729352
83.9,127.98183,37.932004,2144.4953808,50.819,81.526,329.512,0.8679020888729352
83.9166,127.981822,37.932011,2149.309392,51.22,81.332,328.445,0.8679020888729352
83.9333,127.981814,37.932017,2154.1230984,51.74,81.188,327.617,0.8679020888729352
83.95,127.981806,37.932024,2158.9368048,52.367,81.095,327.024,0.8679020888729352
83.9666,127.981798,37.93203,2163.750816,53.037,81.031,326.589,0.8679020888729352
83.9833,127.981791,37.932037,2168.565132,53.689,80.974,326.237,0.8679020888729352
84.0,127.981783,37.932043,2173.3791432000003,54.298,80.913,325.922,0.8679020888729352
84.0166,127.981776,37.93205,2178.1928496,54.871,80.846,325.626,0.8679020888729352
84.0333,127.981768,37.932056,2183.0068608,55.529,80.769,325.371,0.8679020888729352
84.05,127.981761,37.932063,2187.8205672000004,56.283,80.685,325.155,0.8679020888729352
84.0666,127.981753,37.932069,2192.6342736,57.115,80.6,324.958,0.8679020888729352
84.0833,127.981746,37.932076,2197.4482848,58.007,80.521,324.765,0.8679020888729352
84.1,127.981739,37.932082,2202.2619912,58.939,80.448,324.57,0.8679020888729352
84.1166,127.981732,37.932089,2207.0753928,59.901,80.382,324.375,0.8679020888729352
84.1333,127.981724,37.932095,2211.8887944000003,60.963,80.315,324.199,0.8679020888729352
84.15,127.981717,37.932102,2216.7025008,62.112,80.245,324.039,0.8679020888729352
84.1666,127.98171,37.932108,2221.5162072000003,63.325,80.176,323.887,0.8679020888729352
84.1833,127.981703,37.932115,2226.3299136,64.583,80.11,323.734,0.8679020888729352
84.2,127.981696,37.932121,2231.1433152000004,65.872,80.049,323.578,0.8679020888729352
84.2166,127.981688,37.932128,2235.956412,67.18,79.992,323.418,0.8679020888729352
84.2333,127.981681,37.932134,2240.7698136,68.595,79.932,323.27,0.8679020888729352
84.25,127.981674,37.932141,2245.58352,70.103,79.866,323.131,0.8679020888729352
84.2666,127.981667,37.932147,2250.3972264000004,71.682,79.8,322.993,0.8679020888729352
84.2833,127.98166,37.932154,2255.2109328,73.313,79.739,322.851,0.8679020888729352
84.3,127.981652,37.93216,2260.0246392000004,74.982,79.683,322.704,0.8679020888729352
84.3166,127.981645,37.932167,2264.8380408000003,76.675,79.632,322.552,0.8679020888729352
84.3333,127.981638,37.932173,2269.6523568000002,78.444,79.579,322.399,0.8679020888729352
84.35,127.981631,37.932179,2274.4666728,80.28,79.523,322.244,0.8679020888729352
84.3666,127.981623,37.932186,2279.2819032,82.181,79.466,322.084,0.8679020888729352
84.3833,127.981616,37.932192,2284.0971336,84.146,79.409,321.922,0.8679020888729352
84.4,127.981609,37.932199,2288.9129736,86.163,79.356,321.756,0.8679020888729352
84.4166,127.981601,37.932205,2293.7288136,88.217,79.308,321.588,0.8679020888729352
84.4333,127.981594,37.932212,2298.545568,90.321,79.261,321.414,0.8679020888729352
84.45,127.981587,37.932218,2303.362932,92.467,79.215,321.231,0.8679020888729352
84.4666,127.981579,37.932225,2308.1806008,94.653,79.169,321.039,0.8679020888729352
84.4833,127.981572,37.932231,2312.9991840000002,96.878,79.125,320.843,0.8679020888729352
84.5,127.981564,37.932237,2317.8183768,99.142,79.082,320.642,0.8679020888729352
84.5166,127.981557,37.932244,2322.6378744000003,101.44,79.042,320.435,0.8679020888729352
84.5333,127.981549,37.93225,2327.4582864,103.771,79.004,320.224,0.8679020888729352
84.55,127.981541,37.932256,2332.2796128,106.13,78.968,320.008,0.8679020888729352
84.5666,127.981534,37.932263,2337.1015488000003,108.515,78.934,319.786,0.8679020888729352
84.5833,127.981526,37.932269,2341.9240944000003,110.924,78.902,319.56,0.8679020888729352
84.6,127.981519,37.932275,2346.7475544,113.356,78.873,319.329,0.8679020888729352
84.6166,127.981511,37.932281,2351.571624,115.808,78.845,319.094,0.8679020888729352
84.6333,127.981503,37.932287,2356.396608,118.293,78.818,318.87,0.8679020888729352
84.65,127.981495,37.932294,2361.2225064,120.808,78.793,318.655,0.8679020888729352
84.6666,127.981488,37.9323,2366.0493192,123.346,78.768,318.445,0.8679020888729352
84.6833,127.98148,37.932306,2370.8767416,125.9,78.746,318.234,0.8679020888729352
84.7,127.981472,37.932312,2375.7053832,128.468,78.726,318.019,0.8679020888729352
84.7166,127.981464,37.932318,2380.5349392000003,131.045,78.708,317.801,0.8679020888729352
84.7333,127.981457,37.932324,2385.3638856000002,133.699,78.679,317.667,0.8679020888729352
84.75,127.981449,37.93233,2390.1934416,136.496,78.623,317.69,0.8679020888729352
84.7666,127.981441,37.932336,2395.0229976,139.472,78.526,317.905,0.8679020888729352
84.7833,127.981433,37.932342,2399.8531632,142.542,78.399,318.228,0.8679020888729352
84.8,127.981426,37.932348,2404.6836336,145.62,78.258,318.57,0.8679020888729352
84.8166,127.981418,37.932354,2409.5147136,148.65,78.114,318.874,0.8679020888729352
84.8333,127.98141,37.93236,2414.3448792,151.593,77.956,319.236,0.8679020888729352
84.85,127.981402,37.932366,2419.1735208,154.485,77.763,319.688,0.8679020888729352
84.8666,127.981395,37.932373,2424.001248,157.303,77.525,320.186,0.8679020888729352
84.8833,127.981387,37.932379,2428.8271464,159.99,77.255,320.647,0.8679020888729352
84.9,127.981379,37.932385,2433.6518256,162.522,76.973,321.024,0.8679020888729352
84.9166,127.981371,37.932391,2438.4758952,164.911,76.69,321.304,0.8679020888729352
84.9333,127.981363,37.932398,2443.296612,167.113,76.393,321.583,0.8679020888729352
84.95,127.981356,37.932404,2448.1145856000003,169.17,76.06,321.883,0.8679020888729352
84.9666,127.981348,37.93241,2452.9292064,171.072,75.687,322.164,0.8679020888729352
84.9833,127.98134,37.932417,2457.7401696,172.802,75.291,322.378,0.8679020888729352
85.0,127.981332,37.932424,2462.5480848,174.371,74.89,322.509,0.8679020888729352
85.0166,127.981323,37.93243,2467.3532568,175.812,74.496,322.563,0.8679020888729352
85.0333,127.981315,37.932437,2472.1532472,177.093,74.09,322.596,0.8679020888729352
85.05,127.981307,37.932444,2476.9483608,178.249,73.655,322.623,0.8679020888729352
85.0666,127.981299,37.932451,2481.7382928,179.284,73.201,322.623,0.8679020888729352
85.0833,127.98129,37.932458,2486.523348,-179.794,72.744,322.581,0.8679020888729352
85.1,127.981282,37.932466,2491.3038312000003,-178.97,72.294,322.495,0.8679020888729352
85.1166,127.981273,37.932473,2496.0797424,-178.218,71.857,322.372,0.8679020888729352
85.1333,127.981264,37.932481,2500.8492528,-177.556,71.431,322.238,0.8679020888729352
85.15,127.981256,37.932488,2505.6126672,-176.964,71.014,322.101,0.8679020888729352
85.1666,127.981247,37.932496,2510.3699856,-176.433,70.607,321.954,0.8679020888729352
85.1833,127.981238,37.932504,2515.1215128,-175.955,70.21,321.792,0.8679020888729352
85.2,127.981228,37.932512,2519.8669440000003,-175.52,69.822,321.616,0.8679020888729352
85.2166,127.981219,37.93252,2524.6062792000002,-175.117,69.442,321.427,0.8679020888729352
85.2333,127.98121,37.932528,2529.3376896000004,-174.755,69.07,321.237,0.8679020888729352
85.25,127.9812,37.932536,2534.0623944,-174.426,68.704,321.05,0.8679020888729352
85.2666,127.98119,37.932545,2538.7800888,-174.124,68.345,320.861,0.8679020888729352
85.2833,127.98118,37.932553,2543.4907728000003,-173.848,67.993,320.669,0.8679020888729352
85.3,127.98117,37.932562,2548.1941416000004,-173.591,67.647,320.472,0.8679020888729352
85.3166,127.98116,37.932571,2552.8905,-173.349,67.306,320.271,0.8679020888729352
85.3333,127.98115,37.932579,2557.5801528,-173.062,66.971,320.05,0.8679020888729352
85.35,127.98114,37.932588,2562.2634048,-172.727,66.643,319.811,0.8679020888729352
85.3666,127.981129,37.932597,2566.940256,-172.34,66.319,319.565,0.8679020888729352
85.3833,127.981118,37.932606,2571.6110112,-171.899,66.0,319.322,0.8679020888729352
85.4,127.981108,37.932616,2576.2744512,-171.413,65.684,319.085,0.8679020888729352
85.4166,127.981097,37.932625,2580.930576,-170.892,65.373,318.853,0.8679020888729352
85.4333,127.981086,37.932635,2585.5784712000004,-170.381,65.066,318.632,0.8679020888729352
85.45,127.981074,37.932644,2590.2178320000003,-169.89,64.763,318.421,0.8679020888729352
85.4666,127.981063,37.932654,2594.8480488000005,-169.426,64.464,318.209,0.8679020888729352
85.4833,127.981051,37.932664,2599.470036,-168.991,64.168,317.993,0.8679020888729352
85.5,127.98104,37.932673,2604.0834888000004,-168.585,63.877,317.769,0.8679020888729352
85.5166,127.981028,37.932683,2608.6881024000004,-168.2,63.589,317.538,0.8679020888729352
85.5333,127.981016,37.932693,2613.2826576,-167.864,63.303,317.31,0.8679020888729352
85.55,127.981003,37.932704,2617.8674592,-167.57,63.017,317.088,0.8679020888729352
85.5666,127.980991,37.932714,2622.4422024,-167.314,62.733,316.866,0.8679020888729352
85.5833,127.980978,37.932724,2627.0078015999998,-167.093,62.451,316.641,0.8679020888729352
85.6,127.980966,37.932735,2631.5636472,-166.902,62.171,316.411,0.8679020888729352
85.6166,127.980953,37.932746,2636.1100440000005,-166.732,61.892,316.178,0.8679020888729352
85.6333,127.980939,37.932756,2640.6451632,-166.596,61.614,315.947,0.8679020888729352
85.65,127.980926,37.932767,2645.1705288,-166.486,61.335,315.719,0.8679020888729352
85.6666,127.980912,37.932778,2649.6861408,-166.399,61.058,315.492,0.8679020888729352
85.6833,127.980899,37.932789,2654.1913896000005,-166.33,60.782,315.266,0.8679020888729352
85.7,127.980885,37.9328,2658.68658,-166.278,60.506,315.04,0.8679020888729352
85.7166,127.980871,37.932811,2663.1717120000003,-166.236,60.231,314.814,0.8679020888729352
85.7333,127.980856,37.932822,2667.6458712000003,-166.211,59.956,314.59,0.8679020888729352
85.75,127.980842,37.932834,2672.1096672,-166.197,59.682,314.37,0.8679020888729352
85.7666,127.980827,37.932845,2676.5634048,-166.194,59.408,314.152,0.8679020888729352
85.7833,127.980812,37.932857,2681.0061696,-166.199,59.135,313.936,0.8679020888729352
85.8,127.980797,37.932868,2685.438876,-166.21,58.862,313.722,0.8679020888729352
85.8166,127.980782,37.93288,2689.8606096000003,-166.227,58.59,313.51,0.8679020888729352
85.8333,127.980767,37.932892,2694.2716752,-166.25,58.318,313.301,0.8679020888729352
85.85,127.980751,37.932904,2698.6720728,-166.278,58.046,313.095,0.8679020888729352
85.8666,127.980735,37.932916,2703.0614976,-166.31,57.775,312.892,0.8679020888729352
85.8833,127.980719,37.932928,2707.4399496,-166.346,57.504,312.691,0.8679020888729352
85.9,127.980703,37.93294,2711.8074288,-166.385,57.233,312.493,0.8679020888729352
85.9166,127.980687,37.932952,2716.1639352,-166.426,56.962,312.297,0.8679020888729352
85.9333,127.98067,37.932965,2720.5094688000004,-166.471,56.692,312.105,0.8679020888729352
85.95,127.980654,37.932977,2724.84342,-166.52,56.422,311.915,0.8679020888729352
85.9666,127.980637,37.932989,2729.1660936000003,-166.572,56.152,311.729,0.8679020888729352
85.9833,127.98062,37.933002,2733.4777943999998,-166.628,55.882,311.545,0.8679020888729352
86.0,127.980602,37.933015,2737.777608,-166.685,55.613,311.364,0.8679020888729352
86.0166,127.980585,37.933027,2742.0661440000003,-166.745,55.343,311.185,0.8679020888729352
86.0333,127.980567,37.93304,2746.3434024000003,-166.806,55.074,311.008,0.8679020888729352
86.05,127.980549,37.933053,2750.6087736000004,-166.867,54.804,310.834,0.8679020888729352
86.0666,127.980531,37.933066,2754.8625624000006,-166.93,54.535,310.663,0.8679020888729352
86.0833,127.980513,37.933079,2759.1047688000003,-166.992,54.266,310.494,0.8679020888729352
86.1,127.980495,37.933092,2763.335088,-167.054,53.997,310.327,0.8679020888729352
86.1166,127.980476,37.933105,2767.55352,-167.116,53.728,310.163,0.8679020888729352
86.1333,127.980458,37.933119,2771.7597600000004,-167.178,53.459,310.001,0.8679020888729352
86.15,127.980439,37.933132,2775.9541128,-167.239,53.19,309.842,0.8679020888729352
86.1666,127.980419,37.933145,2780.1365784000004,-167.301,52.921,309.684,0.8679020888729352
86.1833,127.9804,37.933159,2784.3065472,-167.362,52.652,309.53,0.8679020888729352
86.2,127.980381,37.933172,2788.4646288,-167.423,52.383,309.377,0.8679020888729352
86.2166,127.980361,37.933186,2792.6102136,-167.484,52.114,309.227,0.8679020888729352
86.2333,127.980341,37.9332,2796.7433016,-167.545,51.845,309.079,0.8679020888729352
86.25,127.980321,37.933213,2800.8638928,-167.607,51.576,308.933,0.8679020888729352
86.2666,127.980301,37.933227,2804.9719872000005,-167.669,51.307,308.789,0.8679020888729352
86.2833,127.98028,37.933241,2809.06728,-167.731,51.038,308.647,0.8679020888729352
86.3,127.98026,37.933255,2813.1500760000004,-167.793,50.769,308.507,0.8679020888729352
86.3166,127.980239,37.933269,2817.2200704,-167.855,50.5,308.369,0.8679020888729352
86.3333,127.980218,37.933283,2821.2769584,-167.919,50.23,308.234,0.8679020888729352
86.35,127.980197,37.933297,2825.3210448,-167.983,49.961,308.1,0.8679020888729352
86.3666,127.980175,37.933312,2829.3523296000003,-168.049,49.691,307.969,0.8679020888729352
86.3833,127.980154,37.933326,2833.3702032000006,-168.115,49.422,307.839,0.8679020888729352
86.4,127.980132,37.93334,2837.3752752,-168.182,49.152,307.711,0.8679020888729352
86.4166,127.98011,37.933355,2841.366936,-168.249,48.882,307.585,0.8679020888729352
86.4333,127.980088,37.933369,2845.3451856,-168.317,48.612,307.461,0.8679020888729352
86.45,127.980066,37.933384,2849.310024,-168.384,48.341,307.341,0.8679020888729352
86.4666,127.980044,37.933398,2853.2614512,-168.453,48.071,307.223,0.8679020888729352
86.4833,127.980021,37.933413,2857.1991624,-168.523,47.8,307.107,0.8679020888729352
86.5,127.979998,37.933428,2861.1234624000003,-168.594,47.529,306.992,0.8679020888729352
86.5166,127.979975,37.933443,2865.0340464000005,-168.667,47.258,306.879,0.8679020888729352
86.5333,127.979952,37.933458,2868.9306096000005,-168.741,46.986,306.769,0.8679020888729352
86.55,127.979929,37.933473,2872.8137616000004,-168.817,46.715,306.661,0.8679020888729352
86.5666,127.979905,37.933488,2876.682588,-168.894,46.442,306.556,0.8679020888729352
86.5833,127.979882,37.933503,2880.5373936,-168.973,46.17,306.453,0.8679020888729352
86.6,127.979858,37.933518,2884.3784832,-169.054,45.898,306.351,0.8679020888729352
86.6166,127.979834,37.933533,2888.2052472,-169.137,45.625,306.25,0.8679020888729352
86.6333,127.97981,37.933548,2892.0176856,-169.222,45.352,306.152,0.8679020888729352
86.65,127.979785,37.933563,2895.8157984000004,-169.308,45.079,306.056,0.8679020888729352
86.6666,127.979761,37.933579,2899.5995856,-169.397,44.805,305.963,0.8679020888729352
86.6833,127.979736,37.933594,2903.3687424,-169.488,44.531,305.872,0.8679020888729352
86.7,127.979711,37.93361,2907.1235736000003,-169.582,44.257,305.781,0.8679020888729352
86.7166,127.979686,37.933625,2910.8640792,-169.677,43.983,305.692,0.8679020888729352
86.7333,127.979661,37.933641,2914.5893448,-169.776,43.708,305.606,0.8679020888729352
86.75,127.979635,37.933657,2918.2999800000002,-169.877,43.433,305.522,0.8679020888729352
86.7666,127.97961,37.933672,2921.9959848000003,-169.98,43.158,305.441,0.8679020888729352
86.7833,127.979584,37.933688,2925.6767496,-170.086,42.882,305.361,0.8679020888729352
86.8,127.979558,37.933704,2929.342884,-170.195,42.606,305.282,0.8679020888729352
86.8166,127.979532,37.93372,2932.9940831999997,-170.306,42.33,305.205,0.8679020888729352
86.8333,127.979506,37.933736,2936.6297375999998,-170.417,42.053,305.132,0.8679020888729352
86.85,127.979479,37.933752,2940.250152,-170.528,41.776,305.064,0.8679020888729352
86.8666,127.979453,37.933768,2943.8553263999997,-170.639,41.498,304.998,0.8679020888729352
86.8833,127.979426,37.933784,2947.4452608,-170.754,41.219,304.935,0.8679020888729352
86.9,127.979399,37.9338,2951.0196504,-170.873,40.941,304.873,0.8679020888729352
86.9166,127.979372,37.933816,2954.5788000000002,-170.995,40.662,304.813,0.8679020888729352
86.9333,127.979345,37.933833,2958.1239288,-171.112,40.384,304.748,0.8679020888729352
86.95,127.979317,37.933849,2961.6541224000002,-171.223,40.106,304.678,0.8679020888729352
86.9666,127.97929,37.933865,2965.1690760000006,-171.325,39.828,304.608,0.8679020888729352
86.9833,127.979262,37.933882,2968.6690943999997,-171.416,39.55,304.537,0.8679020888729352
87.0,127.979234,37.933898,2972.1538728,-171.496,39.272,304.469,0.8679020888729352
87.0166,127.979206,37.933915,2975.6231064,-171.565,38.994,304.402,0.8679020888729352
87.0333,127.979178,37.933931,2979.0771,-171.626,38.716,304.338,0.8679020888729352
87.05,127.97915,37.933948,2982.515244,-171.68,38.438,304.275,0.8679020888729352
87.0666,127.979121,37.933965,2985.9378432000003,-171.729,38.16,304.214,0.8679020888729352
87.0833,127.979093,37.933981,2989.3445928,-171.776,37.882,304.155,0.8679020888729352
87.1,127.979064,37.933998,2992.7354928,-171.82,37.605,304.096,0.8679020888729352
87.1166,127.979035,37.934015,2996.1105432,-171.863,37.327,304.039,0.8679020888729352
87.1333,127.979006,37.934032,2999.4694392,-171.905,37.049,303.982,0.8679020888729352
87.15,127.978977,37.934049,3002.8121808,-171.946,36.772,303.926,0.8679020888729352
87.1666,127.978947,37.934066,3006.1387680000003,-171.987,36.494,303.871,0.8679020888729352
87.1833,127.978918,37.934083,3009.4495056000005,-172.027,36.216,303.817,0.8679020888729352
87.2,127.978888,37.9341,3012.7434792,-172.066,35.938,303.763,0.8679020888729352
87.2166,127.978858,37.934117,3016.0212984000004,-172.106,35.66,303.71,0.8679020888729352
87.2333,127.978828,37.934134,3019.2829632000003,-172.145,35.382,303.657,0.8679020888729352
87.25,127.978798,37.934152,3022.527864,-172.184,35.104,303.606,0.8679020888729352
87.2666,127.978767,37.934169,3025.7563056000004,-172.222,34.825,303.555,0.8679020888729352
87.2833,127.978737,37.934186,3028.968288,-172.26,34.547,303.504,0.8679020888729352
87.3,127.978706,37.934204,3032.1635064,-172.298,34.268,303.454,0.8679020888729352
87.3166,127.978676,37.934221,3035.3419608,-172.336,33.989,303.405,0.8679020888729352
87.3333,127.978645,37.934239,3038.5036511999997,-172.374,33.711,303.356,0.8679020888729352
87.35,127.978614,37.934256,3041.6485776000004,-172.41,33.432,303.308,0.8679020888729352
87.3666,127.978582,37.934274,3044.77674,-172.446,33.152,303.261,0.8679020888729352
87.3833,127.978551,37.934291,3047.8878336000002,-172.482,32.873,303.215,0.8679020888729352
87.4,127.97852,37.934309,3050.9818584,-172.518,32.594,303.169,0.8679020888729352
87.4166,127.978488,37.934327,3054.0588144000003,-172.554,32.314,303.123,0.8679020888729352
87.4333,127.978456,37.934345,3057.1187016,-172.587,32.035,303.079,0.8679020888729352
87.45,127.978424,37.934362,3060.16152,-172.619,31.755,303.037,0.8679020888729352
87.4666,127.978392,37.93438,3063.1869647999997,-172.65,31.475,302.995,0.8679020888729352
87.4833,127.97836,37.934398,3066.1953408,-172.681,31.194,302.954,0.8679020888729352
87.5,127.978328,37.934416,3069.1860384,-172.712,30.914,302.914,0.8679020888729352
87.5166,127.978295,37.934434,3072.1593624,-172.743,30.634,302.874,0.8679020888729352
87.5333,127.978263,37.934452,3075.1153128,-172.774,30.353,302.835,0.8679020888729352
87.55,127.97823,37.93447,3078.0535848000004,-172.803,30.072,302.797,0.8679020888729352
87.5666,127.978197,37.934488,3080.9744832,-172.833,29.791,302.759,0.8679020888729352
87.5833,127.978164,37.934506,3083.8777032000003,-172.862,29.51,302.722,0.8679020888729352
87.6,127.978131,37.934525,3086.7632448,-172.891,29.229,302.686,0.8679020888729352
87.6166,127.978098,37.934543,3089.6308032,-172.921,28.948,302.649,0.8679020888729352
87.6333,127.978064,37.934561,3092.4806832,-172.951,28.666,302.614,0.8679020888729352
87.65,127.978031,37.934579,3095.3128848,-172.979,28.385,302.578,0.8679020888729352
87.6666,127.977997,37.934598,3098.1267984,-173.008,28.103,302.544,0.8679020888729352
87.6833,127.977963,37.934616,3100.9230336,-173.036,27.822,302.509,0.8679020888729352
87.7,127.977929,37.934634,3103.7012856,-173.064,27.54,302.475,0.8679020888729352
87.7166,127.977895,37.934653,3106.4612496,-173.093,27.258,302.441,0.8679020888729352
87.7333,127.977861,37.934671,3109.2032304000004,-173.121,26.976,302.408,0.8679020888729352
87.75,127.977827,37.93469,3111.9269232,-173.149,26.694,302.375,0.8679020888729352
87.7666,127.977792,37.934709,3114.6326328000005,-173.176,26.411,302.342,0.8679020888729352
87.7833,127.977757,37.934727,3117.3197496000003,-173.204,26.129,302.309,0.8679020888729352
87.8,127.977723,37.934746,3119.9888832,-173.231,25.847,302.276,0.8679020888729352
87.8166,127.977688,37.934765,3122.6391192000006,-173.258,25.564,302.244,0.8679020888729352
87.8333,127.977653,37.934783,3125.271372,-173.285,25.281,302.212,0.8679020888729352
87.85,127.977618,37.934802,3127.885032,-173.311,24.999,302.18,0.8679020888729352
87.8666,127.977583,37.934821,3130.4800992,-173.338,24.716,302.148,0.8679020888729352
87.8833,127.977547,37.93484,3133.0565736000003,-173.364,24.433,302.116,0.8679020888729352
87.9,127.977512,37.934859,3135.6144552000005,-173.39,24.15,302.084,0.8679020888729352
87.9166,127.977476,37.934877,3138.1534392000003,-173.415,23.867,302.053,0.8679020888729352
87.9333,127.977441,37.934896,3140.6738304000005,-173.441,23.584,302.022,0.8679020888729352
87.95,127.977405,37.934915,3143.1756288,-173.466,23.301,301.99,0.8679020888729352
87.9666,127.977369,37.934934,3145.6582248,-173.492,23.017,301.959,0.8679020888729352
87.9833,127.977333,37.934953,3148.122228,-173.517,22.734,301.927,0.8679020888729352
88.0,127.977297,37.934972,3150.5670288,-173.541,22.45,301.896,0.8679020888729352
88.0166,127.97726,37.934992,3152.992932,-173.565,22.166,301.865,0.8679020888729352
88.0333,127.977224,37.935011,3155.3999375999997,-173.589,21.882,301.834,0.8679020888729352
88.05,127.977187,37.93503,3157.7877408,-173.613,21.598,301.802,0.8679020888729352
88.0666,127.977151,37.935049,3160.1563416000004,-173.636,21.313,301.771,0.8679020888729352
88.0833,127.977114,37.935068,3162.50574,-173.659,21.029,301.74,0.8679020888729352
88.1,127.977077,37.935088,3164.835936,-173.682,20.744,301.709,0.8679020888729352
88.1166,127.97704,37.935107,3167.1469296,-173.704,20.46,301.679,0.8679020888729352
88.1333,127.977003,37.935126,3169.438416,-173.727,20.175,301.648,0.8679020888729352
88.15,127.976966,37.935145,3171.7107,-173.749,19.89,301.617,0.8679020888729352
88.1666,127.976929,37.935165,3173.9634768,-173.772,19.605,301.585,0.8679020888729352
88.1833,127.976891,37.935184,3176.1967464000004,-173.794,19.32,301.554,0.8679020888729352
88.2,127.976854,37.935204,3178.4105088,-173.815,19.034,301.523,0.8679020888729352
88.2166,127.976816,37.935223,3180.604764,-173.836,18.749,301.492,0.8679020888729352
88.2333,127.976779,37.935243,3182.7792072,-173.858,18.463,301.46,0.8679020888729352
88.25,127.976741,37.935262,3184.9344480000004,-173.882,18.178,301.427,0.8679020888729352
88.2666,127.976703,37.935282,3187.069572,-173.905,17.892,301.394,0.8679020888729352
88.2833,127.976665,37.935301,3189.1854936000004,-173.927,17.607,301.36,0.8679020888729352
88.3,127.976627,37.935321,3191.2812984,-173.948,17.321,301.326,0.8679020888729352
88.3166,127.976588,37.93534,3193.3572912000004,-173.968,17.035,301.292,0.8679020888729352
88.3333,127.97655,37.93536,3195.4140816,-173.984,16.749,301.258,0.8679020888729352
88.35,127.976512,37.93538,3197.4504504,-173.999,16.464,301.224,0.8679020888729352
88.3666,127.976473,37.935399,3199.467312,-174.01,16.177,301.19,0.8679020888729352
88.3833,127.976435,37.935419,3201.4643616000003,-174.02,15.891,301.156,0.8679020888729352
88.4,127.976396,37.935439,3203.4412944,-174.027,15.605,301.122,0.8679020888729352
88.4166,127.976357,37.935459,3205.3981104,-174.033,15.319,301.088,0.8679020888729352
88.4333,127.976318,37.935478,3207.3354192000006,-174.034,15.032,301.054,0.8679020888729352
88.45,127.976279,37.935498,3209.2526112,-174.031,14.746,301.02,0.8679020888729352
88.4666,127.97624,37.935518,3211.1499912000004,-174.025,14.459,300.985,0.8679020888729352
88.4833,127.976201,37.935538,3213.0269496,-174.015,14.173,300.95,0.8679020888729352
88.5,127.976162,37.935558,3214.884096,-174.001,13.886,300.915,0.8679020888729352
88.5166,127.976122,37.935578,3216.7208208,-173.985,13.6,300.881,0.8679020888729352
88.5333,127.976083,37.935598,3218.5389528000005,-173.959,13.313,300.845,0.8679020888729352
88.55,127.976043,37.935618,3220.336968,-173.924,13.027,300.807,0.8679020888729352
88.5666,127.976004,37.935638,3222.1148664,-173.879,12.741,300.769,0.8679020888729352
88.5833,127.975964,37.935657,3223.872648,-173.827,12.454,300.731,0.8679020888729352
88.6,127.975924,37.935677,3225.6106176,-173.766,12.168,300.692,0.8679020888729352
88.6166,127.975884,37.935697,3227.3281656,-173.7,11.882,300.654,0.8679020888729352
88.6333,127.975844,37.935717,3229.0277304000006,-173.61,11.596,300.612,0.8679020888729352
88.65,127.975804,37.935738,3230.7083976000004,-173.498,11.311,300.568,0.8679020888729352
88.6666,127.975764,37.935758,3232.3689480000003,-173.364,11.025,300.521,0.8679020888729352
88.6833,127.975724,37.935778,3234.0102960000004,-173.212,10.74,300.473,0.8679020888729352
88.7,127.975684,37.935798,3235.631832,-173.043,10.455,300.426,0.8679020888729352
88.7166,127.975643,37.935818,3237.2332512,-172.86,10.171,300.378,0.8679020888729352
88.7333,127.975603,37.935838,3238.8166872,-172.655,9.887,300.328,0.8679020888729352
88.75,127.975562,37.935858,3240.3800064,-172.432,9.604,300.276,0.8679020888729352
88.7666,127.975522,37.935878,3241.9235136,-172.193,9.321,300.223,0.8679020888729352
88.7833,127.975481,37.935898,3243.4472088,-171.94,9.039,300.169,0.8679020888729352
88.8,127.97544,37.935918,3244.9504824000005,-171.675,8.757,300.114,0.8679020888729352
88.8166,127.9754,37.935938,3246.4339440000003,-171.4,8.476,300.057,0.8679020888729352
88.8333,127.975359,37.935959,3247.896984,-171.119,8.196,300.0,0.8679020888729352
88.85,127.975318,37.935979,3249.3392976,-170.834,7.916,299.941,0.8679020888729352
88.8666,127.975277,37.935999,3250.7611896000003,-170.545,7.637,299.882,0.8679020888729352
88.8833,127.975235,37.936019,3252.1626600000004,-170.253,7.358,299.82,0.8679020888729352
88.9,127.975194,37.936039,3253.5437088,-169.96,7.08,299.757,0.8679020888729352
88.9166,127.975153,37.936059,3254.9040312,-169.665,6.802,299.692,0.8679020888729352
88.9333,127.975112,37.93608,3256.242408,-169.374,6.524,299.626,0.8679020888729352
88.95,127.97507,37.9361,3257.5600584,-169.089,6.247,299.559,0.8679020888729352
88.9666,127.975029,37.93612,3258.8566776000002,-168.808,5.97,299.49,0.8679020888729352
88.9833,127.974987,37.93614,3260.1325704,-168.531,5.694,299.42,0.8679020888729352
89.0,127.974945,37.93616,3261.3871272,-168.258,5.418,299.348,0.8679020888729352
89.0166,127.974904,37.93618,3262.6209576000006,-167.988,5.142,299.274,0.8679020888729352
89.0333,127.974862,37.9362,3263.8365000000003,-167.623,4.885,299.192,0.8679020888729352
89.05,127.97482,37.936221,3265.0340592000002,-167.168,4.662,299.105,0.8679020888729352
89.0666,127.974778,37.936241,3266.2148544,-166.617,4.488,299.021,0.8679020888729352
89.0833,127.974736,37.936261,3267.3804096000003,-165.972,4.377,298.948,0.8679020888729352
89.1,127.974694,37.936281,3268.5322488000006,-165.232,4.343,298.892,0.8679020888729352
89.1166,127.974652,37.936301,3269.6709816000002,-164.4,4.38,298.852,0.8679020888729352
89.1333,127.97461,37.936321,3270.7938648,-163.645,4.465,298.844,0.8679020888729352
89.15,127.974567,37.936341,3271.9021176,-162.978,4.581,298.865,0.8679020888729352
89.1666,127.974525,37.936361,3272.9945208000004,-162.398,4.713,298.903,0.8679020888729352
89.1833,127.974483,37.936381,3274.0713792,-161.904,4.847,298.946,0.8679020888729352
89.2,127.97444,37.936401,3275.1314736000004,-161.488,4.969,298.983,0.8679020888729352
89.2166,127.974398,37.936421,3276.1744992,-161.139,5.064,299.008,0.8679020888729352
89.2333,127.974355,37.936441,3277.1998464000003,-160.856,5.118,299.018,0.8679020888729352
89.25,127.974313,37.936461,3278.2069056000005,-160.627,5.115,299.007,0.8679020888729352
89.2666,127.97427,37.936481,3279.1944576000005,-160.441,5.044,298.969,0.8679020888729352
89.2833,127.974227,37.936501,3280.1637216,-160.292,4.892,298.901,0.8679020888729352
89.3,127.974184,37.936521,3281.1146976,-160.171,4.664,298.804,0.8679020888729352
89.3166,127.974142,37.936541,3282.0476904,-160.072,4.374,298.682,0.8679020888729352
89.3333,127.974099,37.936561,3282.9599568000003,-160.001,4.035,298.55,0.8679020888729352
89.35,127.974056,37.93658,3283.8533256000005,-159.952,3.662,298.413,0.8679020888729352
89.3666,127.974013,37.9366,3284.7274920000004,-159.927,3.273,298.275,0.8679020888729352
89.3833,127.973969,37.93662,3285.5827608,-159.924,2.884,298.139,0.8679020888729352
89.4,127.973926,37.93664,3286.4185224000003,-159.943,2.508,298.007,0.8679020888729352
89.4166,127.973883,37.936659,3287.2353864,-159.981,2.145,297.879,0.8679020888729352
89.4333,127.97384,37.936679,3288.0306096000004,-160.064,1.791,297.759,0.8679020888729352
89.45,127.973796,37.936699,3288.8038872,-160.187,1.443,297.644,0.8679020888729352
89.4666,127.973753,37.936718,3289.5573528000004,-160.347,1.099,297.534,0.8679020888729352
89.4833,127.973709,37.936738,3290.2897872000003,-160.538,0.76,297.426,0.8679020888729352
89.5,127.973666,37.936757,3291.0018,-160.757,0.423,297.319,0.8679020888729352
89.5166,127.973622,37.936777,3291.6933912000004,-160.997,0.09,297.214,0.8679020888729352
89.5333,127.973578,37.936796,3292.3618176,-161.288,-0.242,297.113,0.8679020888729352
89.55,127.973534,37.936815,3293.007384,-161.623,-0.575,297.019,0.8679020888729352
89.5666,127.973491,37.936835,3293.6310048,-161.998,-0.906,296.93,0.8679020888729352
89.5833,127.973447,37.936854,3294.2329848000004,-162.409,-1.237,296.843,0.8679020888729352
89.6,127.973403,37.936873,3294.8127144000005,-162.849,-1.566,296.758,0.8679020888729352
89.6166,127.973359,37.936892,3295.371108,-163.315,-1.894,296.676,0.8679020888729352
89.6333,127.973315,37.936912,3295.9090800000004,-163.766,-2.22,296.592,0.8679020888729352
89.65,127.973271,37.936931,3296.42724,-164.199,-2.545,296.508,0.8679020888729352
89.6666,127.973226,37.93695,3296.9261976000003,-164.613,-2.868,296.426,0.8679020888729352
89.6833,127.973182,37.936969,3297.4044288,-165.01,-3.191,296.346,0.8679020888729352
89.7,127.973138,37.936988,3297.8622384,-165.391,-3.514,296.27,0.8679020888729352
89.7166,127.973094,37.937007,3298.2996264,-165.76,-3.836,296.199,0.8679020888729352
89.7333,127.973049,37.937026,3298.7141544,-166.141,-4.159,296.134,0.8679020888729352
89.75,127.973005,37.937045,3299.1058224000003,-166.538,-4.481,296.077,0.8679020888729352
89.7666,127.972961,37.937064,3299.4755448,-166.95,-4.802,296.025,0.8679020888729352
89.7833,127.972916,37.937083,3299.8230168000005,-167.377,-5.123,295.977,0.8679020888729352
89.8,127.972872,37.937102,3300.1485432,-167.82,-5.442,295.932,0.8679020888729352
89.8166,127.972827,37.937121,3300.4518192000005,-168.275,-5.761,295.89,0.8679020888729352
89.8333,127.972783,37.93714,3300.7307112000003,-168.753,-6.08,295.852,0.8679020888729352
89.85,127.972738,37.937158,3300.9876576,-169.252,-6.399,295.819,0.8679020888729352
89.8666,127.972693,37.937177,3301.2217440000004,-169.77,-6.717,295.789,0.8679020888729352
89.8833,127.972649,37.937196,3301.4332752,-170.303,-7.036,295.763,0.8679020888729352
89.9,127.972604,37.937215,3301.6222512,-170.85,-7.354,295.74,0.8679020888729352
89.9166,127.97256,37.937233,3301.788672,-171.409,-7.672,295.72,0.8679020888729352
89.9333,127.972515,37.937252,3301.9349760000005,-171.848,-7.971,295.688,0.8679020888729352
89.95,127.97247,37.937271,3302.0617728,-172.172,-8.235,295.644,0.8679020888729352
89.9666,127.972426,37.937289,3302.1699768,-172.377,-8.451,295.6,0.8679020888729352
89.9833,127.972381,37.937308,3302.261112,-172.46,-8.602,295.56,0.8679020888729352
90.0,127.972336,37.937326,3302.3370072000002,-172.421,-8.675,295.532,0.8679020888729352
90.0166,127.972291,37.937345,3302.398272,-172.266,-8.669,295.516,0.8679020888729352
90.0333,127.972246,37.937364,3302.4458208,-171.997,-8.604,295.51,0.8679020888729352
90.05,127.972202,37.937382,3302.4808728000003,-171.621,-8.496,295.511,0.8679020888729352
90.0666,127.972157,37.937401,3302.5046472,-171.143,-8.364,295.517,0.8679020888729352
90.0833,127.972112,37.937419,3302.5180584,-170.565,-8.224,295.524,0.8679020888729352
90.1,127.972067,37.937438,3302.5220208,-169.892,-8.092,295.531,0.8679020888729352
90.1166,127.972022,37.937456,3302.5165344,-169.127,-7.974,295.535,0.8679020888729352
90.1333,127.971977,37.937475,3302.5015992,-168.275,-7.868,295.536,0.8679020888729352
90.15,127.971932,37.937493,3302.47752,-167.339,-7.77,295.535,0.8679020888729352
90.1666,127.971887,37.937512,3302.4452112,-166.319,-7.677,295.532,0.8679020888729352
90.1833,127.971842,37.937531,3302.404368,-165.219,-7.586,295.528,0.8679020888729352
90.2,127.971797,37.937549,3302.3552952,-164.043,-7.498,295.523,0.8679020888729352
90.2166,127.971752,37.937568,3302.2967736000005,-162.801,-7.411,295.52,0.8679020888729352
90.2333,127.971707,37.937586,3302.229108,-161.512,-7.325,295.514,0.8679020888729352
90.25,127.971661,37.937605,3302.1522984000003,-160.184,-7.238,295.505,0.8679020888729352
90.2666,127.971616,37.937623,3302.0666496,-158.823,-7.152,295.495,0.8679020888729352
90.2833,127.971571,37.937642,3301.971552,-157.432,-7.066,295.485,0.8679020888729352
90.3,127.971526,37.93766,3301.86792,-156.014,-6.981,295.476,0.8679020888729352
90.3166,127.97148,37.937678,3301.7554488000005,-154.573,-6.897,295.469,0.8679020888729352
90.3333,127.971435,37.937697,3301.6329192000003,-153.218,-6.818,295.472,0.8679020888729352
90.35,127.97139,37.937715,3301.5003312,-151.951,-6.746,295.486,0.8679020888729352
90.3666,127.971344,37.937734,3301.3573800000004,-150.765,-6.677,295.504,0.8679020888729352
90.3833,127.971299,37.937752,3301.203456,-149.649,-6.61,295.523,0.8679020888729352
90.4,127.971253,37.93777,3301.0385592000002,-148.593,-6.542,295.54,0.8679020888729352
90.4166,127.971208,37.937789,3300.8629944,-147.585,-6.474,295.554,0.8679020888729352
90.4333,127.971162,37.937807,3300.6788952,-146.551,-6.401,295.558,0.8679020888729352
90.45,127.971117,37.937825,3300.4868712,-145.483,-6.323,295.555,0.8679020888729352
90.4666,127.971071,37.937843,3300.2881416000005,-144.378,-6.243,295.546,0.8679020888729352
90.4833,127.971025,37.937862,3300.0830112000003,-143.236,-6.163,295.536,0.8679020888729352
90.5,127.97098,37.93788,3299.8726992,-142.059,-6.086,295.528,0.8679020888729352
90.5166,127.970934,37.937898,3299.6556816,-140.854,-6.011,295.521,0.8679020888729352
90.5333,127.970888,37.937916,3299.432568,-139.626,-5.939,295.515,0.8679020888729352
90.55,127.970842,37.937934,3299.2033584,-138.382,-5.87,295.512,0.8679020888729352
90.5666,127.970797,37.937953,3298.9686624000005,-137.125,-5.803,295.511,0.8679020888729352
90.5833,127.970751,37.937971,3298.7278704,-135.86,-5.738,295.511,0.8679020888729352
90.6,127.970705,37.937989,3298.4815920000005,-134.59,-5.674,295.513,0.8679020888729352
90.6166,127.970659,37.938007,3298.2298272000003,-133.316,-5.611,295.516,0.8679020888729352
90.6333,127.970613,37.938025,3297.9744048000002,-131.992,-5.546,295.517,0.8679020888729352
90.65,127.970567,37.938043,3297.7153248,-130.619,-5.478,295.515,0.8679020888729352
90.6666,127.970521,37.938061,3297.4531968,-129.203,-5.408,295.513,0.8679020888729352
90.6833,127.970475,37.93808,3297.1868016,-127.749,-5.341,295.512,0.8679020888729352
90.7,127.970429,37.938098,3296.9170536,-126.264,-5.275,295.513,0.8679020888729352
90.7166,127.970383,37.938116,3296.6433432000003,-124.755,-5.213,295.516,0.8679020888729352
90.7333,127.970337,37.938134,3296.3674992,-123.173,-5.148,295.518,0.8679020888729352
90.75,127.970291,37.938152,3296.0892168000005,-121.528,-5.081,295.519,0.8679020888729352
90.7666,127.970244,37.938171,3295.8088008000004,-119.827,-5.013,295.522,0.8679020888729352
90.7833,127.970198,37.938189,3295.5256416,-118.08,-4.946,295.526,0.8679020888729352
90.8,127.970152,37.938207,3295.2397392000003,-116.296,-4.884,295.532,0.8679020888729352
90.8166,127.970106,37.938225,3294.9510936,-114.483,-4.824,295.542,0.8679020888729352
90.8333,127.97006,37.938244,3294.6603144000005,-112.613,-4.764,295.552,0.8679020888729352
90.85,127.970013,37.938262,3294.3680112,-110.689,-4.702,295.564,0.8679020888729352
90.8666,127.969967,37.93828,3294.0732696,-108.713,-4.64,295.577,0.8679020888729352
90.8833,127.969921,37.938299,3293.7763944,-106.688,-4.578,295.592,0.8679020888729352
90.9,127.969874,37.938317,3293.4773856,-104.616,-4.518,295.609,0.8679020888729352
90.9166,127.969828,37.938336,3293.1756336,-102.506,-4.46,295.628,0.8679020888729352
90.9333,127.969782,37.938354,3292.8720528000003,-100.353,-4.404,295.649,0.8679020888729352
90.95,127.969735,37.938373,3292.5657287999998,-98.161,-4.35,295.672,0.8679020888729352
90.9666,127.969689,37.938391,3292.2566616000004,-95.933,-4.297,295.698,0.8679020888729352
90.9833,127.969642,37.93841,3291.9451559999998,-93.67,-4.245,295.726,0.8679020888729352
91.0,127.969596,37.938429,3291.6309072000004,-91.375,-4.195,295.756,0.8679020888729352
91.0166,127.969549,37.938447,3291.3139152,-89.05,-4.148,295.788,0.8679020888729352
91.0333,127.969503,37.938466,3290.9938752000003,-86.697,-4.102,295.822,0.8679020888729352
91.05,127.969456,37.938485,3290.6707872,-84.319,-4.059,295.859,0.8679020888729352
91.0666,127.96941,37.938504,3290.3443464,-81.916,-4.017,295.897,0.8679020888729352
91.0833,127.969363,37.938522,3290.0148576,-79.491,-3.978,295.937,0.8679020888729352
91.1,127.969317,37.938541,3289.6817112000003,-77.045,-3.941,295.979,0.8679020888729352
91.1166,127.96927,37.93856,3289.345212,-74.58,-3.907,296.023,0.8679020888729352
91.1333,127.969224,37.938579,3289.0053600000006,-72.097,-3.875,296.068,0.8679020888729352
91.15,127.969177,37.938598,3288.6615456000004,-69.597,-3.846,296.115,0.8679020888729352
91.1666,127.96913,37.938617,3288.3140736000005,-67.083,-3.819,296.164,0.8679020888729352
91.1833,127.969084,37.938636,3287.9626392000005,-64.554,-3.795,296.214,0.8679020888729352
91.2,127.969037,37.938655,3287.6075472,-62.011,-3.774,296.265,0.8679020888729352
91.2166,127.96899,37.938674,3287.248188,-59.457,-3.755,296.317,0.8679020888729352
91.2333,127.968944,37.938693,3286.8848664,-56.89,-3.73,296.355,0.8679020888729352
91.25,127.968897,37.938712,3286.5178872000006,-54.31,-3.689,296.366,0.8679020888729352
91.2666,127.96885,37.938731,3286.1472504000003,-51.719,-3.632,296.356,0.8679020888729352
91.2833,127.968803,37.938751,3285.7726512,-49.118,-3.566,296.334,0.8679020888729352
91.3,127.968757,37.93877,3285.3940896000004,-46.509,-3.496,296.309,0.8679020888729352
91.3166,127.96871,37.938789,3285.0118704,-43.893,-3.425,296.285,0.8679020888729352
91.3333,127.968663,37.938808,3284.6281272,-41.319,-3.343,296.248,0.8679020888729352
91.35,127.968616,37.938827,3284.2428600000003,-38.788,-3.235,296.187,0.8679020888729352
91.3666,127.968569,37.938847,3283.857288,-36.295,-3.095,296.105,0.8679020888729352
91.3833,127.968522,37.938866,3283.4698872000004,-33.836,-2.933,296.014,0.8679020888729352
91.4,127.968475,37.938885,3283.0812671999997,-31.406,-2.757,295.923,0.8679020888729352
91.4166,127.968428,37.938904,3282.6914280000005,-29.0,-2.574,295.841,0.8679020888729352
91.4333,127.968381,37.938923,3282.304332,-26.732,-2.376,295.747,0.8679020888729352
91.45,127.968334,37.938942,3281.9193695999998,-24.594,-2.145,295.636,0.8679020888729352
91.4666,127.968287,37.938962,3281.53776,-22.569,-1.881,295.517,0.8679020888729352
91.4833,127.96824,37.938981,3281.1607224,-20.639,-1.595,295.403,0.8679020888729352
91.5,127.968192,37.939,3280.7888664,-18.787,-1.297,295.301,0.8679020888729352
91.5166,127.968145,37.939019,3280.4197536,-16.994,-0.994,295.215,0.8679020888729352
91.5333,127.968098,37.939038,3280.0597848,-15.355,-0.676,295.128,0.8679020888729352
91.55,127.968051,37.939057,3279.7080456000003,-13.853,-0.324,295.037,0.8679020888729352
91.5666,127.968003,37.939076,3279.3651456000002,-12.464,0.051,294.948,0.8679020888729352
91.5833,127.967956,37.939095,3279.0332184000004,-11.17,0.44,294.87,0.8679020888729352
91.6,127.967908,37.939114,3278.7086064,-9.949,0.833,294.807,0.8679020888729352
91.6166,127.967861,37.939133,3278.3934432,-8.783,1.222,294.76,0.8679020888729352
91.6333,127.967813,37.939152,3278.0913864000004,-7.728,1.622,294.718,0.8679020888729352
91.65,127.967766,37.939171,3277.8018263999998,-6.768,2.031,294.68,0.8679020888729352
91.6666,127.967718,37.93919,3277.5262872000003,-5.885,2.442,294.648,0.8679020888729352
91.6833,127.967671,37.939209,3277.2617208,-5.065,2.849,294.627,0.8679020888729352
91.7,127.967623,37.939228,3277.0096512,-4.294,3.251,294.618,0.8679020888729352
91.7166,127.967575,37.939246,3276.7700784000003,-3.559,3.644,294.618,0.8679020888729352
91.7333,127.967528,37.939265,3276.5457456000004,-2.887,4.029,294.625,0.8679020888729352
91.75,127.96748,37.939284,3276.3372624000003,-2.268,4.406,294.635,0.8679020888729352
91.7666,127.967432,37.939303,3276.1415807999997,-1.693,4.775,294.651,0.8679020888729352
91.7833,127.967385,37.939322,3275.9605296,-1.152,5.135,294.673,0.8679020888729352
91.8,127.967337,37.939341,3275.7934992,-0.639,5.488,294.702,0.8679020888729352
91.8166,127.967289,37.93936,3275.6410992,-0.146,5.835,294.736,0.8679020888729352
91.8333,127.967242,37.939378,3275.501196,0.389,6.174,294.782,0.8679020888729352
91.85,127.967194,37.939397,3275.3740944,0.971,6.508,294.839,0.8679020888729352
91.8666,127.967146,37.939416,3275.2591848,1.597,6.835,294.903,0.8679020888729352
91.8833,127.967098,37.939435,3275.1561624000005,2.262,7.155,294.97,0.8679020888729352
91.9,127.967051,37.939454,3275.0671608000002,2.962,7.47,295.041,0.8679020888729352
91.9166,127.967003,37.939473,3274.9915704,3.69,7.779,295.113,0.8679020888729352
91.9333,127.966955,37.939491,3274.9315248000003,4.399,8.082,295.183,0.8679020888729352
91.95,127.966907,37.93951,3274.8873288,5.086,8.38,295.252,0.8679020888729352
91.9666,127.96686,37.939529,3274.8598968,5.75,8.672,295.322,0.8679020888729352
91.9833,127.966812,37.939548,3274.8486192000005,6.392,8.958,295.395,0.8679020888729352
92.0,127.966764,37.939567,3274.8531912000003,7.015,9.239,295.472,0.8679020888729352
92.0166,127.966716,37.939586,3274.8739176,7.622,9.516,295.555,0.8679020888729352
92.0333,127.966669,37.939605,3274.912932,8.181,9.789,295.638,0.8679020888729352
92.05,127.966621,37.939624,3274.9705392,8.697,10.06,295.722,0.8679020888729352
92.0666,127.966573,37.939643,3275.04552,9.176,10.327,295.808,0.8679020888729352
92.0833,127.966526,37.939661,3275.1375696,9.624,10.591,295.897,0.8679020888729352
92.1,127.966478,37.93968,3275.2469928,10.046,10.853,295.99,0.8679020888729352
92.1166,127.966431,37.939699,3275.3731800000005,10.448,11.112,296.087,0.8679020888729352
92.1333,127.966383,37.939718,3275.5191792,10.817,11.369,296.186,0.8679020888729352
92.15,127.966335,37.939737,3275.682552,11.157,11.625,296.285,0.8679020888729352
92.1666,127.966288,37.939756,3275.8629936,11.472,11.879,296.386,0.8679020888729352
92.1833,127.966241,37.939775,3276.0614184,11.767,12.131,296.489,0.8679020888729352
92.2,127.966193,37.939795,3276.2769120000003,12.047,12.381,296.594,0.8679020888729352
92.2166,127.966146,37.939814,3276.5097792,12.314,12.629,296.701,0.8679020888729352
92.2333,127.966098,37.939833,3276.7612392,12.564,12.876,296.81,0.8679020888729352
92.25,127.966051,37.939852,3277.0297680000003,12.798,13.122,296.919,0.8679020888729352
92.2666,127.966004,37.939871,3277.3159752,13.021,13.366,297.029,0.8679020888729352
92.2833,127.965957,37.93989,3277.6192512,13.233,13.609,297.14,0.8679020888729352
92.3,127.965909,37.939909,3277.9402056000004,13.437,13.851,297.252,0.8679020888729352
92.3166,127.965862,37.939929,3278.2782288,13.635,14.091,297.365,0.8679020888729352
92.3333,127.965815,37.939948,3278.6342352000006,13.824,14.33,297.478,0.8679020888729352
92.35,127.965768,37.939967,3279.0076152,14.006,14.568,297.592,0.8679020888729352
92.3666,127.965721,37.939986,3279.3980640000004,14.181,14.805,297.706,0.8679020888729352
92.3833,127.965674,37.940006,3279.8061912000003,14.352,15.041,297.821,0.8679020888729352
92.4,127.965627,37.940025,3280.2313872000004,14.518,15.276,297.936,0.8679020888729352
92.4166,127.96558,37.940044,3280.6739568000003,14.68,15.509,298.052,0.8679020888729352
92.4333,127.965534,37.940064,3281.1339000000003,14.838,15.742,298.168,0.8679020888729352
92.45,127.965487,37.940083,3281.6112168000004,14.992,15.974,298.284,0.8679020888729352
92.4666,127.96544,37.940103,3282.1059072000003,15.143,16.205,298.401,0.8679020888729352
92.4833,127.965394,37.940122,3282.6176664000004,15.29,16.436,298.517,0.8679020888729352
92.5,127.965347,37.940141,3283.1467992,15.435,16.665,298.634,0.8679020888729352
92.5166,127.9653,37.940161,3283.6930008000004,15.578,16.894,298.751,0.8679020888729352
92.5333,127.965254,37.940181,3284.256576,15.718,17.122,298.869,0.8679020888729352
92.55,127.965208,37.9402,3284.83722,15.855,17.349,298.986,0.8679020888729352
92.5666,127.965161,37.94022,3285.4352375999997,15.99,17.576,299.104,0.8679020888729352
92.5833,127.965115,37.940239,3286.050324,16.124,17.802,299.222,0.8679020888729352
92.6,127.965069,37.940259,3286.6824792,16.255,18.028,299.34,0.8679020888729352
92.6166,127.965023,37.940279,3287.3317032000004,16.385,18.253,299.459,0.8679020888729352
92.6333,127.964977,37.940298,3287.9983008000004,16.513,18.478,299.577,0.8679020888729352
92.65,127.964931,37.940318,3288.6816624000003,16.64,18.702,299.696,0.8679020888729352
92.6666,127.964885,37.940338,3289.3820928,16.765,18.926,299.815,0.8679020888729352
92.6833,127.964839,37.940357,3290.0995920000005,16.889,19.15,299.935,0.8679020888729352
92.7,127.964793,37.940377,3290.8341600000003,17.011,19.373,300.054,0.8679020888729352
92.7166,127.964747,37.940397,3291.5857968,17.132,19.597,300.174,0.8679020888729352
92.7333,127.964702,37.940417,3292.3541976,17.252,19.82,300.294,0.8679020888729352
92.75,127.964656,37.940437,3293.1393624,17.37,20.043,300.415,0.8679020888729352
92.7666,127.96461,37.940456,3293.941596,17.488,20.265,300.535,0.8679020888729352
92.7833,127.964565,37.940476,3294.7605936000004,17.604,20.488,300.656,0.8679020888729352
92.8,127.96452,37.940496,3295.5966600000006,17.72,20.71,300.778,0.8679020888729352
92.8166,127.964474,37.940516,3296.4494904,17.835,20.932,300.899,0.8679020888729352
92.8333,127.964429,37.940536,3297.31878,17.948,21.154,301.021,0.8679020888729352
92.85,127.964384,37.940556,3298.2051384,18.061,21.376,301.143,0.8679020888729352
92.8666,127.964339,37.940576,3299.107956,18.173,21.597,301.265,0.8679020888729352
92.8833,127.964294,37.940596,3300.0275376,18.284,21.819,301.388,0.8679020888729352
92.9,127.964249,37.940616,3300.9638832,18.395,22.04,301.511,0.8679020888729352
92.9166,127.964204,37.940636,3301.916688,18.504,22.262,301.634,0.8679020888729352
92.9333,127.96416,37.940656,3302.8862568,18.613,22.483,301.757,0.8679020888729352
92.95,127.964115,37.940677,3303.8722848,18.721,22.704,301.881,0.8679020888729352
92.9666,127.96407,37.940697,3304.8750768,18.829,22.925,302.005,0.8679020888729352
92.9833,127.964026,37.940717,3305.8940232000004,18.936,23.146,302.13,0.8679020888729352
93.0,127.963982,37.940737,3306.9297336,19.042,23.367,302.255,0.8679020888729352
93.0166,127.963937,37.940757,3307.9815984,19.147,23.587,302.38,0.8679020888729352
93.0333,127.963893,37.940778,3309.0502272000003,19.253,23.808,302.505,0.8679020888729352
93.05,127.963849,37.940798,3310.1350104,19.358,24.029,302.63,0.8679020888729352
93.0666,127.963805,37.940818,3311.2362528000003,19.463,24.25,302.755,0.8679020888729352
93.0833,127.963761,37.940838,3312.3536496,19.567,24.471,302.88,0.8679020888729352
93.1,127.963717,37.940859,3313.4875056000005,19.67,24.692,303.005,0.8679020888729352
93.1166,127.963674,37.940879,3314.6375160000002,19.772,24.913,303.131,0.8679020888729352
93.1333,127.96363,37.9409,3315.8036807999997,19.875,25.134,303.257,0.8679020888729352
93.15,127.963587,37.94092,3316.9860000000003,19.976,25.355,303.382,0.8679020888729352
93.1666,127.963543,37.94094,3318.1847784000006,20.078,25.577,303.508,0.8679020888729352
93.1833,127.9635,37.940961,3319.3994064,20.178,25.798,303.634,0.8679020888729352
93.2,127.963457,37.940981,3320.6301888000003,20.278,26.019,303.76,0.8679020888729352
93.2166,127.963413,37.941002,3321.8771256000005,20.377,26.241,303.887,0.8679020888729352
93.2333,127.96337,37.941022,3323.1399120000005,20.476,26.462,304.014,0.8679020888729352
93.25,127.963328,37.941043,3324.4188528000004,20.574,26.684,304.141,0.8679020888729352
93.2666,127.963285,37.941063,3325.713948,20.673,26.906,304.267,0.8679020888729352
93.2833,127.963242,37.941084,3327.0248928,20.77,27.127,304.395,0.8679020888729352
93.3,127.963199,37.941104,3328.3516872000005,20.867,27.349,304.522,0.8679020888729352
93.3166,127.963157,37.941125,3329.6943312,20.963,27.571,304.651,0.8679020888729352
93.3333,127.963115,37.941146,3331.0528248,21.059,27.792,304.779,0.8679020888729352
93.35,127.963072,37.941166,3332.427168,21.155,28.014,304.907,0.8679020888729352
93.3666,127.96303,37.941187,3333.8173608,21.251,28.236,305.036,0.8679020888729352
93.3833,127.962988,37.941208,3335.2234032000006,21.346,28.459,305.165,0.8679020888729352
93.4,127.962946,37.941228,3336.6449904,21.441,28.681,305.294,0.8679020888729352
93.4166,127.962904,37.941249,3338.0824272,21.536,28.903,305.424,0.8679020888729352
93.4333,127.962862,37.94127,3339.5357136000002,21.63,29.125,305.555,0.8679020888729352
93.45,127.962821,37.941291,3341.0045448,21.724,29.347,305.685,0.8679020888729352
93.4666,127.962779,37.941311,3342.4889208000004,21.819,29.569,305.816,0.8679020888729352
93.4833,127.962738,37.941332,3343.9888416000003,21.913,29.792,305.947,0.8679020888729352
93.5,127.962697,37.941353,3345.504612,22.007,30.014,306.079,0.8679020888729352
93.5166,127.962655,37.941374,3347.0356224,22.1,30.236,306.211,0.8679020888729352
93.5333,127.962614,37.941395,3348.5821776000003,22.194,30.459,306.344,0.8679020888729352
93.55,127.962573,37.941415,3350.1442776000004,22.288,30.681,306.477,0.8679020888729352
93.5666,127.962533,37.941436,3351.7216176,22.382,30.904,306.611,0.8679020888729352
93.5833,127.962492,37.941457,3353.3145024,22.476,31.126,306.745,0.8679020888729352
93.6,127.962451,37.941478,3354.9229320000004,22.57,31.349,306.88,0.8679020888729352
93.6166,127.962411,37.941499,3356.5462968,22.665,31.571,307.015,0.8679020888729352
93.6333,127.96237,37.94152,3358.1852064,22.759,31.794,307.151,0.8679020888729352
93.65,127.96233,37.941541,3359.839356,22.854,32.017,307.287,0.8679020888729352
93.6666,127.96229,37.941562,3361.5087456,22.949,32.239,307.424,0.8679020888729352
93.6833,127.96225,37.941583,3363.1933752,23.045,32.462,307.562,0.8679020888729352
93.7,127.96221,37.941604,3364.8932448,23.141,32.685,307.7,0.8679020888729352
93.7166,127.962171,37.941625,3366.6080496,23.237,32.907,307.839,0.8679020888729352
93.7333,127.962131,37.941646,3368.3380944,23.335,33.13,307.977,0.8679020888729352
93.75,127.962091,37.941667,3370.0830744,23.434,33.354,308.115,0.8679020888729352
93.7666,127.962052,37.941688,3371.8429896000002,23.535,33.578,308.252,0.8679020888729352
93.7833,127.962013,37.941709,3373.6181448,23.636,33.803,308.389,0.8679020888729352
93.8,127.961974,37.94173,3375.4082352000005,23.736,34.027,308.527,0.8679020888729352
93.8166,127.961935,37.941751,3377.2132608,23.836,34.251,308.665,0.8679020888729352
93.8333,127.961896,37.941772,3379.034136,23.83,34.468,308.776,0.8679020888729352
93.85,127.961857,37.941794,3380.8711656,23.72,34.673,308.857,0.8679020888729352
93.8666,127.961819,37.941815,3382.725264,23.504,34.87,308.918,0.8679020888729352
93.8833,127.96178,37.941836,3384.5964312,23.182,35.062,308.968,0.8679020888729352
93.9,127.961742,37.941857,3386.4855816,22.757,35.251,309.015,0.8679020888729352
93.9166,127.961704,37.941878,3388.39302,22.232,35.441,309.059,0.8679020888729352
93.9333,127.961666,37.941899,3390.319356,21.61,35.63,309.102,0.8679020888729352
93.95,127.961628,37.94192,3392.2645896000004,20.897,35.821,309.143,0.8679020888729352
93.9666,127.961591,37.941942,3394.2293304000004,20.096,36.012,309.181,0.8679020888729352
93.9833,127.961553,37.941963,3396.2114448,19.218,36.206,309.217,0.8679020888729352
94.0,127.961516,37.941984,3398.2109328000006,18.276,36.402,309.252,0.8679020888729352
94.0166,127.961479,37.942005,3400.2277943999998,17.281,36.6,309.285,0.8679020888729352
94.0333,127.961442,37.942026,3402.2608104,16.267,36.807,309.321,0.8679020888729352
94.05,127.961405,37.942047,3404.3096760000003,15.241,37.022,309.36,0.8679020888729352
94.0666,127.961368,37.942068,3406.3737816000003,14.207,37.243,309.399,0.8679020888729352
94.0833,127.961332,37.942089,3408.4537368,13.166,37.47,309.434,0.8679020888729352
94.1,127.961295,37.94211,3410.548932,12.119,37.701,309.463,0.8679020888729352
94.1166,127.961259,37.942131,3412.6599768,11.067,37.935,309.486,0.8679020888729352
94.1333,127.961223,37.942152,3414.7850424,10.047,38.181,309.509,0.8679020888729352
94.15,127.961187,37.942173,3416.9241288,9.057,38.438,309.53,0.8679020888729352
94.1666,127.961151,37.942194,3419.0769312,8.093,38.704,309.548,0.8679020888729352
94.1833,127.961115,37.942215,3421.2446688000005,7.148,38.976,309.559,0.8679020888729352
94.2,127.961079,37.942236,3423.4270368,6.218,39.25,309.561,0.8679020888729352
94.2166,127.961043,37.942257,3425.6237304000006,5.299,39.526,309.553,0.8679020888729352
94.2333,127.961008,37.942278,3427.8338352000005,4.42,39.808,309.541,0.8679020888729352
94.25,127.960972,37.942298,3430.0567416000004,3.576,40.094,309.525,0.8679020888729352
94.2666,127.960937,37.942319,3432.2939736000003,2.762,40.383,309.502,0.8679020888729352
94.2833,127.960901,37.94234,3434.5452264,1.97,40.673,309.471,0.8679020888729352
94.3,127.960866,37.94236,3436.8105,1.197,40.964,309.431,0.8679020888729352
94.3166,127.960831,37.942381,3439.0900992,0.436,41.255,309.382,0.8679020888729352
94.3333,127.960796,37.942401,3441.3818904,-0.195,41.545,309.35,0.8679020888729352
94.35,127.960761,37.942422,3443.6864832,-0.703,41.834,309.337,0.8679020888729352
94.3666,127.960726,37.942442,3446.0029632,-1.097,42.122,309.333,0.8679020888729352
94.3833,127.960691,37.942463,3448.3310256000004,-1.391,42.409,309.329,0.8679020888729352
94.4,127.960657,37.942483,3450.669756,-1.598,42.696,309.32,0.8679020888729352
94.4166,127.960622,37.942503,3453.0191544,-1.734,42.981,309.302,0.8679020888729352
94.4333,127.960587,37.942524,3455.3786112000003,-1.786,43.266,309.283,0.8679020888729352
94.45,127.960553,37.942544,3457.7499552000004,-1.769,43.55,309.263,0.8679020888729352
94.4666,127.960518,37.942564,3460.1328816,-1.692,43.832,309.24,0.8679020888729352
94.4833,127.960484,37.942584,3462.5276952,-1.567,44.112,309.216,0.8679020888729352
94.5,127.96045,37.942604,3464.9350056000003,-1.403,44.39,309.189,0.8679020888729352
94.5166,127.960415,37.942624,3467.3548127999998,-1.207,44.666,309.16,0.8679020888729352
94.5333,127.960381,37.942644,3469.7874216,-0.986,44.939,309.13,0.8679020888729352
94.55,127.960347,37.942664,3472.232832,-0.743,45.21,309.101,0.8679020888729352
94.5666,127.960313,37.942684,3474.6913488000005,-0.485,45.478,309.072,0.8679020888729352
94.5833,127.960279,37.942704,3477.162972,-0.212,45.745,309.045,0.8679020888729352
94.6,127.960246,37.942724,3479.6480064,0.071,46.011,309.019,0.8679020888729352
94.6166,127.960212,37.942743,3482.1458423999998,0.365,46.275,308.997,0.8679020888729352
94.6333,127.960179,37.942763,3484.6583088,0.655,46.537,308.975,0.8679020888729352
94.65,127.960145,37.942783,3487.1844912,0.938,46.799,308.954,0.8679020888729352
94.6666,127.960112,37.942802,3489.7240848,1.217,47.06,308.935,0.8679020888729352
94.6833,127.960079,37.942822,3492.2773944,1.492,47.32,308.919,0.8679020888729352
94.7,127.960046,37.942841,3494.8441152,1.765,47.579,308.907,0.8679020888729352
94.7166,127.960013,37.94286,3497.4242472,2.036,47.838,308.898,0.8679020888729352
94.7333,127.95998,37.94288,3500.0193144000004,2.293,48.097,308.892,0.8679020888729352
94.75,127.959947,37.942899,3502.6277928,2.537,48.355,308.887,0.8679020888729352
94.7666,127.959914,37.942918,3505.2499872000003,2.77,48.613,308.884,0.8679020888729352
94.7833,127.959882,37.942937,3507.8858976,2.996,48.871,308.885,0.8679020888729352
94.8,127.95985,37.942956,3510.5352192000005,3.215,49.129,308.889,0.8679020888729352
94.8166,127.959817,37.942975,3513.197952,3.43,49.387,308.898,0.8679020888729352
94.8333,127.959785,37.942994,3515.8750104,3.632,49.645,308.908,0.8679020888729352
94.85,127.959753,37.943013,3518.5651752000003,3.823,49.903,308.92,0.8679020888729352
94.8666,127.959721,37.943032,3521.2687511999998,4.006,50.161,308.935,0.8679020888729352
94.8833,127.95969,37.94305,3523.9860432,4.182,50.42,308.952,0.8679020888729352
94.9,127.959658,37.943069,3526.7161368,4.353,50.679,308.973,0.8679020888729352
94.9166,127.959627,37.943088,3529.4596416000004,4.52,50.938,308.997,0.8679020888729352
94.9333,127.959595,37.943106,3532.2165576,4.68,51.197,309.021,0.8679020888729352
94.95,127.959564,37.943125,3534.9865800000002,4.833,51.456,309.046,0.8679020888729352
94.9666,127.959533,37.943143,3537.7697088,4.981,51.716,309.072,0.8679020888729352
94.9833,127.959502,37.943161,3540.5656392000005,5.125,51.977,309.1,0.8679020888729352
95.0,127.959471,37.94318,3543.3746760000004,5.266,52.237,309.13,0.8679020888729352
95.0166,127.959441,37.943198,3546.1962096,5.404,52.498,309.163,0.8679020888729352
95.0333,127.95941,37.943216,3549.0308496000002,5.539,52.759,309.197,0.8679020888729352
95.05,127.95938,37.943234,3551.8779864000003,5.67,53.021,309.233,0.8679020888729352
95.0666,127.95935,37.943252,3554.7379248,5.799,53.282,309.271,0.8679020888729352
95.0833,127.95932,37.94327,3557.6103600000006,5.927,53.544,309.311,0.8679020888729352
95.1,127.95929,37.943288,3560.4949872,6.053,53.807,309.352,0.8679020888729352
95.1166,127.95926,37.943306,3563.392416,6.179,54.069,309.397,0.8679020888729352
95.1333,127.95923,37.943323,3566.3017320000004,6.305,54.332,309.443,0.8679020888729352
95.15,127.959201,37.943341,3569.2235448,6.429,54.596,309.492,0.8679020888729352
95.1666,127.959171,37.943359,3572.1575496,6.554,54.859,309.544,0.8679020888729352
95.1833,127.959142,37.943376,3575.1034416,6.68,55.123,309.597,0.8679020888729352
95.2,127.959113,37.943394,3578.0615256000006,6.807,55.387,309.653,0.8679020888729352
95.2166,127.959084,37.943411,3581.0311920000004,6.935,55.652,309.711,0.8679020888729352
95.2333,127.959055,37.943428,3584.0130504000003,7.065,55.917,309.773,0.8679020888729352
95.25,127.959027,37.943446,3587.0064912000003,7.197,56.182,309.839,0.8679020888729352
95.2666,127.958998,37.943463,3590.0115144000006,7.332,56.447,309.907,0.8679020888729352
95.2833,127.95897,37.94348,3593.02812,7.47,56.713,309.979,0.8679020888729352
95.3,127.958941,37.943497,3596.0563079999997,7.61,56.979,310.053,0.8679020888729352
95.3166,127.958913,37.943514,3599.0960784000004,7.754,57.244,310.129,0.8679020888729352
95.3333,127.958885,37.943531,3602.1471264,7.901,57.51,310.209,0.8679020888729352
95.35,127.958858,37.943548,3605.209452,8.052,57.775,310.291,0.8679020888729352
95.3666,127.95883,37.943565,3608.2827504,8.207,58.039,310.377,0.8679020888729352
95.3833,127.958803,37.943582,3611.3673264,8.365,58.303,310.465,0.8679020888729352
95.4,127.958775,37.943598,3614.46318,8.526,58.566,310.555,0.8679020888729352
95.4166,127.958748,37.943615,3617.5697016,8.691,58.828,310.648,0.8679020888729352
95.4333,127.958721,37.943632,3620.6878056000005,8.855,59.09,310.741,0.8679020888729352
95.45,127.958694,37.943648,3623.8165776,9.017,59.351,310.834,0.8679020888729352
95.4666,127.958668,37.943665,3626.9560176,9.178,59.612,310.928,0.8679020888729352
95.4833,127.958641,37.943681,3630.1064304000006,9.339,59.872,311.024,0.8679020888729352
95.5,127.958615,37.943697,3633.2675112,9.499,60.131,311.122,0.8679020888729352
95.5166,127.958588,37.943713,3636.4392600000006,9.66,60.39,311.223,0.8679020888729352
95.5333,127.958562,37.943729,3639.6216768,9.817,60.649,311.323,0.8679020888729352
95.55,127.958536,37.943746,3642.8147616,9.971,60.907,311.424,0.8679020888729352
95.5666,127.958511,37.943762,3646.0179048000005,10.123,61.165,311.525,0.8679020888729352
95.5833,127.958485,37.943777,3649.2314112000004,10.274,61.422,311.628,0.8679020888729352
95.6,127.95846,37.943793,3652.4552808,10.423,61.679,311.733,0.8679020888729352
95.6166,127.958434,37.943809,3655.6892088,10.572,61.935,311.841,0.8679020888729352
95.6333,127.958409,37.943825,3658.9335,10.717,62.191,311.949,0.8679020888729352
95.65,127.958384,37.943841,3662.1872399999997,10.86,62.447,312.056,0.8679020888729352
95.6666,127.95836,37.943856,3665.4513432000003,11.001,62.703,312.164,0.8679020888729352
95.6833,127.958335,37.943872,3668.7248952,11.141,62.958,312.274,0.8679020888729352
95.7,127.958311,37.943887,3672.0082008000004,11.279,63.213,312.387,0.8679020888729352
95.7166,127.958286,37.943902,3675.30126,11.417,63.467,312.502,0.8679020888729352
95.7333,127.958262,37.943918,3678.603768,11.552,63.722,312.617,0.8679020888729352
95.75,127.958238,37.943933,3681.9157248,11.686,63.976,312.732,0.8679020888729352
95.7666,127.958215,37.943948,3685.2371304000003,11.819,64.23,312.848,0.8679020888729352
95.7833,127.958191,37.943963,3688.56768,11.951,64.483,312.966,0.8679020888729352
95.8,127.958168,37.943978,3691.9073736000005,12.082,64.737,313.086,0.8679020888729352
95.8166,127.958144,37.943993,3695.2559064,12.214,64.99,313.209,0.8679020888729352
95.8333,127.958121,37.944008,3698.613888,12.346,65.242,313.339,0.8679020888729352
95.85,127.958098,37.944023,3701.980404,12.48,65.493,313.477,0.8679020888729352
95.8666,127.958075,37.944037,3705.3557592,12.615,65.744,313.62,0.8679020888729352
95.8833,127.958053,37.944052,3708.7396488000004,12.754,65.994,313.769,0.8679020888729352
95.9,127.95803,37.944067,3712.1320728,12.895,66.244,313.922,0.8679020888729352
95.9166,127.958008,37.944081,3715.533336,13.04,66.493,314.079,0.8679020888729352
95.9333,127.957986,37.944096,3718.942524,13.189,66.741,314.244,0.8679020888729352
95.95,127.957964,37.94411,3722.3602464000005,13.342,66.989,314.417,0.8679020888729352
95.9666,127.957942,37.944124,3725.7861984000006,13.501,67.236,314.596,0.8679020888729352
95.9833,127.957921,37.944138,3729.2200752000003,13.665,67.482,314.782,0.8679020888729352
96.0,127.957899,37.944152,3732.6621816,13.834,67.728,314.971,0.8679020888729352
96.0166,127.957878,37.944167,3736.111908,14.008,67.973,315.166,0.8679020888729352
96.0333,127.957857,37.944181,3739.5695592,14.187,68.218,315.364,0.8679020888729352
96.05,127.957836,37.944194,3743.0351352000002,14.372,68.463,315.567,0.8679020888729352
96.0666,127.957815,37.944208,3746.5083312,14.562,68.707,315.775,0.8679020888729352
96.0833,127.957795,37.944222,3749.9891472,14.757,68.95,315.986,0.8679020888729352
96.1,127.957774,37.944236,3753.4772784000006,14.957,69.193,316.202,0.8679020888729352
96.1166,127.957754,37.944249,3756.9730296000002,15.162,69.435,316.423,0.8679020888729352
96.1333,127.957734,37.944263,3760.4760960000003,15.373,69.677,316.648,0.8679020888729352
96.15,127.957714,37.944276,3763.9861728,15.589,69.919,316.878,0.8679020888729352
96.1666,127.957694,37.94429,3767.5038696,15.811,70.16,317.114,0.8679020888729352
96.1833,127.957675,37.944303,3771.028272,16.039,70.4,317.355,0.8679020888729352
96.2,127.957655,37.944316,3774.5599896000003,16.272,70.64,317.602,0.8679020888729352
96.2166,127.957636,37.944329,3778.0987176,16.512,70.879,317.853,0.8679020888729352
96.2333,127.957617,37.944342,3781.6441512,16.758,71.118,318.112,0.8679020888729352
96.25,127.957598,37.944355,3785.1962904,17.011,71.356,318.376,0.8679020888729352
96.2666,127.957579,37.944368,3788.7551352000005,17.27,71.593,318.647,0.8679020888729352
96.2833,127.957561,37.944381,3792.3209904,17.537,71.83,318.925,0.8679020888729352
96.3,127.957542,37.944394,3795.8929416000005,17.811,72.067,319.209,0.8679020888729352
96.3166,127.957524,37.944407,3799.4715984000004,18.092,72.303,319.5,0.8679020888729352
96.3333,127.957506,37.944419,3803.056656,18.38,72.538,319.799,0.8679020888729352
96.35,127.957488,37.944432,3806.6478096000005,18.677,72.773,320.104,0.8679020888729352
96.3666,127.95747,37.944444,3810.2453640000003,18.981,73.007,320.417,0.8679020888729352
96.3833,127.957453,37.944457,3813.8490144,19.294,73.24,320.738,0.8679020888729352
96.4,127.957436,37.944469,3817.4587608,19.615,73.473,321.068,0.8679020888729352
96.4166,127.957418,37.944481,3821.0742984000003,19.945,73.705,321.406,0.8679020888729352
96.4333,127.957401,37.944493,3824.695932,20.285,73.936,321.752,0.8679020888729352
96.45,127.957385,37.944506,3828.3233568,20.634,74.167,322.108,0.8679020888729352
96.4666,127.957368,37.944518,3831.9565728000002,20.993,74.397,322.474,0.8679020888729352
96.4833,127.957351,37.94453,3835.59558,21.362,74.626,322.85,0.8679020888729352
96.5,127.957335,37.944541,3839.2400736000004,21.742,74.855,323.236,0.8679020888729352
96.5166,127.957319,37.944553,3842.8900536,22.134,75.082,323.634,0.8679020888729352
96.5333,127.957303,37.944565,3846.5452152,22.537,75.309,324.042,0.8679020888729352
96.55,127.957287,37.944577,3850.206168,22.952,75.535,324.463,0.8679020888729352
96.5666,127.957271,37.944588,3853.8719976,23.38,75.76,324.897,0.8679020888729352
96.5833,127.957256,37.9446,3857.5433136,23.821,75.984,325.343,0.8679020888729352
96.6,127.957241,37.944611,3861.2195064000002,24.277,76.208,325.803,0.8679020888729352
96.6166,127.957225,37.944622,3864.9008808,24.746,76.43,326.278,0.8679020888729352
96.6333,127.95721,37.944634,3868.587132,25.232,76.651,326.767,0.8679020888729352
96.65,127.957196,37.944645,3872.2782600000005,25.732,76.871,327.273,0.8679020888729352
96.6666,127.957181,37.944656,3875.9742648,26.25,77.09,327.794,0.8679020888729352
96.6833,127.957167,37.944667,3879.6751464000004,26.785,77.308,328.333,0.8679020888729352
96.7,127.957152,37.944678,3883.3802952,27.338,77.525,328.89,0.8679020888729352
96.7166,127.957138,37.944689,3887.0903208000004,27.91,77.74,329.466,0.8679020888729352
96.7333,127.957124,37.944699,3890.8046136000003,28.503,77.954,330.062,0.8679020888729352
96.75,127.957111,37.94471,3894.5234784000004,29.117,78.166,330.679,0.8679020888729352
96.7666,127.957097,37.944721,3898.2466104,29.754,78.377,331.317,0.8679020888729352
96.7833,127.957083,37.944731,3901.9740096000005,30.414,78.587,331.979,0.8679020888729352
96.8,127.95707,37.944742,3905.7053712,31.099,78.794,332.665,0.8679020888729352
96.8166,127.957057,37.944752,3909.4410000000003,31.809,79.0,333.377,0.8679020888729352
96.8333,127.957044,37.944763,3913.1805912000004,32.549,79.204,334.115,0.8679020888729352
96.85,127.957031,37.944773,3916.9241448000002,33.32,79.406,334.883,0.8679020888729352
96.8666,127.957019,37.944783,3920.671356,34.123,79.606,335.681,0.8679020888729352
96.8833,127.957006,37.944793,3924.4225296000004,34.958,79.803,336.51,0.8679020888729352
96.9,127.956994,37.944803,3928.1773608,35.827,79.999,337.371,0.8679020888729352
96.9166,127.956982,37.944813,3931.9355448,36.731,80.191,338.266,0.8679020888729352
96.9333,127.95697,37.944823,3935.6973864,37.676,80.381,339.197,0.8679020888729352
96.95,127.956959,37.944833,3939.4625808,38.664,80.568,340.168,0.8679020888729352
96.9666,127.956947,37.944843,3943.2308232000005,39.694,80.752,341.178,0.8679020888729352
96.9833,127.956936,37.944852,3947.0027232,40.769,80.933,342.23,0.8679020888729352
97.0,127.956924,37.944862,3950.7776712000004,41.889,81.11,343.323,0.8679020888729352
97.0166,127.956913,37.944871,3954.5556672,43.055,81.284,344.46,0.8679020888729352
97.0333,127.956902,37.944881,3958.3367112,44.268,81.454,345.642,0.8679020888729352
97.05,127.956892,37.94489,3962.1204984000005,45.529,81.62,346.871,0.8679020888729352
97.0666,127.956881,37.944899,3965.9073336,46.839,81.782,348.147,0.8679020888729352
97.0833,127.956871,37.944908,3969.6969120000003,48.2,81.939,349.473,0.8679020888729352
97.1,127.956861,37.944918,3973.4892336000003,49.614,82.092,350.851,0.8679020888729352
97.1166,127.95685,37.944927,3977.2842984000004,51.081,82.24,352.282,0.8679020888729352
97.1333,127.956841,37.944936,3981.0818016,52.599,82.383,353.765,0.8679020888729352
97.15,127.956831,37.944944,3984.8817432,54.17,82.521,355.303,0.8679020888729352
97.1666,127.956821,37.944953,3988.6841232,55.794,82.653,356.895,0.8679020888729352
97.1833,127.956812,37.944962,3992.4889416000005,57.472,82.779,358.543,0.8679020888729352
97.2,127.956803,37.944971,3996.2958936000005,59.206,82.898,0.248,0.8679020888729352
97.2166,127.956794,37.944979,4000.1049792000003,60.995,83.011,2.009,0.8679020888729352
97.2333,127.956785,37.944988,4003.9161984,62.837,83.117,3.826,0.8679020888729352
97.25,127.956776,37.944996,4007.7292464000006,64.731,83.216,5.696,0.8679020888729352
97.2666,127.956768,37.945005,4011.544428,66.676,83.308,7.62,0.8679020888729352
97.2833,127.95676,37.945013,4015.3611336,68.67,83.391,9.593,0.8679020888729352
97.3,127.956751,37.945021,4019.1799728,70.711,83.467,11.615,0.8679020888729352
97.3166,127.956743,37.945029,4023.000336,72.794,83.534,13.681,0.8679020888729352
97.3333,127.956736,37.945037,4026.8222232000003,74.915,83.592,15.786,0.8679020888729352
97.35,127.956728,37.945045,4030.6456344000003,77.071,83.641,17.927,0.8679020888729352
97.3666,127.95672,37.945053,4034.4702647999998,79.255,83.682,20.098,0.8679020888729352
97.3833,127.956713,37.945061,4038.2964192000004,81.462,83.713,22.292,0.8679020888729352
97.4,127.956706,37.945069,4042.1237928,83.686,83.734,24.505,0.8679020888729352
97.4166,127.956699,37.945076,4045.9523856,85.921,83.747,26.729,0.8679020888729352
97.4333,127.956692,37.945084,4049.7821976,88.159,83.749,28.958,0.8679020888729352
97.45,127.956686,37.945091,4053.612924,90.395,83.743,31.184,0.8679020888729352
97.4666,127.956679,37.945099,4057.4445648,92.621,83.727,33.402,0.8679020888729352
97.4833,127.956673,37.945106,4061.27712,94.832,83.701,35.604,0.8679020888729352
97.5,127.956667,37.945113,4065.1105896000004,97.02,83.666,37.784,0.8679020888729352
97.5166,127.956661,37.945121,4068.9446688000003,99.18,83.622,39.937,0.8679020888729352
97.5333,127.956655,37.945128,4072.7793576000004,101.306,83.57,42.056,0.8679020888729352
97.55,127.956649,37.945135,4076.614656,103.395,83.508,44.137,0.8679020888729352
97.5666,127.956644,37.945142,4080.4502592000003,105.441,83.438,46.176,0.8679020888729352
97.5833,127.956638,37.945149,4084.2864720000002,107.441,83.36,48.168,0.8679020888729352
97.6,127.956633,37.945156,4088.1229896000004,109.392,83.274,50.111,0.8679020888729352
97.6166,127.956628,37.945162,4091.9598120000005,111.291,83.181,52.002,0.8679020888729352
97.6333,127.956624,37.945169,4095.7969392000005,113.137,83.08,53.838,0.8679020888729352
97.65,127.956619,37.945176,4099.6340664,114.928,82.972,55.618,0.8679020888729352
97.6666,127.956614,37.945182,4103.4711936,116.664,82.857,57.342,0.8679020888729352
97.6833,127.95661,37.945189,4107.308320800001,118.344,82.736,59.008,0.8679020888729352
97.7,127.956606,37.945195,4111.145448,119.968,82.609,60.617,0.8679020888729352
97.7166,127.956602,37.945202,4114.982575200001,121.538,82.477,62.17,0.8679020888729352
97.7333,127.956598,37.945208,4118.8193976,123.053,82.339,63.666,0.8679020888729352
97.75,127.956595,37.945214,4122.6559152,124.514,82.196,65.105,0.8679020888729352
97.7666,127.956591,37.94522,4126.492128000001,125.924,82.047,66.49,0.8679020888729352
97.7833,127.956588,37.945226,4130.328036,127.283,81.895,67.823,0.8679020888729352
97.8,127.956585,37.945232,4134.1633344,128.593,81.738,69.103,0.8679020888729352
97.8166,127.956582,37.945238,4137.998328000001,129.854,81.577,70.333,0.8679020888729352
97.8333,127.956579,37.945244,4141.832712,131.067,81.411,71.513,0.8679020888729352
97.85,127.956576,37.94525,4145.6661816000005,132.234,81.242,72.642,0.8679020888729352
97.8666,127.956574,37.945255,4149.499346400001,133.357,81.069,73.724,0.8679020888729352
97.8833,127.956571,37.945261,4153.3315968,134.436,80.892,74.761,0.8679020888729352
97.9,127.956569,37.945266,4157.162932800001,135.474,80.712,75.753,0.8679020888729352
97.9166,127.956567,37.945272,4160.9933544000005,136.471,80.529,76.704,0.8679020888729352
97.9333,127.956565,37.945277,4164.822861600001,137.43,80.343,77.612,0.8679020888729352
97.95,127.956563,37.945283,4168.6514544,138.352,80.154,78.479,0.8679020888729352
97.9666,127.956562,37.945288,4172.478828,139.238,79.962,79.308,0.8679020888729352
97.9833,127.95656,37.945293,4176.305287200001,140.089,79.767,80.1,0.8679020888729352
98.0,127.956559,37.945298,4180.1302224,140.907,79.57,80.856,0.8679020888729352
98.0166,127.956558,37.945303,4183.9539384,141.693,79.371,81.578,0.8679020888729352
98.0333,127.956557,37.945308,4187.7764352,142.448,79.169,82.267,0.8679020888729352
98.05,127.956556,37.945313,4191.597408,143.173,78.965,82.923,0.8679020888729352
98.0666,127.956556,37.945318,4195.4171616,143.869,78.759,83.548,0.8679020888729352
98.0833,127.956555,37.945323,4199.2350864,144.537,78.55,84.143,0.8679020888729352
98.1,127.956555,37.945327,4203.0514872,145.178,78.34,84.709,0.8679020888729352
98.1166,127.956555,37.945332,4206.866364,145.792,78.128,85.247,0.8679020888729352
98.1333,127.956555,37.945337,4210.6791072000005,146.382,77.913,85.758,0.8679020888729352
98.15,127.956555,37.945341,4214.4903264,146.947,77.697,86.241,0.8679020888729352
98.1666,127.956555,37.945346,4218.2997168,147.489,77.479,86.698,0.8679020888729352
98.1833,127.956556,37.94535,4222.107278400001,148.008,77.259,87.13,0.8679020888729352
98.2,127.956557,37.945354,4225.9124016,148.506,77.037,87.539,0.8679020888729352
98.2166,127.956557,37.945359,4229.715696,148.983,76.813,87.924,0.8679020888729352
98.2333,127.956558,37.945363,4233.517161600001,149.444,76.588,88.286,0.8679020888729352
98.25,127.956559,37.945367,4237.3164936,149.889,76.361,88.624,0.8679020888729352
98.2666,127.956561,37.945371,4241.1133872,150.319,76.132,88.94,0.8679020888729352
98.2833,127.956562,37.945375,4244.9081472,150.736,75.902,89.236,0.8679020888729352
98.3,127.956564,37.945379,4248.700468800001,151.139,75.67,89.513,0.8679020888729352
98.3166,127.956565,37.945383,4252.490656800001,151.529,75.437,89.771,0.8679020888729352
98.3333,127.956567,37.945386,4256.2784064,151.917,75.202,90.004,0.8679020888729352
98.35,127.956569,37.94539,4260.0640224,152.304,74.964,90.214,0.8679020888729352
98.3666,127.956571,37.945394,4263.8475048,152.691,74.725,90.402,0.8679020888729352
98.3833,127.956574,37.945397,4267.628244,153.076,74.483,90.571,0.8679020888729352
98.4,127.956576,37.945401,4271.4068496,153.459,74.241,90.721,0.8679020888729352
98.4166,127.956579,37.945405,4275.1824072,153.84,73.997,90.854,0.8679020888729352
98.4333,127.956581,37.945408,4278.956136,154.244,73.75,90.958,0.8679020888729352
98.45,127.956584,37.945411,4282.7274264,154.672,73.501,91.037,0.8679020888729352
98.4666,127.956587,37.945415,4286.4965832,155.121,73.25,91.091,0.8679020888729352
98.4833,127.95659,37.945418,4290.2636064,155.589,72.997,91.125,0.8679020888729352
98.5,127.956593,37.945421,4294.0278864,156.074,72.742,91.138,0.8679020888729352
98.5166,127.956597,37.945425,4297.7900328000005,156.572,72.485,91.134,0.8679020888729352
98.5333,127.9566,37.945428,4301.5488264,157.065,72.229,91.117,0.8679020888729352
98.55,127.956604,37.945431,4305.304572,157.552,71.973,91.091,0.8679020888729352
98.5666,127.956607,37.945434,4309.0569648,158.031,71.717,91.054,0.8679020888729352
98.5833,127.956611,37.945437,4312.8057,158.502,71.463,91.007,0.8679020888729352
98.6,127.956615,37.94544,4316.5510824,158.967,71.209,90.951,0.8679020888729352
98.6166,127.95662,37.945443,4320.293112,159.426,70.956,90.888,0.8679020888729352
98.6333,127.956624,37.945446,4324.0317888,159.91,70.712,90.795,0.8679020888729352
98.65,127.956628,37.945449,4327.7671128,160.409,70.486,90.664,0.8679020888729352
98.6666,127.956633,37.945452,4331.4993888,160.917,70.288,90.488,0.8679020888729352
98.6833,127.956638,37.945454,4335.2286168,161.426,70.125,90.263,0.8679020888729352
98.7,127.956643,37.945457,4338.9547968,161.932,70.003,89.985,0.8679020888729352
98.7166,127.956647,37.94546,4342.6785384,162.439,69.921,89.659,0.8679020888729352
98.7333,127.956652,37.945463,4346.4001464,162.954,69.871,89.295,0.8679020888729352
98.75,127.956658,37.945465,4350.1190112,163.483,69.847,88.9,0.8679020888729352
98.7666,127.956663,37.945468,4353.8354376,164.032,69.841,88.483,0.8679020888729352
98.7833,127.956668,37.945471,4357.5497304,164.602,69.85,88.047,0.8679020888729352
98.8,127.956673,37.945473,4361.261280000001,165.194,69.871,87.599,0.8679020888729352
98.8166,127.956679,37.945476,4364.9703912,165.808,69.901,87.143,0.8679020888729352
98.8333,127.956684,37.945479,4368.6764544,166.423,69.94,86.687,0.8679020888729352
98.85,127.95669,37.945481,4372.3794696,167.041,69.984,86.234,0.8679020888729352
98.8666,127.956696,37.945484,4376.0797416000005,167.661,70.035,85.786,0.8679020888729352
98.8833,127.956702,37.945486,4379.776356,168.286,70.091,85.344,0.8679020888729352
98.9,127.956708,37.945489,4383.4702272,168.916,70.151,84.909,0.8679020888729352
98.9166,127.956714,37.945491,4387.1610504,169.554,70.216,84.484,0.8679020888729352
98.9333,127.95672,37.945494,4390.849435200001,170.203,70.284,84.067,0.8679020888729352
98.95,127.956727,37.945496,4394.534772,170.865,70.356,83.66,0.8679020888729352
98.9666,127.956733,37.945499,4398.2176704,171.539,70.43,83.263,0.8679020888729352
98.9833,127.95674,37.945502,4401.898130400001,172.227,70.506,82.877,0.8679020888729352
99.0,127.956746,37.945504,4405.5758472,172.927,70.585,82.503,0.8679020888729352
99.0166,127.956753,37.945507,4409.251125600001,173.64,70.666,82.14,0.8679020888729352
99.0333,127.95676,37.945509,4412.9248800000005,174.375,70.748,81.785,0.8679020888729352
99.05,127.956767,37.945512,4416.5968056,175.131,70.832,81.439,0.8679020888729352
99.0666,127.956774,37.945514,4420.2662928,175.908,70.917,81.101,0.8679020888729352
99.0833,127.956781,37.945517,4423.9342560000005,176.704,71.003,80.773,0.8679020888729352
99.1,127.956788,37.945519,4427.6003904,177.519,71.089,80.454,0.8679020888729352
99.1166,127.956795,37.945522,4431.264696,178.35,71.174,80.145,0.8679020888729352
99.1333,127.956802,37.945524,4434.9277824,179.211,71.26,79.84,0.8679020888729352
99.15,127.956809,37.945527,4438.5899544,-179.898,71.346,79.539,0.8679020888729352
99.1666,127.956817,37.945529,4442.2509072,-178.982,71.431,79.243,0.8679020888729352
99.1833,127.956824,37.945532,4445.9106408,-178.04,71.515,78.954,0.8679020888729352
99.2,127.956831,37.945535,4449.569155200001,-177.076,71.6,78.67,0.8679020888729352
99.2166,127.956839,37.945537,4453.2264504,-176.089,71.683,78.393,0.8679020888729352
99.2333,127.956846,37.94554,4456.8840504,-175.069,71.767,78.118,0.8679020888729352
99.25,127.956854,37.945542,4460.5410408,-174.017,71.851,77.844,0.8679020888729352
99.2666,127.956861,37.945545,4464.1974216,-172.933,71.934,77.573,0.8679020888729352
99.2833,127.956869,37.945547,4467.8538024,-171.818,72.017,77.304,0.8679020888729352
99.3,127.956876,37.94555,4471.5098784,-170.672,72.1,77.039,0.8679020888729352
99.3166,127.956884,37.945553,4475.1653448,-169.499,72.183,76.777,0.8679020888729352
99.3333,127.956892,37.945555,4478.821116,-168.294,72.266,76.519,0.8679020888729352
99.35,127.956899,37.945558,4482.4768872,-167.06,72.348,76.263,0.8679020888729352
99.3666,127.956907,37.94556,4486.1326584,-165.796,72.431,76.011,0.8679020888729352
99.3833,127.956915,37.945563,4489.7887344,-164.503,72.515,75.763,0.8679020888729352
99.4,127.956922,37.945566,4493.4445056,-163.182,72.598,75.518,0.8679020888729352
99.4166,127.95693,37.945568,4497.1008864000005,-161.832,72.682,75.276,0.8679020888729352
99.4333,127.956938,37.945571,4500.757572,-160.454,72.765,75.039,0.8679020888729352
99.45,127.956945,37.945573,4504.4142576,-159.049,72.85,74.806,0.8679020888729352
99.4666,127.956953,37.945576,4508.071857600001,-157.616,72.934,74.576,0.8679020888729352
99.4833,127.956961,37.945579,4511.7294576,-156.157,73.019,74.351,0.8679020888729352
99.5,127.956969,37.945581,4515.3876672,-154.67,73.105,74.131,0.8679020888729352
99.5166,127.956976,37.945584,4519.0464864000005,-153.157,73.191,73.916,0.8679020888729352
99.5333,127.956984,37.945586,4522.7056104,-151.617,73.277,73.707,0.8679020888729352
99.55,127.956992,37.945589,4526.365344000001,-150.052,73.363,73.503,0.8679020888729352
99.5666,127.957,37.945591,4530.0256872,-148.46,73.451,73.305,0.8679020888729352
99.5833,127.957008,37.945594,4533.68664,-146.843,73.538,73.113,0.8679020888729352
99.6,127.957015,37.945596,4537.3482024,-145.2,73.626,72.929,0.8679020888729352
99.6166,127.957023,37.945599,4541.0103744,-143.533,73.714,72.751,0.8679020888729352
99.6333,127.957031,37.945601,4544.6734608,-141.84,73.803,72.58,0.8679020888729352
99.65,127.957039,37.945604,4548.336852,-140.123,73.892,72.416,0.8679020888729352
99.6666,127.957047,37.945606,4552.001157600001,-138.382,73.981,72.261,0.8679020888729352
99.6833,127.957054,37.945609,4555.666072800001,-136.616,74.071,72.113,0.8679020888729352
99.7,127.957062,37.945611,4559.3315976,-134.827,74.161,71.973,0.8679020888729352
99.7166,127.95707,37.945614,4562.997732000001,-133.013,74.251,71.842,0.8679020888729352
99.7333,127.957078,37.945616,4566.6647808,-131.176,74.341,71.719,0.8679020888729352
99.75,127.957086,37.945619,4570.332744,-129.316,74.431,71.606,0.8679020888729352
99.7666,127.957094,37.945621,4574.0013168000005,-127.432,74.522,71.502,0.8679020888729352
99.7833,127.957102,37.945623,4577.6704992,-125.525,74.612,71.407,0.8679020888729352
99.8,127.957109,37.945626,4581.340596,-123.595,74.702,71.322,0.8679020888729352
99.8166,127.957117,37.945628,4585.0113024,-121.641,74.791,71.247,0.8679020888729352
99.8333,127.957125,37.94563,4588.6826184,-119.682,74.878,71.166,0.8679020888729352
99.85,127.957133,37.945633,4592.354544000001,-117.716,74.962,71.078,0.8679020888729352
99.8666,127.957141,37.945635,4596.027384,-115.741,75.044,70.987,0.8679020888729352
99.8833,127.957149,37.945637,4599.7005288,-113.755,75.124,70.895,0.8679020888729352
99.9,127.957157,37.945639,4603.374588,-111.757,75.202,70.804,0.8679020888729352
99.9166,127.957165,37.945641,4607.0492568,-109.745,75.28,70.717,0.8679020888729352
99.9333,127.957173,37.945643,4610.7242304,-107.754,75.353,70.597,0.8679020888729352
99.95,127.957181,37.945646,4614.3998136,-105.824,75.419,70.404,0.8679020888729352
99.9666,127.957189,37.945648,4618.0757016,-103.953,75.48,70.141,0.8679020888729352
99.9833,127.957197,37.94565,4621.7518944,-102.128,75.537,69.821,0.8679020888729352
100.0,127.957205,37.945652,4625.4286968,-100.337,75.592,69.458,0.8679020888729352
100.0166,127.957213,37.945654,4629.106108800001,-98.569,75.645,69.063,0.8679020888729352
100.0333,127.957221,37.945656,4632.783216,-96.864,75.696,68.596,0.8679020888729352
100.05,127.957229,37.945658,4636.460932800001,-95.26,75.745,68.02,0.8679020888729352
100.0666,127.957237,37.94566,4640.1386496000005,-93.742,75.793,67.35,0.8679020888729352
100.0833,127.957245,37.945662,4643.816976,-92.29,75.842,66.608,0.8679020888729352
100.1,127.957253,37.945664,4647.495302400001,-90.888,75.891,65.812,0.8679020888729352
100.1166,127.957262,37.945666,4651.1736288,-89.521,75.942,64.977,0.8679020888729352
100.1333,127.95727,37.945667,4654.852260000001,-88.292,75.991,64.061,0.8679020888729352
100.15,127.957278,37.945669,4658.5302816,-87.234,76.037,63.029,0.8679020888729352
100.1666,127.957286,37.945671,4662.2083032,-86.326,76.083,61.898,0.8679020888729352
100.1833,127.957294,37.945673,4665.8857152,-85.542,76.13,60.692,0.8679020888729352
100.2,127.957303,37.945675,4669.5628224,-84.859,76.179,59.432,0.8679020888729352
100.2166,127.957311,37.945677,4673.2396248000005,-84.256,76.231,58.134,0.8679020888729352
100.2333,127.957319,37.945679,4676.9158176,-83.836,76.281,56.752,0.8679020888729352
100.25,127.957327,37.945682,4680.591096,-83.62,76.33,55.259,0.8679020888729352
100.2666,127.957335,37.945684,4684.2657648,-83.582,76.38,53.672,0.8679020888729352
100.2833,127.957344,37.945686,4687.9395192,-83.692,76.429,52.016,0.8679020888729352
100.3,127.957352,37.945688,4691.612664,-83.923,76.48,50.31,0.8679020888729352
100.3166,127.95736,37.94569,4695.285504,-84.252,76.53,48.569,0.8679020888729352
100.3333,127.957368,37.945693,4698.9574296,-84.76,76.577,46.749,0.8679020888729352
100.35,127.957375,37.945695,4702.6284408,-85.434,76.619,44.857,0.8679020888729352
100.3666,127.957383,37.945698,4706.2985376,-86.245,76.658,42.911,0.8679020888729352
100.3833,127.957391,37.9457,4709.9683296,-87.166,76.691,40.931,0.8679020888729352
100.4,127.957399,37.945703,4713.6372072,-88.177,76.72,38.93,0.8679020888729352
100.4166,127.957406,37.945706,4717.305780000001,-89.257,76.743,36.918,0.8679020888729352
100.4333,127.957414,37.945708,4720.9734384,-90.418,76.759,34.905,0.8679020888729352
100.45,127.957421,37.945711,4724.6401824,-91.644,76.767,32.898,0.8679020888729352
100.4666,127.957429,37.945714,4728.306316800001,-92.921,76.768,30.905,0.8679020888729352
100.4833,127.957436,37.945717,4731.9718416000005,-94.235,76.762,28.933,0.8679020888729352
100.5,127.957443,37.94572,4735.6367568000005,-95.575,76.749,26.984,0.8679020888729352
100.5166,127.95745,37.945723,4739.301062400001,-96.933,76.73,25.063,0.8679020888729352
100.5333,127.957457,37.945726,4742.9647584,-98.27,76.708,23.171,0.8679020888729352
100.55,127.957465,37.945729,4746.6278448,-99.583,76.683,21.308,0.8679020888729352
100.5666,127.957471,37.945732,4750.2906264,-100.866,76.654,19.476,0.8679020888729352
100.5833,127.957478,37.945735,4753.9531032,-102.119,76.622,17.676,0.8679020888729352
100.6,127.957485,37.945739,4757.615275200001,-103.34,76.586,15.91,0.8679020888729352
100.6166,127.957492,37.945742,4761.2768376,-104.526,76.546,14.179,0.8679020888729352
100.6333,127.957499,37.945745,4764.9377904,-105.694,76.5,12.485,0.8679020888729352
100.65,127.957505,37.945749,4768.5978288,-106.842,76.448,10.829,0.8679020888729352
100.6666,127.957512,37.945752,4772.2575624,-107.969,76.392,9.212,0.8679020888729352
100.6833,127.957518,37.945756,4775.9163816,-109.074,76.332,7.635,0.8679020888729352
100.7,127.957524,37.945759,4779.5745912,-110.155,76.268,6.095,0.8679020888729352
100.7166,127.95753,37.945763,4783.2318864,-111.214,76.201,4.592,0.8679020888729352
100.7333,127.957537,37.945766,4786.8882672,-112.263,76.13,3.128,0.8679020888729352
100.75,127.957543,37.94577,4790.5434288,-113.3,76.055,1.7,0.8679020888729352
100.7666,127.957548,37.945774,4794.1979808,-114.326,75.977,0.307,0.8679020888729352
100.7833,127.957554,37.945778,4797.8513136,-115.34,75.896,358.948,0.8679020888729352
100.8,127.95756,37.945782,4801.503732,-116.344,75.814,357.62,0.8679020888729352
100.8166,127.957565,37.945786,4805.1549312,-117.337,75.728,356.321,0.8679020888729352
100.8333,127.957571,37.94579,4808.8046064,-118.327,75.64,355.05,0.8679020888729352
100.85,127.957576,37.945794,4812.4533672,-119.314,75.55,353.806,0.8679020888729352
100.8666,127.957581,37.945798,4816.1009088,-120.297,75.456,352.588,0.8679020888729352
100.8833,127.957586,37.945802,4819.7469264,-121.275,75.361,351.395,0.8679020888729352
100.9,127.957591,37.945806,4823.3917248,-122.248,75.263,350.225,0.8679020888729352
100.9166,127.957596,37.94581,4827.0349992,-123.213,75.163,349.077,0.8679020888729352
100.9333,127.957601,37.945814,4830.6767496,-124.176,75.06,347.952,0.8679020888729352
100.95,127.957606,37.945819,4834.316976,-125.133,74.955,346.849,0.8679020888729352
100.9666,127.95761,37.945823,4837.955678400001,-126.084,74.848,345.767,0.8679020888729352
100.9833,127.957615,37.945828,4841.5928568,-127.028,74.738,344.706,0.8679020888729352
101.0,127.957619,37.945832,4845.2285112,-127.963,74.627,343.666,0.8679020888729352
101.0166,127.957623,37.945836,4848.862336800001,-128.888,74.513,342.645,0.8679020888729352
101.0333,127.957627,37.945841,4852.4946384,-129.804,74.397,341.644,0.8679020888729352
101.05,127.957631,37.945846,4856.1248064,-130.709,74.278,340.663,0.8679020888729352
101.0666,127.957635,37.94585,4859.7534504000005,-131.602,74.158,339.701,0.8679020888729352
101.0833,127.957638,37.945855,4863.3802656,-132.482,74.035,338.759,0.8679020888729352
101.1,127.957642,37.94586,4867.005252,-133.349,73.91,337.836,0.8679020888729352
101.1166,127.957645,37.945865,4870.6281048,-134.2,73.783,336.932,0.8679020888729352
101.1333,127.957648,37.945869,4874.248824,-135.036,73.654,336.047,0.8679020888729352
101.15,127.957651,37.945874,4877.8677144,-135.855,73.522,335.181,0.8679020888729352
101.1666,127.957654,37.945879,4881.484776,-136.657,73.388,334.334,0.8679020888729352
101.1833,127.957657,37.945884,4885.0993992,-137.441,73.252,333.506,0.8679020888729352
101.2,127.95766,37.945889,4888.7118888,-138.206,73.114,332.696,0.8679020888729352
101.2166,127.957663,37.945894,4892.3222448,-138.952,72.974,331.904,0.8679020888729352
101.2333,127.957665,37.945899,4895.930162400001,-139.678,72.832,331.132,0.8679020888729352
101.25,127.957667,37.945905,4899.5356416,-140.384,72.687,330.377,0.8679020888729352
101.2666,127.95767,37.94591,4903.138987200001,-141.07,72.541,329.641,0.8679020888729352
101.2833,127.957672,37.945915,4906.7398944,-141.734,72.392,328.924,0.8679020888729352
101.3,127.957674,37.94592,4910.3383632000005,-142.378,72.242,328.224,0.8679020888729352
101.3166,127.957676,37.945926,4913.934088800001,-142.999,72.089,327.542,0.8679020888729352
101.3333,127.957677,37.945931,4917.527376000001,-143.6,71.934,326.879,0.8679020888729352
101.35,127.957679,37.945937,4921.11792,-144.18,71.777,326.232,0.8679020888729352
101.3666,127.95768,37.945942,4924.705720800001,-144.738,71.619,325.604,0.8679020888729352
101.3833,127.957682,37.945948,4928.290778400001,-145.275,71.458,324.992,0.8679020888729352
101.4,127.957683,37.945953,4931.8730928,-145.792,71.296,324.398,0.8679020888729352
101.4166,127.957684,37.945959,4935.4523592000005,-146.287,71.132,323.82,0.8679020888729352
101.4333,127.957685,37.945964,4939.028882400001,-146.763,70.966,323.259,0.8679020888729352
101.45,127.957685,37.94597,4942.602357600001,-147.22,70.798,322.713,0.8679020888729352
101.4666,127.957686,37.945976,4946.1727848,-147.657,70.629,322.184,0.8679020888729352
101.4833,127.957686,37.945982,4949.740164000001,-148.075,70.458,321.67,0.8679020888729352
101.5,127.957687,37.945987,4953.3041904,-148.476,70.285,321.17,0.8679020888729352
101.5166,127.957687,37.945993,4956.865473600001,-148.858,70.111,320.686,0.8679020888729352
101.5333,127.957687,37.945999,4960.4230992,-149.224,69.936,320.215,0.8679020888729352
101.55,127.957687,37.946005,4963.977372,-149.575,69.759,319.758,0.8679020888729352
101.5666,127.957687,37.946011,4967.528292000001,-149.91,69.581,319.315,0.8679020888729352
101.5833,127.957686,37.946017,4971.0758592,-150.231,69.401,318.884,0.8679020888729352
101.6,127.957686,37.946023,4974.6200736,-150.537,69.221,318.466,0.8679020888729352
101.6166,127.957685,37.946029,4978.160630400001,-150.831,69.039,318.059,0.8679020888729352
101.6333,127.957684,37.946035,4981.6975296,-151.113,68.856,317.664,0.8679020888729352
101.65,127.957683,37.946042,4985.231076000001,-151.384,68.672,317.279,0.8679020888729352
101.6666,127.957682,37.946048,4988.760660000001,-151.644,68.487,316.905,0.8679020888729352
101.6833,127.957681,37.946054,4992.2865864000005,-151.894,68.302,316.541,0.8679020888729352
101.7,127.95768,37.94606,4995.8085504,-152.135,68.115,316.187,0.8679020888729352
101.7166,127.957678,37.946067,4999.326856800001,-152.368,67.928,315.841,0.8679020888729352
101.7333,127.957676,37.946073,5002.8412008000005,-152.593,67.74,315.504,0.8679020888729352
101.75,127.957675,37.94608,5006.351582400001,-152.811,67.551,315.175,0.8679020888729352
101.7666,127.957673,37.946086,5009.8580016000005,-153.023,67.361,314.854,0.8679020888729352
101.7833,127.957671,37.946092,5013.3604584,-153.228,67.171,314.54,0.8679020888729352
101.8,127.957668,37.946099,5016.8589528,-153.428,66.981,314.233,0.8679020888729352
101.8166,127.957666,37.946106,5020.35318,-153.623,66.79,313.933,0.8679020888729352
101.8333,127.957664,37.946112,5023.84314,-153.813,66.598,313.639,0.8679020888729352
101.85,127.957661,37.946119,5027.328832800001,-153.999,66.406,313.351,0.8679020888729352
101.8666,127.957658,37.946125,5030.8105632,-154.181,66.213,313.069,0.8679020888729352
101.8833,127.957655,37.946132,5034.2877216,-154.36,66.021,312.792,0.8679020888729352
101.9,127.957652,37.946139,5037.7606128,-154.536,65.827,312.52,0.8679020888729352
101.9166,127.957649,37.946146,5041.229236800001,-154.71,65.634,312.252,0.8679020888729352
101.9333,127.957645,37.946153,5044.6932888,-154.881,65.44,311.989,0.8679020888729352
101.95,127.957642,37.946159,5048.1530736,-155.05,65.246,311.73,0.8679020888729352
101.9666,127.957638,37.946166,5051.6079816,-155.218,65.052,311.475,0.8679020888729352
101.9833,127.957634,37.946173,5055.0586224,-155.383,64.857,311.223,0.8679020888729352
102.0,127.95763,37.94618,5058.504691200001,-155.547,64.663,310.975,0.8679020888729352
102.0166,127.957626,37.946187,5061.946188000001,-155.708,64.468,310.731,0.8679020888729352
102.0333,127.957622,37.946194,5065.382808,-155.867,64.273,310.49,0.8679020888729352
102.05,127.957618,37.946201,5068.814856000001,-156.023,64.077,310.254,0.8679020888729352
102.0666,127.957613,37.946208,5072.2420272,-156.177,63.882,310.021,0.8679020888729352
102.0833,127.957609,37.946215,5075.6643216,-156.329,63.686,309.791,0.8679020888729352
102.1,127.957604,37.946223,5079.082044,-156.478,63.49,309.565,0.8679020888729352
102.1166,127.957599,37.94623,5082.4948896,-156.626,63.294,309.342,0.8679020888729352
102.1333,127.957594,37.946237,5085.9025536,-156.77,63.097,309.122,0.8679020888729352
102.15,127.957589,37.946244,5089.3056456,-156.912,62.9,308.905,0.8679020888729352
102.1666,127.957583,37.946252,5092.703556,-157.051,62.704,308.692,0.8679020888729352
102.1833,127.957578,37.946259,5096.0962848,-157.188,62.506,308.482,0.8679020888729352
102.2,127.957572,37.946266,5099.484136800001,-157.322,62.309,308.275,0.8679020888729352
102.2166,127.957566,37.946274,5102.8668072,-157.454,62.111,308.07,0.8679020888729352
102.2333,127.957561,37.946281,5106.244296000001,-157.583,61.914,307.869,0.8679020888729352
102.25,127.957555,37.946289,5109.6166032,-157.71,61.716,307.67,0.8679020888729352
102.2666,127.957548,37.946296,5112.983728800001,-157.835,61.518,307.474,0.8679020888729352
102.2833,127.957542,37.946303,5116.3456728,-157.957,61.319,307.281,0.8679020888729352
102.3,127.957536,37.946311,5119.7021304,-158.077,61.121,307.09,0.8679020888729352
102.3166,127.957529,37.946319,5123.0534064,-158.195,60.922,306.902,0.8679020888729352
102.3333,127.957522,37.946326,5126.3988912,-158.311,60.723,306.717,0.8679020888729352
102.35,127.957515,37.946334,5129.7391944,-158.426,60.524,306.535,0.8679020888729352
102.3666,127.957508,37.946341,5133.074011200001,-158.54,60.325,306.356,0.8679020888729352
102.3833,127.957501,37.946349,5136.4030368,-158.652,60.125,306.179,0.8679020888729352
102.4,127.957494,37.946357,5139.726576,-158.763,59.925,306.005,0.8679020888729352
102.4166,127.957487,37.946365,5143.0446288,-158.874,59.725,305.833,0.8679020888729352
102.4333,127.957479,37.946372,5146.3568904,-158.983,59.525,305.663,0.8679020888729352
102.45,127.957471,37.94638,5149.663360800001,-159.09,59.325,305.496,0.8679020888729352
102.4666,127.957464,37.946388,5152.9643448,-159.197,59.124,305.33,0.8679020888729352
102.4833,127.957456,37.946396,5156.2592328,-159.302,58.923,305.167,0.8679020888729352
102.5,127.957447,37.946404,5159.5486344,-159.406,58.723,305.006,0.8679020888729352
102.5166,127.957439,37.946412,5162.8322448,-159.508,58.522,304.847,0.8679020888729352
102.5333,127.957431,37.946419,5166.109759200001,-159.609,58.32,304.689,0.8679020888729352
102.55,127.957422,37.946427,5169.3814824,-159.709,58.119,304.534,0.8679020888729352
102.5666,127.957414,37.946435,5172.6471096000005,-159.807,57.917,304.381,0.8679020888729352
102.5833,127.957405,37.946443,5175.906945600001,-159.903,57.716,304.229,0.8679020888729352
102.6,127.957396,37.946451,5179.1606856,-159.998,57.514,304.079,0.8679020888729352
102.6166,127.957387,37.946459,5182.4086344,-160.091,57.312,303.931,0.8679020888729352
102.6333,127.957378,37.946468,5185.650182400001,-160.182,57.109,303.784,0.8679020888729352
102.6499,127.957369,37.946476,5188.8859391999995,-160.272,56.907,303.639,0.8679020888729352
102.6666,127.957359,37.946484,5192.1152952,-160.36,56.705,303.496,0.8679020888729352
102.6833,127.95735,37.946492,5195.3385552,-160.446,56.502,303.355,0.8679020888729352
102.7,127.95734,37.9465,5198.555719200001,-160.53,56.299,303.215,0.8679020888729352
102.7166,127.95733,37.946508,5201.7664824,-160.613,56.096,303.077,0.8679020888729352
102.7333,127.95732,37.946517,5204.9708448,-160.695,55.893,302.94,0.8679020888729352
102.75,127.95731,37.946525,5208.169111200001,-160.774,55.69,302.805,0.8679020888729352
102.7666,127.9573,37.946533,5211.360976800001,-160.852,55.487,302.671,0.8679020888729352
102.7833,127.95729,37.946541,5214.546136800001,-160.928,55.283,302.539,0.8679020888729352
102.8,127.957279,37.94655,5217.7252008000005,-161.003,55.08,302.408,0.8679020888729352
102.8166,127.957268,37.946558,5220.8978640000005,-161.076,54.876,302.278,0.8679020888729352
102.8333,127.957258,37.946566,5224.0638216,-161.148,54.673,302.15,0.8679020888729352
102.85,127.957247,37.946575,5227.223378400001,-161.219,54.469,302.024,0.8679020888729352
102.8666,127.957236,37.946583,5230.3762295999995,-161.288,54.265,301.898,0.8679020888729352
102.8833,127.957225,37.946592,5233.5223752,-161.356,54.061,301.774,0.8679020888729352
102.8999,127.957214,37.9466,5236.662120000001,-161.423,53.857,301.652,0.8679020888729352
102.9166,127.957202,37.946609,5239.7951592,-161.489,53.653,301.53,0.8679020888729352
102.9333,127.957191,37.946617,5242.921188,-161.55,53.448,301.412,0.8679020888729352
102.95,127.957179,37.946626,5246.040511200001,-161.608,53.242,301.298,0.8679020888729352
102.9666,127.957167,37.946634,5249.152824000001,-161.663,53.037,301.187,0.8679020888729352
102.9833,127.957155,37.946643,5252.2584312,-161.717,52.83,301.079,0.8679020888729352
103.0,127.957143,37.946651,5255.357028,-161.769,52.624,300.973,0.8679020888729352
103.0166,127.957131,37.94666,5258.4489192,-161.82,52.417,300.869,0.8679020888729352
103.0333,127.957119,37.946669,5261.5334952,-161.87,52.21,300.767,0.8679020888729352
103.05,127.957107,37.946677,5264.611365600001,-161.919,52.002,300.668,0.8679020888729352
103.0666,127.957094,37.946686,5267.6819208,-161.968,51.795,300.57,0.8679020888729352
103.0833,127.957081,37.946695,5270.745465600001,-162.016,51.587,300.473,0.8679020888729352
103.1,127.957069,37.946703,5273.802000000001,-162.064,51.378,300.378,0.8679020888729352
103.1166,127.957056,37.946712,5276.851524000001,-162.113,51.17,300.285,0.8679020888729352
103.1333,127.957043,37.946721,5279.8937328,-162.162,50.961,300.192,0.8679020888729352
103.1499,127.957029,37.946729,5282.9289312,-162.209,50.753,300.102,0.8679020888729352
103.1666,127.957016,37.946738,5285.9568144,-162.257,50.543,300.013,0.8679020888729352
103.1833,127.957003,37.946747,5288.9773824,-162.305,50.334,299.924,0.8679020888729352
103.2,127.956989,37.946756,5291.99094,-162.353,50.125,299.837,0.8679020888729352
103.2166,127.956976,37.946765,5294.9971824,-162.401,49.915,299.751,0.8679020888729352
103.2333,127.956962,37.946774,5297.995804800001,-162.45,49.705,299.666,0.8679020888729352
103.25,127.956948,37.946782,5300.9874168,-162.498,49.495,299.583,0.8679020888729352
103.2666,127.956934,37.946791,5303.9714088,-162.547,49.285,299.5,0.8679020888729352
103.2833,127.95692,37.9468,5306.9483904,-162.596,49.075,299.418,0.8679020888729352
103.3,127.956906,37.946809,5309.9174472,-162.645,48.865,299.337,0.8679020888729352
103.3166,127.956891,37.946818,5312.8794935999995,-162.695,48.655,299.256,0.8679020888729352
103.3333,127.956877,37.946827,5315.833920000001,-162.745,48.444,299.177,0.8679020888729352
103.35,127.956862,37.946836,5318.7810312,-162.796,48.234,299.097,0.8679020888729352
103.3666,127.956847,37.946845,5321.7202176,-162.847,48.023,299.019,0.8679020888729352
103.3833,127.956833,37.946854,5324.6520888,-162.899,47.812,298.941,0.8679020888729352
103.3999,127.956818,37.946863,5327.5766448,-162.951,47.602,298.864,0.8679020888729352
103.4166,127.956803,37.946872,5330.493276,-163.004,47.391,298.787,0.8679020888729352
103.4333,127.956787,37.946881,5333.402592,-163.056,47.18,298.711,0.8679020888729352
103.45,127.956772,37.94689,5336.3039832,-163.109,46.97,298.635,0.8679020888729352
103.4666,127.956757,37.9469,5339.1977544,-163.162,46.759,298.56,0.8679020888729352
103.4833,127.956741,37.946909,5342.0839056,-163.215,46.548,298.486,0.8679020888729352
103.5,127.956725,37.946918,5344.9624368,-163.268,46.337,298.411,0.8679020888729352
103.5166,127.95671,37.946927,5347.833043199999,-163.321,46.126,298.338,0.8679020888729352
103.5333,127.956694,37.946936,5350.6960296,-163.374,45.916,298.265,0.8679020888729352
103.55,127.956678,37.946945,5353.551396000001,-163.427,45.705,298.192,0.8679020888729352
103.5666,127.956662,37.946955,5356.398532800001,-163.48,45.494,298.12,0.8679020888729352
103.5833,127.956645,37.946964,5359.2380496000005,-163.532,45.283,298.049,0.8679020888729352
103.6,127.956629,37.946973,5362.069946400001,-163.584,45.072,297.978,0.8679020888729352
103.6166,127.956613,37.946982,5364.8936136,-163.636,44.861,297.907,0.8679020888729352
103.6333,127.956596,37.946991,5367.709356,-163.687,44.65,297.837,0.8679020888729352
103.6499,127.956579,37.947001,5370.517478400001,-163.738,44.44,297.767,0.8679020888729352
103.6666,127.956562,37.94701,5373.3173712,-163.789,44.229,297.698,0.8679020888729352
103.6833,127.956546,37.947019,5376.1093392,-163.839,44.018,297.63,0.8679020888729352
103.7,127.956529,37.947029,5378.8933824000005,-163.889,43.807,297.562,0.8679020888729352
103.7166,127.956511,37.947038,5381.669196000001,-163.938,43.596,297.494,0.8679020888729352
103.7333,127.956494,37.947047,5384.4370848,-163.987,43.385,297.427,0.8679020888729352
103.75,127.956477,37.947057,5387.196744,-164.035,43.174,297.36,0.8679020888729352
103.7666,127.956459,37.947066,5389.948478400001,-164.083,42.964,297.294,0.8679020888729352
103.7833,127.956442,37.947076,5392.6919832,-164.13,42.753,297.228,0.8679020888729352
103.8,127.956424,37.947085,5395.4272584,-164.177,42.542,297.163,0.8679020888729352
103.8166,127.956406,37.947094,5398.154304000001,-164.223,42.331,297.098,0.8679020888729352
103.8333,127.956388,37.947104,5400.873424800001,-164.268,42.12,297.034,0.8679020888729352
103.85,127.95637,37.947113,5403.5840112000005,-164.313,41.91,296.97,0.8679020888729352
103.8666,127.956352,37.947123,5406.286368,-164.357,41.699,296.906,0.8679020888729352
103.8833,127.956334,37.947132,5408.9808,-164.401,41.488,296.843,0.8679020888729352
103.8999,127.956316,37.947142,5411.666392800001,-164.444,41.277,296.78,0.8679020888729352
103.9166,127.956297,37.947151,5414.344060800001,-164.486,41.067,296.718,0.8679020888729352
103.9333,127.956279,37.947161,5417.0131944,-164.528,40.856,296.656,0.8679020888729352
103.95,127.95626,37.94717,5419.6737936,-164.569,40.645,296.595,0.8679020888729352
103.9666,127.956241,37.94718,5422.3261632,-164.61,40.434,296.534,0.8679020888729352
103.9833,127.956223,37.947189,5424.9703032,-164.65,40.224,296.473,0.8679020888729352
104.0,127.956204,37.947199,5427.605604,-164.689,40.013,296.413,0.8679020888729352
104.0166,127.956185,37.947209,5430.2326752,-164.728,39.802,296.353,0.8679020888729352
104.0333,127.956165,37.947218,5432.851212,-164.766,39.592,296.293,0.8679020888729352
104.05,127.956146,37.947228,5435.4609096,-164.804,39.381,296.234,0.8679020888729352
104.0666,127.956127,37.947237,5438.0623776,-164.841,39.171,296.175,0.8679020888729352
104.0833,127.956107,37.947247,5440.655311200001,-164.877,38.96,296.117,0.8679020888729352
104.1,127.956088,37.947257,5443.2394056,-164.913,38.749,296.059,0.8679020888729352
104.1166,127.956068,37.947266,5445.8149656000005,-164.949,38.539,296.001,0.8679020888729352
104.1333,127.956048,37.947276,5448.3819912,-164.984,38.328,295.943,0.8679020888729352
104.1499,127.956028,37.947286,5450.9401776,-165.018,38.118,295.886,0.8679020888729352
104.1666,127.956008,37.947295,5453.4898296,-165.052,37.907,295.829,0.8679020888729352
104.1833,127.955988,37.947305,5456.030947200001,-165.086,37.697,295.773,0.8679020888729352
104.2,127.955968,37.947315,5458.5629208,-165.119,37.486,295.717,0.8679020888729352
104.2166,127.955948,37.947325,5461.08636,-165.151,37.276,295.661,0.8679020888729352
104.2333,127.955928,37.947334,5463.600960000001,-165.183,37.065,295.605,0.8679020888729352
104.25,127.955907,37.947344,5466.1067207999995,-165.215,36.855,295.55,0.8679020888729352
104.2666,127.955886,37.947354,5468.603947200001,-165.246,36.644,295.495,0.8679020888729352
104.2833,127.955866,37.947364,5471.0920295999995,-165.276,36.434,295.44,0.8679020888729352
104.3,127.955845,37.947374,5473.5712728,-165.307,36.223,295.385,0.8679020888729352
104.3166,127.955824,37.947383,5476.0416768000005,-165.337,36.013,295.331,0.8679020888729352
104.3333,127.955803,37.947393,5478.5032416,-165.366,35.802,295.277,0.8679020888729352
104.35,127.955782,37.947403,5480.9556624,-165.395,35.592,295.224,0.8679020888729352
104.3666,127.955761,37.947413,5483.399244,-165.424,35.381,295.17,0.8679020888729352
104.3833,127.95574,37.947423,5485.8339864,-165.452,35.171,295.117,0.8679020888729352
104.3999,127.955718,37.947432,5488.2595848,-165.48,34.961,295.064,0.8679020888729352
104.4166,127.955697,37.947442,5490.6760392,-165.508,34.75,295.011,0.8679020888729352
104.4333,127.955675,37.947452,5493.0836544,-165.535,34.54,294.959,0.8679020888729352
104.45,127.955654,37.947462,5495.4821256,-165.562,34.329,294.907,0.8679020888729352
104.4666,127.955632,37.947472,5497.8717576,-165.588,34.119,294.855,0.8679020888729352
104.4833,127.95561,37.947482,5500.2519408,-165.614,33.909,294.803,0.8679020888729352
104.5,127.955588,37.947492,5502.6232848,-165.64,33.698,294.751,0.8679020888729352
104.5166,127.955566,37.947502,5504.98518,-165.666,33.488,294.7,0.8679020888729352
104.5333,127.955544,37.947512,5507.3382360000005,-165.691,33.278,294.649,0.8679020888729352
104.55,127.955522,37.947522,5509.6818432,-165.716,33.067,294.598,0.8679020888729352
104.5666,127.9555,37.947531,5512.016611200001,-165.741,32.857,294.547,0.8679020888729352
104.5833,127.955477,37.947541,5514.3419304,-165.765,32.647,294.497,0.8679020888729352
104.6,127.955455,37.947551,5516.657800800001,-165.789,32.436,294.447,0.8679020888729352
104.6166,127.955432,37.947561,5518.964832000001,-165.813,32.226,294.397,0.8679020888729352
104.6333,127.95541,37.947571,5521.2621096,-165.837,32.016,294.347,0.8679020888729352
104.6499,127.955387,37.947581,5523.550548,-165.86,31.805,294.297,0.8679020888729352
104.6666,127.955364,37.947591,5525.829232800001,-165.883,31.595,294.248,0.8679020888729352
104.6833,127.955341,37.947601,5528.0990784000005,-165.906,31.385,294.198,0.8679020888729352
104.7,127.955318,37.947611,5530.359170400001,-165.929,31.174,294.149,0.8679020888729352
104.7166,127.955295,37.947621,5532.6098136,-165.951,30.964,294.1,0.8679020888729352
104.7333,127.955272,37.947631,5534.8513128,-165.973,30.754,294.052,0.8679020888729352
104.75,127.955248,37.947641,5537.0833632,-165.995,30.543,294.003,0.8679020888729352
104.7666,127.955225,37.947651,5539.305964800001,-166.017,30.333,293.955,0.8679020888729352
104.7833,127.955202,37.947662,5541.5191176,-166.038,30.123,293.906,0.8679020888729352
104.8,127.955178,37.947672,5543.7225167999995,-166.059,29.912,293.858,0.8679020888729352
104.8166,127.955154,37.947682,5545.9167720000005,-166.08,29.702,293.811,0.8679020888729352
104.8333,127.955131,37.947692,5548.1012736,-166.101,29.491,293.763,0.8679020888729352
104.85,127.955107,37.947702,5550.2766312,-166.122,29.281,293.715,0.8679020888729352
104.8666,127.955083,37.947712,5552.4419304,-166.142,29.071,293.668,0.8679020888729352
104.8833,127.955059,37.947722,5554.5980856,-166.163,28.86,293.621,0.8679020888729352
104.9,127.955035,37.947732,5556.744487200001,-166.183,28.65,293.574,0.8679020888729352
104.9166,127.955011,37.947742,5558.8811352,-166.203,28.44,293.527,0.8679020888729352
104.9333,127.954986,37.947752,5561.0083343999995,-166.222,28.229,293.48,0.8679020888729352
104.95,127.954962,37.947762,5563.125779999999,-166.242,28.019,293.434,0.8679020888729352
104.9666,127.954938,37.947772,5565.233472,-166.262,27.808,293.388,0.8679020888729352
104.9833,127.954913,37.947783,5567.331715200001,-166.281,27.598,293.342,0.8679020888729352
105.0,127.954889,37.947793,5569.4199,-166.3,27.387,293.296,0.8679020888729352
105.0166,127.954864,37.947803,5571.498636,-166.32,27.177,293.25,0.8679020888729352
105.0333,127.954839,37.947813,5573.5676184,-166.339,26.967,293.204,0.8679020888729352
105.05,127.954814,37.947823,5575.6265424,-166.359,26.756,293.159,0.8679020888729352
105.0666,127.954789,37.947833,5577.6757128,-166.379,26.545,293.114,0.8679020888729352
105.0833,127.954764,37.947843,5579.7154344,-166.399,26.335,293.069,0.8679020888729352
105.1,127.954739,37.947854,5581.744792800001,-166.419,26.124,293.024,0.8679020888729352
105.1166,127.954714,37.947864,5583.7647024,-166.439,25.914,292.979,0.8679020888729352
105.1333,127.954689,37.947874,5585.7742488,-166.46,25.703,292.935,0.8679020888729352
105.15,127.954664,37.947884,5587.774041600001,-166.482,25.492,292.891,0.8679020888729352
105.1666,127.954638,37.947894,5589.763776,-166.505,25.282,292.847,0.8679020888729352
105.1833,127.954613,37.947905,5591.7437568000005,-166.528,25.071,292.804,0.8679020888729352
105.2,127.954587,37.947915,5593.713679200001,-166.553,24.86,292.76,0.8679020888729352
105.2166,127.954562,37.947925,5595.673238400001,-166.577,24.649,292.717,0.8679020888729352
105.2333,127.954536,37.947935,5597.623044,-166.603,24.438,292.674,0.8679020888729352
105.25,127.95451,37.947945,5599.5624864,-166.63,24.227,292.632,0.8679020888729352
105.2666,127.954484,37.947956,5601.491870400001,-166.658,24.016,292.589,0.8679020888729352
105.2833,127.954458,37.947966,5603.411196,-166.687,23.805,292.547,0.8679020888729352
105.3,127.954432,37.947976,5605.3204632,-166.717,23.594,292.505,0.8679020888729352
105.3166,127.954406,37.947986,5607.219672,-166.748,23.382,292.464,0.8679020888729352
105.3333,127.95438,37.947996,5609.1085176,-166.779,23.171,292.422,0.8679020888729352
105.35,127.954354,37.948007,5610.9873048,-166.811,22.959,292.381,0.8679020888729352
105.3666,127.954327,37.948017,5612.856033600001,-166.843,22.748,292.34,0.8679020888729352
105.3833,127.954301,37.948027,5614.714704,-166.875,22.536,292.299,0.8679020888729352
105.4,127.954274,37.948037,5616.563011200001,-166.907,22.325,292.258,0.8679020888729352
105.4166,127.954248,37.948048,5618.400955200001,-166.939,22.113,292.218,0.8679020888729352
105.4333,127.954221,37.948058,5620.2294504,-166.971,21.901,292.177,0.8679020888729352
105.45,127.954195,37.948068,5622.047277600001,-167.002,21.689,292.137,0.8679020888729352
105.4666,127.954168,37.948078,5623.855046400001,-167.031,21.477,292.096,0.8679020888729352
105.4833,127.954141,37.948089,5625.652756800001,-167.06,21.265,292.056,0.8679020888729352
105.5,127.954114,37.948099,5627.4404088,-167.087,21.053,292.016,0.8679020888729352
105.5166,127.954087,37.948109,5629.217392800001,-167.114,20.841,291.975,0.8679020888729352
105.5333,127.95406,37.948119,5630.9846232,-167.139,20.628,291.935,0.8679020888729352
105.55,127.954033,37.94813,5632.7417952000005,-167.163,20.416,291.895,0.8679020888729352
105.5666,127.954006,37.94814,5634.488604,-167.185,20.204,291.855,0.8679020888729352
105.5833,127.953978,37.94815,5636.225049600001,-167.206,19.991,291.815,0.8679020888729352
105.6,127.953951,37.94816,5637.9514368,-167.225,19.779,291.775,0.8679020888729352
105.6166,127.953924,37.948171,5639.6674608,-167.243,19.566,291.735,0.8679020888729352
105.6333,127.953896,37.948181,5641.3731216,-167.26,19.354,291.696,0.8679020888729352
105.65,127.953868,37.948191,5643.068724000001,-167.276,19.141,291.656,0.8679020888729352
105.6666,127.953841,37.948201,5644.7536584,-167.29,18.929,291.616,0.8679020888729352
105.6833,127.953813,37.948212,5646.4285344,-167.303,18.716,291.576,0.8679020888729352
105.7,127.953785,37.948222,5648.093047200001,-167.315,18.504,291.537,0.8679020888729352
105.7166,127.953757,37.948232,5649.747196800001,-167.326,18.291,291.497,0.8679020888729352
105.7333,127.95373,37.948243,5651.390678400001,-167.336,18.079,291.458,0.8679020888729352
105.75,127.953702,37.948253,5653.024101600001,-167.345,17.866,291.418,0.8679020888729352
105.7666,127.953674,37.948263,5654.646856800001,-167.353,17.654,291.378,0.8679020888729352
105.7833,127.953645,37.948273,5656.2592488,-167.361,17.441,291.339,0.8679020888729352
105.8,127.953617,37.948284,5657.8612776,-167.368,17.228,291.3,0.8679020888729352
105.8166,127.953589,37.948294,5659.452638400001,-167.374,17.016,291.26,0.8679020888729352
105.8333,127.953561,37.948304,5661.033636,-167.38,16.803,291.22,0.8679020888729352
105.85,127.953532,37.948315,5662.603965600001,-167.386,16.591,291.18,0.8679020888729352
105.8666,127.953504,37.948325,5664.163932,-167.392,16.379,291.139,0.8679020888729352
105.8833,127.953475,37.948335,5665.7132304,-167.399,16.166,291.098,0.8679020888729352
105.9,127.953447,37.948345,5667.251860800001,-167.404,15.954,291.057,0.8679020888729352
105.9166,127.953418,37.948356,5668.780128,-167.41,15.742,291.016,0.8679020888729352
105.9333,127.95339,37.948366,5670.298032000001,-167.416,15.53,290.974,0.8679020888729352
105.95,127.953361,37.948376,5671.8049632,-167.422,15.318,290.931,0.8679020888729352
105.9666,127.953332,37.948387,5673.3015312,-167.427,15.106,290.888,0.8679020888729352
105.9833,127.953303,37.948397,5674.7874312,-167.433,14.895,290.845,0.8679020888729352
106.0,127.953274,37.948407,5676.2626632,-167.438,14.683,290.801,0.8679020888729352
106.0166,127.953245,37.948417,5677.7272272,-167.443,14.471,290.757,0.8679020888729352
106.0333,127.953216,37.948428,5679.181428000001,-167.447,14.26,290.712,0.8679020888729352
106.05,127.953187,37.948438,5680.624656000001,-167.452,14.048,290.666,0.8679020888729352
106.0666,127.953158,37.948448,5682.0575208,-167.456,13.837,290.62,0.8679020888729352
106.0833,127.953128,37.948458,5683.4797176,-167.46,13.626,290.573,0.8679020888729352
106.1,127.953099,37.948469,5684.890941600001,-167.463,13.415,290.526,0.8679020888729352
106.1166,127.95307,37.948479,5686.2918024,-167.464,13.204,290.478,0.8679020888729352
106.1333,127.95304,37.948489,5687.6819952000005,-167.465,12.993,290.43,0.8679020888729352
106.15,127.953011,37.9485,5689.0612152,-167.465,12.783,290.381,0.8679020888729352
106.1666,127.952981,37.94851,5690.430072,-167.465,12.572,290.331,0.8679020888729352
106.1833,127.952952,37.94852,5691.788260800001,-167.462,12.362,290.28,0.8679020888729352
106.2,127.952922,37.94853,5693.1354768,-167.458,12.151,290.229,0.8679020888729352
106.2166,127.952892,37.948541,5694.4723296,-167.452,11.941,290.178,0.8679020888729352
106.2333,127.952863,37.948551,5695.7985144,-167.443,11.731,290.126,0.8679020888729352
106.25,127.952833,37.948561,5697.1140312,-167.43,11.521,290.074,0.8679020888729352
106.2666,127.952803,37.948571,5698.4191848,-167.414,11.311,290.021,0.8679020888729352
106.2833,127.952773,37.948582,5699.7133656000005,-167.394,11.101,289.968,0.8679020888729352
106.3,127.952743,37.948592,5700.9968784,-167.371,10.891,289.915,0.8679020888729352
106.3166,127.952713,37.948602,5702.2697232,-167.345,10.682,289.862,0.8679020888729352
106.3333,127.952683,37.948612,5703.5328144000005,-167.312,10.472,289.809,0.8679020888729352
106.35,127.952653,37.948623,5704.7849328,-167.273,10.262,289.755,0.8679020888729352
106.3666,127.952622,37.948633,5706.026688000001,-167.228,10.053,289.7,0.8679020888729352
106.3833,127.952592,37.948643,5707.2577752,-167.178,9.843,289.646,0.8679020888729352
106.4,127.952562,37.948653,5708.4784992,-167.122,9.634,289.591,0.8679020888729352
106.4166,127.952531,37.948664,5709.6885552,-167.062,9.425,289.536,0.8679020888729352
106.4333,127.952501,37.948674,5710.8888576,-166.993,9.215,289.48,0.8679020888729352
106.45,127.95247,37.948684,5712.078492000001,-166.916,9.007,289.424,0.8679020888729352
106.4666,127.95244,37.948694,5713.2577632,-166.832,8.798,289.368,0.8679020888729352
106.4833,127.952409,37.948705,5714.4266712,-166.74,8.589,289.311,0.8679020888729352
106.5,127.952379,37.948715,5715.5852159999995,-166.643,8.381,289.253,0.8679020888729352
106.5166,127.952348,37.948725,5716.733092800001,-166.539,8.173,289.196,0.8679020888729352
106.5333,127.952317,37.948735,5717.871216,-166.427,7.965,289.137,0.8679020888729352
106.55,127.952287,37.948745,5718.9986712,-166.307,7.757,289.079,0.8679020888729352
106.5666,127.952256,37.948756,5720.116068,-166.18,7.55,289.019,0.8679020888729352
106.5833,127.952225,37.948766,5721.222796800001,-166.046,7.343,288.959,0.8679020888729352
106.6,127.952194,37.948776,5722.3191624,-165.906,7.137,288.899,0.8679020888729352
106.6166,127.952163,37.948786,5723.4051648,-165.76,6.931,288.838,0.8679020888729352
106.6333,127.952132,37.948796,5724.4804992,-165.609,6.725,288.776,0.8679020888729352
106.65,127.952101,37.948806,5725.545470400001,-165.453,6.519,288.714,0.8679020888729352
106.6666,127.95207,37.948817,5726.600078400001,-165.292,6.314,288.651,0.8679020888729352
106.6833,127.952039,37.948827,5727.6440184,-165.127,6.11,288.587,0.8679020888729352
106.7,127.952007,37.948837,5728.6772904,-164.959,5.905,288.523,0.8679020888729352
106.7166,127.951976,37.948847,5729.6998944,-164.787,5.702,288.458,0.8679020888729352
106.7333,127.951945,37.948857,5730.7121352,-164.613,5.498,288.392,0.8679020888729352
106.75,127.951913,37.948867,5731.7134032,-164.436,5.295,288.326,0.8679020888729352
106.7666,127.951882,37.948877,5732.7040031999995,-164.258,5.093,288.259,0.8679020888729352
106.7833,127.951851,37.948887,5733.6839352,-164.079,4.891,288.191,0.8679020888729352
106.8,127.951819,37.948897,5734.6531992,-163.898,4.689,288.123,0.8679020888729352
106.8166,127.951787,37.948907,5735.6117952,-163.716,4.488,288.054,0.8679020888729352
106.8333,127.951756,37.948917,5736.5597232,-163.533,4.287,287.984,0.8679020888729352
106.85,127.951724,37.948928,5737.496678400001,-163.351,4.087,287.913,0.8679020888729352
106.8666,127.951693,37.948938,5738.422965600001,-163.168,3.887,287.841,0.8679020888729352
106.8833,127.951661,37.948948,5739.3385848,-162.985,3.687,287.769,0.8679020888729352
106.9,127.951629,37.948958,5740.2432312,-162.803,3.488,287.695,0.8679020888729352
106.9166,127.951597,37.948968,5741.1375144,-162.621,3.289,287.621,0.8679020888729352
106.9333,127.951565,37.948978,5742.020520000001,-162.44,3.091,287.546,0.8679020888729352
106.95,127.951534,37.948988,5742.8925528,-162.261,2.893,287.471,0.8679020888729352
106.9666,127.951502,37.948997,5743.7539176,-162.083,2.695,287.394,0.8679020888729352
106.9833,127.95147,37.949007,5744.6046144,-161.906,2.498,287.317,0.8679020888729352
107.0,127.951438,37.949017,5745.444338400001,-161.732,2.301,287.239,0.8679020888729352
107.0166,127.951406,37.949027,5746.2733944,-161.558,2.104,287.16,0.8679020888729352
107.0333,127.951373,37.949037,5747.0905632,-161.389,1.908,287.08,0.8679020888729352
107.05,127.951341,37.949047,5747.897064000001,-161.225,1.712,287.0,0.8679020888729352
107.0666,127.951309,37.949057,5748.692592,-161.064,1.516,286.919,0.8679020888729352
107.0833,127.951277,37.949067,5749.4768424,-160.907,1.321,286.838,0.8679020888729352
107.1,127.951245,37.949077,5750.250120000001,-160.754,1.126,286.756,0.8679020888729352
107.1166,127.951212,37.949086,5751.012424800001,-160.604,0.931,286.673,0.8679020888729352
107.1333,127.95118,37.949096,5751.7631472,-160.459,0.736,286.59,0.8679020888729352
107.15,127.951147,37.949106,5752.502592000001,-160.321,0.542,286.506,0.8679020888729352
107.1666,127.951115,37.949116,5753.2310640000005,-160.188,0.348,286.422,0.8679020888729352
107.1833,127.951083,37.949125,5753.9482584,-160.059,0.153,286.337,0.8679020888729352
107.2,127.95105,37.949135,5754.654175199999,-159.935,-0.039,286.252,0.8679020888729352
107.2166,127.951017,37.949145,5755.3491192,-159.815,-0.233,286.166,0.8679020888729352
107.2333,127.950985,37.949154,5756.032176,-159.702,-0.427,286.079,0.8679020888729352
107.25,127.950952,37.949164,5756.70426,-159.595,-0.621,285.993,0.8679020888729352
107.2666,127.95092,37.949174,5757.3647616,-159.493,-0.814,285.906,0.8679020888729352
107.2833,127.950887,37.949183,5758.0142904,-159.396,-1.008,285.819,0.8679020888729352
107.3,127.950854,37.949193,5758.6522368000005,-159.304,-1.201,285.731,0.8679020888729352
107.3166,127.950821,37.949203,5759.279210400001,-159.216,-1.395,285.643,0.8679020888729352
107.3333,127.950788,37.949212,5759.894296800001,-159.134,-1.588,285.555,0.8679020888729352
107.35,127.950756,37.949222,5760.4984104000005,-159.056,-1.782,285.467,0.8679020888729352
107.3666,127.950723,37.949231,5761.0909416,-158.984,-1.976,285.378,0.8679020888729352
107.3833,127.95069,37.949241,5761.6721952,-158.915,-2.169,285.289,0.8679020888729352
107.4,127.950657,37.94925,5762.2421712,-158.849,-2.363,285.2,0.8679020888729352
107.4166,127.950624,37.949259,5762.800869600001,-158.787,-2.557,285.111,0.8679020888729352
107.4333,127.950591,37.949269,5763.3479856,-158.729,-2.751,285.022,0.8679020888729352
107.45,127.950558,37.949278,5763.8838240000005,-158.674,-2.945,284.932,0.8679020888729352
107.4666,127.950525,37.949288,5764.40808,-158.623,-3.139,284.843,0.8679020888729352
107.4833,127.950491,37.949297,5764.9213632,-158.574,-3.333,284.753,0.8679020888729352
107.5,127.950458,37.949306,5765.4230640000005,-158.527,-3.528,284.664,0.8679020888729352
107.5166,127.950425,37.949316,5765.9134872,-158.483,-3.723,284.574,0.8679020888729352
107.5333,127.950392,37.949325,5766.392632800001,-158.44,-3.917,284.485,0.8679020888729352
107.55,127.950359,37.949334,5766.8601960000005,-158.4,-4.112,284.395,0.8679020888729352
107.5666,127.950325,37.949343,5767.3164816,-158.361,-4.307,284.305,0.8679020888729352
107.5833,127.950292,37.949353,5767.7614896,-158.324,-4.503,284.216,0.8679020888729352
107.6,127.950259,37.949362,5768.1952200000005,-158.287,-4.698,284.126,0.8679020888729352
107.6166,127.950225,37.949371,5768.617368,-158.251,-4.894,284.037,0.8679020888729352
107.6333,127.950192,37.94938,5769.028238400001,-158.216,-5.089,283.948,0.8679020888729352
107.65,127.950158,37.949389,5769.4275264,-158.182,-5.285,283.858,0.8679020888729352
107.6666,127.950125,37.949398,5769.815841600001,-158.147,-5.482,283.769,0.8679020888729352
107.6833,127.950091,37.949407,5770.192574400001,-158.113,-5.678,283.68,0.8679020888729352
107.7,127.950058,37.949416,5770.5580296,-158.079,-5.874,283.591,0.8679020888729352
107.7166,127.950024,37.949425,5770.9119024,-158.044,-6.071,283.502,0.8679020888729352
107.7333,127.949991,37.949434,5771.254497600001,-158.009,-6.268,283.414,0.8679020888729352
107.75,127.949957,37.949443,5771.585815200001,-157.973,-6.465,283.325,0.8679020888729352
107.7666,127.949923,37.949452,5771.905550400001,-157.937,-6.662,283.237,0.8679020888729352
107.7833,127.94989,37.949461,5772.214008,-157.9,-6.86,283.148,0.8679020888729352
107.8,127.949856,37.94947,5772.511188,-157.862,-7.057,283.06,0.8679020888729352
107.8166,127.949822,37.949479,5772.7967856000005,-157.823,-7.255,282.972,0.8679020888729352
107.8333,127.949788,37.949487,5773.071105600001,-157.783,-7.453,282.884,0.8679020888729352
107.85,127.949755,37.949496,5773.333538400001,-157.743,-7.651,282.797,0.8679020888729352
107.8666,127.949721,37.949505,5773.5849984,-157.702,-7.849,282.709,0.8679020888729352
107.8833,127.949687,37.949514,5773.8245712,-157.661,-8.047,282.622,0.8679020888729352
107.9,127.949653,37.949522,5774.052866399999,-157.619,-8.246,282.534,0.8679020888729352
107.9166,127.949619,37.949531,5774.269884000001,-157.575,-8.444,282.447,0.8679020888729352
107.9333,127.949585,37.949539,5774.4747096,-157.532,-8.643,282.361,0.8679020888729352
107.95,127.949551,37.949548,5774.6682576,-157.488,-8.843,282.276,0.8679020888729352
107.9666,127.949517,37.949557,5774.8499184,-157.445,-9.043,282.191,0.8679020888729352
107.9833,127.949483,37.949565,5775.019996800001,-157.401,-9.243,282.107,0.8679020888729352
108.0,127.949449,37.949574,5775.178492800001,-157.357,-9.444,282.023,0.8679020888729352
108.0166,127.949415,37.949582,5775.325406400001,-157.314,-9.644,281.94,0.8679020888729352
108.0333,127.949381,37.949591,5775.459823200001,-157.272,-9.846,281.859,0.8679020888729352
108.05,127.949347,37.949599,5775.5826576,-157.231,-10.049,281.779,0.8679020888729352
108.0666,127.949313,37.949607,5775.693604800001,-157.193,-10.252,281.701,0.8679020888729352
108.0833,127.949279,37.949616,5775.7926648,-157.156,-10.456,281.624,0.8679020888729352
108.1,127.949245,37.949624,5775.8798376,-157.122,-10.66,281.548,0.8679020888729352
108.1166,127.949211,37.949632,5775.9551232,-157.09,-10.865,281.473,0.8679020888729352
108.1333,127.949177,37.949641,5776.0197408,-157.029,-11.062,281.396,0.8679020888729352
108.15,127.949143,37.949649,5776.0739952,-156.939,-11.247,281.321,0.8679020888729352
108.1666,127.949108,37.949657,5776.118800800001,-156.822,-11.414,281.249,0.8679020888729352
108.1833,127.949074,37.949665,5776.1541576,-156.679,-11.558,281.183,0.8679020888729352
108.2,127.94904,37.949673,5776.18098,-156.513,-11.675,281.128,0.8679020888729352
108.2166,127.949006,37.949682,5776.200182400001,-156.324,-11.761,281.083,0.8679020888729352
108.2333,127.948972,37.94969,5776.2090216,-156.177,-11.826,281.054,0.8679020888729352
108.25,127.948937,37.949698,5776.208412,-156.071,-11.874,281.038,0.8679020888729352
108.2666,127.948903,37.949706,5776.197744,-156.005,-11.911,281.033,0.8679020888729352
108.2833,127.948869,37.949714,5776.1761032,-155.981,-11.942,281.034,0.8679020888729352
108.3,127.948834,37.949722,5776.1437944,-155.996,-11.972,281.039,0.8679020888729352
108.3166,127.9488,37.94973,5776.0999032,-156.051,-12.007,281.045,0.8679020888729352
108.3333,127.948766,37.949738,5776.046868,-156.073,-12.038,281.047,0.8679020888729352
108.35,127.948731,37.949746,5775.984384000001,-156.062,-12.059,281.047,0.8679020888729352
108.3666,127.948697,37.949754,5775.9130608000005,-156.017,-12.065,281.049,0.8679020888729352
108.3833,127.948663,37.949761,5775.8338128000005,-155.941,-12.054,281.055,0.8679020888729352
108.4,127.948628,37.949769,5775.7469448,-155.835,-12.028,281.064,0.8679020888729352
108.4166,127.948594,37.949777,5775.6530664,-155.699,-11.989,281.075,0.8679020888729352
108.4333,127.948559,37.949785,5775.5524824,-155.522,-11.939,281.089,0.8679020888729352
108.45,127.948525,37.949793,5775.4461071999995,-155.303,-11.88,281.104,0.8679020888729352
108.4666,127.94849,37.949801,5775.3342456,-155.047,-11.812,281.121,0.8679020888729352
108.4833,127.948456,37.949809,5775.216897600001,-154.754,-11.739,281.139,0.8679020888729352
108.5,127.948421,37.949816,5775.0934536,-154.427,-11.659,281.158,0.8679020888729352
108.5166,127.948387,37.949824,5774.9642184,-154.067,-11.575,281.178,0.8679020888729352
108.5333,127.948352,37.949832,5774.8310208,-153.669,-11.488,281.2,0.8679020888729352
108.55,127.948318,37.94984,5774.6929464,-153.233,-11.396,281.222,0.8679020888729352
108.5666,127.948283,37.949848,5774.5499952,-152.758,-11.302,281.244,0.8679020888729352
108.5833,127.948248,37.949855,5774.4021672,-152.248,-11.206,281.267,0.8679020888729352
108.6,127.948214,37.949863,5774.2497672,-151.702,-11.108,281.291,0.8679020888729352
108.6166,127.948179,37.949871,5774.0924904,-151.126,-11.008,281.315,0.8679020888729352
108.6333,127.948144,37.949879,5773.9315560000005,-150.514,-10.908,281.34,0.8679020888729352
108.65,127.948109,37.949887,5773.7657448,-149.869,-10.807,281.365,0.8679020888729352
108.6666,127.948075,37.949894,5773.596276,-149.191,-10.706,281.39,0.8679020888729352
108.6833,127.94804,37.949902,5773.4222352,-148.481,-10.605,281.415,0.8679020888729352
108.7,127.948005,37.94991,5773.244536800001,-147.739,-10.504,281.44,0.8679020888729352
108.7166,127.94797,37.949918,5773.062876,-146.968,-10.403,281.465,0.8679020888729352
108.7333,127.947935,37.949926,5772.8772528,-146.166,-10.302,281.49,0.8679020888729352
108.75,127.9479,37.949933,5772.687972,-145.336,-10.202,281.516,0.8679020888729352
108.7666,127.947866,37.949941,5772.495033600001,-144.479,-10.103,281.541,0.8679020888729352
108.7833,127.947831,37.949949,5772.2981328000005,-143.595,-10.005,281.566,0.8679020888729352
108.8,127.947796,37.949957,5772.097269600001,-142.688,-9.907,281.592,0.8679020888729352
108.8166,127.947761,37.949964,5771.8927488,-141.759,-9.81,281.618,0.8679020888729352
108.8333,127.947726,37.949972,5771.6848752,-140.807,-9.714,281.643,0.8679020888729352
108.85,127.947691,37.94998,5771.473344,-139.833,-9.619,281.669,0.8679020888729352
108.8666,127.947656,37.949988,5771.2581552,-138.839,-9.525,281.695,0.8679020888729352
108.8833,127.94762,37.949995,5771.0393088,-137.827,-9.432,281.721,0.8679020888729352
108.9,127.947585,37.950003,5770.817109600001,-136.797,-9.34,281.747,0.8679020888729352
108.9166,127.94755,37.950011,5770.590948,-135.752,-9.249,281.774,0.8679020888729352
108.9333,127.947515,37.950019,5770.3626527999995,-134.686,-9.159,281.8,0.8679020888729352
108.95,127.94748,37.950027,5770.1310048000005,-133.597,-9.07,281.827,0.8679020888729352
108.9666,127.947445,37.950034,5769.8963088,-132.489,-8.982,281.853,0.8679020888729352
108.9833,127.947409,37.950042,5769.658869600001,-131.359,-8.894,281.879,0.8679020888729352
109.0,127.947374,37.95005,5769.4183824,-130.21,-8.807,281.906,0.8679020888729352
109.0166,127.947339,37.950058,5769.175152000001,-129.042,-8.722,281.933,0.8679020888729352
109.0333,127.947304,37.950066,5768.929178400001,-127.854,-8.637,281.96,0.8679020888729352
109.05,127.947268,37.950073,5768.680156800001,-126.648,-8.553,281.987,0.8679020888729352
109.0666,127.947233,37.950081,5768.428696800001,-125.424,-8.47,282.015,0.8679020888729352
109.0833,127.947198,37.950089,5768.1744936,-124.182,-8.387,282.043,0.8679020888729352
109.1,127.947162,37.950097,5767.917242400001,-122.922,-8.306,282.071,0.8679020888729352
109.1166,127.947127,37.950105,5767.6575528,-121.645,-8.226,282.1,0.8679020888729352
109.1333,127.947091,37.950113,5767.395424800001,-120.351,-8.146,282.129,0.8679020888729352
109.15,127.947056,37.950121,5767.1302488,-119.041,-8.068,282.159,0.8679020888729352
109.1666,127.94702,37.950129,5766.8626343999995,-117.715,-7.99,282.189,0.8679020888729352
109.1833,127.946985,37.950137,5766.5925816,-116.373,-7.914,282.22,0.8679020888729352
109.2,127.946949,37.950144,5766.3197856,-115.016,-7.838,282.252,0.8679020888729352
109.2166,127.946914,37.950152,5766.044246400001,-113.644,-7.764,282.284,0.8679020888729352
109.2333,127.946878,37.95016,5765.765964,-112.257,-7.69,282.318,0.8679020888729352
109.25,127.946843,37.950168,5765.4852432,-110.856,-7.618,282.352,0.8679020888729352
109.2666,127.946807,37.950176,5765.201779200001,-109.441,-7.547,282.387,0.8679020888729352
109.2833,127.946771,37.950184,5764.9158768,-108.013,-7.476,282.423,0.8679020888729352
109.3,127.946736,37.950192,5764.6269264,-106.571,-7.408,282.46,0.8679020888729352
109.3166,127.9467,37.9502,5764.335537600001,-105.116,-7.34,282.497,0.8679020888729352
109.3333,127.946664,37.950208,5764.041405600001,-103.648,-7.273,282.536,0.8679020888729352
109.35,127.946628,37.950216,5763.7445304,-102.168,-7.208,282.576,0.8679020888729352
109.3666,127.946593,37.950225,5763.444912,-100.676,-7.144,282.617,0.8679020888729352
109.3833,127.946557,37.950233,5763.1422456,-99.172,-7.082,282.658,0.8679020888729352
109.4,127.946521,37.950241,5762.8371408,-97.656,-7.02,282.701,0.8679020888729352
109.4166,127.946485,37.950249,5762.528988000001,-96.128,-6.961,282.745,0.8679020888729352
109.4333,127.946449,37.950257,5762.2177872,-94.59,-6.902,282.79,0.8679020888729352
109.45,127.946413,37.950265,5761.9038432,-93.04,-6.845,282.835,0.8679020888729352
109.4666,127.946378,37.950273,5761.586851200001,-91.48,-6.79,282.882,0.8679020888729352
109.4833,127.946342,37.950282,5761.266811200001,-89.91,-6.736,282.93,0.8679020888729352
109.5,127.946306,37.95029,5760.9437232,-88.329,-6.684,282.979,0.8679020888729352
109.5166,127.94627,37.950298,5760.6175872,-86.738,-6.633,283.028,0.8679020888729352
109.5333,127.946234,37.950306,5760.2880984,-85.137,-6.584,283.079,0.8679020888729352
109.55,127.946198,37.950315,5759.9555616,-83.526,-6.536,283.13,0.8679020888729352
109.5666,127.946162,37.950323,5759.619672,-81.906,-6.49,283.183,0.8679020888729352
109.5833,127.946126,37.950331,5759.2807344,-80.277,-6.446,283.236,0.8679020888729352
109.6,127.94609,37.95034,5758.9381392,-78.638,-6.404,283.29,0.8679020888729352
109.6166,127.946054,37.950348,5758.5921912,-76.991,-6.363,283.346,0.8679020888729352
109.6333,127.946017,37.950357,5758.2425856,-75.334,-6.324,283.401,0.8679020888729352
109.65,127.945981,37.950365,5757.8896272,-73.67,-6.287,283.458,0.8679020888729352
109.6666,127.945945,37.950373,5757.533011200001,-71.996,-6.252,283.515,0.8679020888729352
109.6833,127.945909,37.950382,5757.172737600001,-70.315,-6.219,283.573,0.8679020888729352
109.7,127.945873,37.95039,5756.8088064,-68.625,-6.187,283.631,0.8679020888729352
109.7166,127.945837,37.950399,5756.4412176000005,-66.928,-6.158,283.69,0.8679020888729352
109.7333,127.945801,37.950407,5756.0696664,-65.222,-6.127,283.743,0.8679020888729352
109.75,127.945764,37.950416,5755.6944576,-63.507,-6.094,283.787,0.8679020888729352
109.7666,127.945728,37.950424,5755.3155912,-61.784,-6.057,283.822,0.8679020888729352
109.7833,127.945692,37.950433,5754.9324576,-60.053,-6.018,283.85,0.8679020888729352
109.8,127.945655,37.950442,5754.5456664,-58.314,-5.976,283.872,0.8679020888729352
109.8166,127.945619,37.95045,5754.1549128,-56.568,-5.933,283.889,0.8679020888729352
109.8333,127.945583,37.950459,5753.760196800001,-54.814,-5.883,283.897,0.8679020888729352
109.85,127.945547,37.950468,5753.361823200001,-53.053,-5.825,283.892,0.8679020888729352
109.8666,127.94551,37.950476,5752.959182400001,-51.285,-5.759,283.877,0.8679020888729352
109.8833,127.945474,37.950485,5752.552884000001,-49.511,-5.685,283.854,0.8679020888729352
109.9,127.945437,37.950494,5752.142928,-47.73,-5.606,283.825,0.8679020888729352
109.9166,127.945401,37.950502,5751.728704800001,-45.945,-5.52,283.791,0.8679020888729352
109.9333,127.945365,37.950511,5751.311128800001,-44.155,-5.424,283.749,0.8679020888729352
109.95,127.945328,37.95052,5750.8895904,-42.36,-5.315,283.697,0.8679020888729352
109.9666,127.945292,37.950528,5750.4646992,-40.561,-5.193,283.638,0.8679020888729352
109.9833,127.945255,37.950537,5750.0358456,-38.759,-5.06,283.573,0.8679020888729352
110.0,127.945219,37.950546,5749.6039439999995,-36.954,-4.919,283.506,0.8679020888729352
110.0166,127.945182,37.950555,5749.1683848,-35.148,-4.769,283.437,0.8679020888729352
110.0333,127.945145,37.950563,5748.730996800001,-33.36,-4.606,283.363,0.8679020888729352
110.05,127.945109,37.950572,5748.29178,-31.592,-4.427,283.283,0.8679020888729352
110.0666,127.945072,37.950581,5747.851344,-29.844,-4.233,283.199,0.8679020888729352
110.0833,127.945036,37.950589,5747.409079200001,-28.115,-4.028,283.114,0.8679020888729352
110.1,127.944999,37.950598,5746.9655952,-26.404,-3.813,283.03,0.8679020888729352
110.1166,127.944962,37.950607,5746.520587200001,-24.711,-3.589,282.95,0.8679020888729352
110.1333,127.944925,37.950616,5746.0764936,-23.073,-3.35,282.867,0.8679020888729352
110.15,127.944889,37.950624,5745.6327048,-21.488,-3.096,282.782,0.8679020888729352
110.1666,127.944852,37.950633,5745.1901352,-19.954,-2.828,282.699,0.8679020888729352
110.1833,127.944815,37.950642,5744.7496992,-18.468,-2.548,282.618,0.8679020888729352
110.2,127.944778,37.95065,5744.311396800001,-17.027,-2.259,282.541,0.8679020888729352
110.2166,127.944741,37.950659,5743.8743136,-15.628,-1.962,282.47,0.8679020888729352
110.2333,127.944705,37.950667,5743.441497600001,-14.302,-1.652,282.402,0.8679020888729352
110.25,127.944668,37.950676,5743.0123392,-13.044,-1.328,282.336,0.8679020888729352
110.2666,127.944631,37.950685,5742.5877528,-11.851,-0.993,282.275,0.8679020888729352
110.2833,127.944594,37.950693,5742.1677384,-10.719,-0.649,282.219,0.8679020888729352
110.3,127.944557,37.950702,5741.7516864,-9.643,-0.298,282.17,0.8679020888729352
110.3166,127.94452,37.95071,5741.3395968,-8.618,0.057,282.129,0.8679020888729352
110.3333,127.944483,37.950719,5740.933908,-7.664,0.418,282.093,0.8679020888729352
110.35,127.944446,37.950727,5740.5343152000005,-6.776,0.781,282.064,0.8679020888729352
110.3666,127.944409,37.950736,5740.1405136,-5.95,1.146,282.041,0.8679020888729352
110.3833,127.944372,37.950744,5739.7518936,-5.181,1.511,282.025,0.8679020888729352
110.4,127.944335,37.950753,5739.3690648,-4.464,1.875,282.017,0.8679020888729352
110.4166,127.944297,37.950761,5738.9914176,-3.796,2.237,282.016,0.8679020888729352
110.4333,127.94426,37.95077,5738.6210856,-3.185,2.597,282.02,0.8679020888729352
110.45,127.944223,37.950778,5738.2574592,-2.627,2.954,282.031,0.8679020888729352
110.4666,127.944186,37.950787,5737.899624000001,-2.118,3.307,282.048,0.8679020888729352
110.4833,127.944149,37.950795,5737.5478848,-1.654,3.656,282.07,0.8679020888729352
110.5,127.944112,37.950803,5737.202241600001,-1.231,4.0,282.097,0.8679020888729352
110.5166,127.944074,37.950812,5736.8626944,-0.846,4.339,282.13,0.8679020888729352
110.5333,127.944037,37.95082,5736.528024,-0.474,4.673,282.169,0.8679020888729352
110.55,127.944,37.950829,5736.1982304,-0.112,5.002,282.215,0.8679020888729352
110.5666,127.943963,37.950837,5735.8733136,0.24,5.325,282.266,0.8679020888729352
110.5833,127.943925,37.950846,5735.5520544,0.587,5.644,282.322,0.8679020888729352
110.6,127.943888,37.950854,5735.2350624,0.926,5.957,282.382,0.8679020888729352
110.6166,127.943851,37.950862,5734.922337600001,1.261,6.266,282.447,0.8679020888729352
110.6333,127.943813,37.950871,5734.6157088,1.58,6.57,282.514,0.8679020888729352
110.65,127.943776,37.950879,5734.314566399999,1.886,6.869,282.583,0.8679020888729352
110.6666,127.943739,37.950888,5734.0183008,2.179,7.162,282.654,0.8679020888729352
110.6833,127.943701,37.950896,5733.7278264,2.459,7.451,282.728,0.8679020888729352
110.7,127.943664,37.950904,5733.442838400001,2.728,7.735,282.803,0.8679020888729352
110.7166,127.943627,37.950913,5733.1636416,2.986,8.014,282.88,0.8679020888729352
110.7333,127.943589,37.950921,5732.891455200001,3.228,8.288,282.958,0.8679020888729352
110.75,127.943552,37.95093,5732.6253648,3.454,8.557,283.037,0.8679020888729352
110.7666,127.943514,37.950938,5732.365370400001,3.665,8.822,283.117,0.8679020888729352
110.7833,127.943477,37.950946,5732.1117768,3.863,9.083,283.197,0.8679020888729352
110.8,127.943439,37.950955,5731.864584000001,4.048,9.339,283.279,0.8679020888729352
110.8166,127.943402,37.950963,5731.623792,4.221,9.59,283.361,0.8679020888729352
110.8333,127.943365,37.950972,5731.390620000001,4.378,9.838,283.444,0.8679020888729352
110.85,127.943327,37.95098,5731.1638488,4.521,10.082,283.526,0.8679020888729352
110.8666,127.94329,37.950988,5730.944088000001,4.65,10.322,283.609,0.8679020888729352
110.8833,127.943252,37.950997,5730.7313376,4.766,10.558,283.692,0.8679020888729352
110.9,127.943215,37.951005,5730.525292800001,4.871,10.791,283.776,0.8679020888729352
110.9166,127.943177,37.951014,5730.3262584,4.966,11.02,283.859,0.8679020888729352
110.9333,127.94314,37.951022,5730.134844,5.049,11.246,283.942,0.8679020888729352
110.95,127.943102,37.95103,5729.9501352,5.122,11.469,284.025,0.8679020888729352
110.9666,127.943065,37.951039,5729.773046400001,5.185,11.689,284.108,0.8679020888729352
110.9833,127.943027,37.951047,5729.602968,5.239,11.906,284.19,0.8679020888729352
111.0,127.94299,37.951056,5729.4399,5.286,12.12,284.272,0.8679020888729352
111.0166,127.942952,37.951064,5729.284147200001,5.326,12.331,284.354,0.8679020888729352
111.0333,127.942915,37.951073,5729.1360144,5.36,12.54,284.435,0.8679020888729352
111.05,127.942877,37.951081,5728.9951968000005,5.389,12.746,284.516,0.8679020888729352
111.0666,127.94284,37.95109,5728.8613896,5.412,12.95,284.596,0.8679020888729352
111.0833,127.942802,37.951098,5728.7352024,5.432,13.151,284.676,0.8679020888729352
111.1,127.942765,37.951107,5728.6166352,5.449,13.35,284.755,0.8679020888729352
111.1166,127.942727,37.951115,5728.5050784000005,5.464,13.547,284.833,0.8679020888729352
111.1333,127.94269,37.951123,5728.4014464,5.477,13.742,284.911,0.8679020888729352
111.15,127.942652,37.951132,5728.3048248000005,5.489,13.934,284.988,0.8679020888729352
111.1666,127.942615,37.95114,5728.216128,5.502,14.124,285.064,0.8679020888729352
111.1833,127.942577,37.951149,5728.134746400001,5.515,14.312,285.139,0.8679020888729352
111.2,127.94254,37.951157,5728.0612896,5.529,14.498,285.214,0.8679020888729352
111.2166,127.942502,37.951166,5727.995148,5.545,14.682,285.287,0.8679020888729352
111.2333,127.942465,37.951174,5727.9366264,5.563,14.864,285.36,0.8679020888729352
111.25,127.942427,37.951183,5727.8857248,5.583,15.044,285.432,0.8679020888729352
111.2666,127.94239,37.951191,5727.8424432,5.607,15.222,285.502,0.8679020888729352
111.2833,127.942352,37.9512,5727.8067816,5.635,15.398,285.573,0.8679020888729352
111.3,127.942315,37.951208,5727.7790448000005,5.665,15.573,285.642,0.8679020888729352
111.3166,127.942278,37.951217,5727.758928,5.7,15.745,285.71,0.8679020888729352
111.3333,127.94224,37.951225,5727.7464312,5.738,15.916,285.778,0.8679020888729352
111.35,127.942203,37.951234,5727.7418592,5.78,16.085,285.845,0.8679020888729352
111.3666,127.942165,37.951243,5727.745212,5.827,16.253,285.911,0.8679020888729352
111.3833,127.942128,37.951251,5727.7564896,5.878,16.419,285.977,0.8679020888729352
111.4,127.94209,37.95126,5727.7753872,5.933,16.584,286.041,0.8679020888729352
111.4166,127.942053,37.951268,5727.8022096,5.992,16.747,286.106,0.8679020888729352
111.4333,127.942016,37.951277,5727.836956800001,6.055,16.909,286.169,0.8679020888729352
111.45,127.941978,37.951285,5727.8796288,6.122,17.069,286.232,0.8679020888729352
111.4666,127.941941,37.951294,5727.9305304,6.192,17.229,286.295,0.8679020888729352
111.4833,127.941904,37.951302,5727.989356800001,6.267,17.387,286.357,0.8679020888729352
111.5,127.941866,37.951311,5728.056108,6.345,17.543,286.418,0.8679020888729352
111.5166,127.941829,37.95132,5728.130784000001,6.426,17.699,286.48,0.8679020888729352
111.5333,127.941792,37.951328,5728.2136896,6.51,17.853,286.54,0.8679020888729352
111.55,127.941754,37.951337,5728.3048248000005,6.597,18.007,286.601,0.8679020888729352
111.5666,127.941717,37.951345,5728.4041896,6.687,18.159,286.661,0.8679020888729352
111.5833,127.94168,37.951354,5728.5114792,6.779,18.311,286.721,0.8679020888729352
111.6,127.941643,37.951363,5728.6266936,6.874,18.462,286.781,0.8679020888729352
111.6166,127.941606,37.951371,5728.750442400001,6.971,18.611,286.84,0.8679020888729352
111.6333,127.941568,37.95138,5728.8824208,7.07,18.76,286.899,0.8679020888729352
111.65,127.941531,37.951388,5729.0223240000005,7.169,18.908,286.959,0.8679020888729352
111.6666,127.941494,37.951397,5729.170761599999,7.27,19.056,287.018,0.8679020888729352
111.6833,127.941457,37.951406,5729.3274288,7.372,19.203,287.077,0.8679020888729352
111.7,127.94142,37.951414,5729.4923256,7.475,19.349,287.135,0.8679020888729352
111.7166,127.941383,37.951423,5729.6651472,7.58,19.495,287.194,0.8679020888729352
111.7333,127.941346,37.951432,5729.846808,7.684,19.64,287.253,0.8679020888729352
111.75,127.941309,37.95144,5730.0366984,7.788,19.784,287.312,0.8679020888729352
111.7666,127.941272,37.951449,5730.2345136,7.892,19.928,287.371,0.8679020888729352
111.7833,127.941235,37.951458,5730.4408632,7.996,20.071,287.43,0.8679020888729352
111.8,127.941198,37.951466,5730.6557472,8.099,20.214,287.489,0.8679020888729352
111.8166,127.941161,37.951475,5730.878556000001,8.203,20.357,287.548,0.8679020888729352
111.8333,127.941124,37.951484,5731.1098992,8.306,20.499,287.607,0.8679020888729352
111.85,127.941087,37.951492,5731.3497768,8.408,20.641,287.666,0.8679020888729352
111.8666,127.94105,37.951501,5731.597579200001,8.509,20.783,287.725,0.8679020888729352
111.8833,127.941013,37.95151,5731.853916,8.609,20.924,287.785,0.8679020888729352
111.9,127.940976,37.951518,5732.1184824,8.708,21.065,287.844,0.8679020888729352
111.9166,127.940939,37.951527,5732.3912784,8.807,21.205,287.904,0.8679020888729352
111.9333,127.940902,37.951536,5732.6729136,8.904,21.345,287.964,0.8679020888729352
111.95,127.940866,37.951545,5732.9624736000005,8.999,21.485,288.024,0.8679020888729352
111.9666,127.940829,37.951553,5733.2602632,9.094,21.625,288.084,0.8679020888729352
111.9833,127.940792,37.951562,5733.566587200001,9.187,21.765,288.145,0.8679020888729352
112.0,127.940756,37.951571,5733.8811408,9.279,21.904,288.205,0.8679020888729352
112.0166,127.940719,37.95158,5734.203924,9.37,22.043,288.266,0.8679020888729352
112.0333,127.940682,37.951588,5734.534936800001,9.46,22.182,288.327,0.8679020888729352
112.05,127.940646,37.951597,5734.874484000001,9.548,22.321,288.387,0.8679020888729352
112.0666,127.940609,37.951606,5735.221956,9.635,22.46,288.449,0.8679020888729352
112.0833,127.940573,37.951615,5735.5779624,9.72,22.598,288.51,0.8679020888729352
112.1,127.940536,37.951624,5735.9421984,9.805,22.736,288.571,0.8679020888729352
112.1166,127.9405,37.951632,5736.314359200001,9.889,22.875,288.633,0.8679020888729352
112.1333,127.940463,37.951641,5736.6950544,9.972,23.013,288.695,0.8679020888729352
112.15,127.940427,37.95165,5737.083979200001,10.053,23.15,288.757,0.8679020888729352
112.1666,127.94039,37.951659,5737.4808288,10.133,23.288,288.819,0.8679020888729352
112.1833,127.940354,37.951668,5737.8862128,10.213,23.426,288.881,0.8679020888729352
112.2,127.940318,37.951677,5738.2995216,10.291,23.563,288.943,0.8679020888729352
112.2166,127.940281,37.951686,5738.721060000001,10.369,23.701,289.006,0.8679020888729352
112.2333,127.940245,37.951694,5739.150828000001,10.446,23.838,289.068,0.8679020888729352
112.25,127.940209,37.951703,5739.5888256,10.522,23.975,289.131,0.8679020888729352
112.2666,127.940172,37.951712,5740.034748,10.597,24.113,289.194,0.8679020888729352
112.2833,127.940136,37.951721,5740.4889,10.671,24.25,289.257,0.8679020888729352
112.3,127.9401,37.95173,5740.9509768,10.745,24.387,289.32,0.8679020888729352
112.3166,127.940064,37.951739,5741.4212832,10.819,24.523,289.384,0.8679020888729352
112.3333,127.940028,37.951748,5741.899819200001,10.892,24.66,289.447,0.8679020888729352
112.35,127.939992,37.951757,5742.38628,10.965,24.797,289.511,0.8679020888729352
112.3666,127.939956,37.951766,5742.8809704000005,11.037,24.934,289.574,0.8679020888729352
112.3833,127.93992,37.951775,5743.3835856000005,11.108,25.07,289.638,0.8679020888729352
112.4,127.939884,37.951784,5743.8941256,11.18,25.207,289.702,0.8679020888729352
112.4166,127.939848,37.951792,5744.4125904,11.251,25.343,289.766,0.8679020888729352
112.4333,127.939812,37.951801,5744.9392848,11.323,25.479,289.83,0.8679020888729352
112.45,127.939776,37.95181,5745.473904,11.394,25.616,289.894,0.8679020888729352
112.4666,127.939741,37.951819,5746.016447999999,11.464,25.752,289.959,0.8679020888729352
112.4833,127.939705,37.951828,5746.5669168,11.535,25.888,290.023,0.8679020888729352
112.5,127.939669,37.951837,5747.125310400001,11.606,26.024,290.088,0.8679020888729352
112.5166,127.939634,37.951846,5747.6916288,11.677,26.16,290.152,0.8679020888729352
112.5333,127.939598,37.951855,5748.2661768,11.749,26.296,290.217,0.8679020888729352
112.55,127.939562,37.951864,5748.8483448,11.82,26.432,290.282,0.8679020888729352
112.5666,127.939527,37.951874,5749.438742400001,11.891,26.567,290.346,0.8679020888729352
112.5833,127.939491,37.951883,5750.036760000001,11.963,26.703,290.411,0.8679020888729352
112.6,127.939456,37.951892,5750.6427023999995,12.034,26.839,290.476,0.8679020888729352
112.6166,127.93942,37.951901,5751.256569600001,12.107,26.974,290.542,0.8679020888729352
112.6333,127.939385,37.95191,5751.8783616,12.179,27.109,290.607,0.8679020888729352
112.65,127.939349,37.951919,5752.5080784,12.251,27.245,290.672,0.8679020888729352
112.6666,127.939314,37.951928,5753.145415200001,12.324,27.38,290.737,0.8679020888729352
112.6833,127.939279,37.951937,5753.7909816,12.397,27.515,290.803,0.8679020888729352
112.7,127.939244,37.951946,5754.444168,12.47,27.65,290.868,0.8679020888729352
112.7166,127.939208,37.951955,5755.104974400001,12.543,27.785,290.934,0.8679020888729352
112.7333,127.939173,37.951964,5755.7740104,12.616,27.92,291.0,0.8679020888729352
112.75,127.939138,37.951974,5756.4506664,12.69,28.055,291.066,0.8679020888729352
112.7666,127.939103,37.951983,5757.135247200001,12.763,28.189,291.132,0.8679020888729352
112.7833,127.939068,37.951992,5757.827448,12.837,28.324,291.198,0.8679020888729352
112.8,127.939033,37.952001,5758.5275736,12.911,28.459,291.264,0.8679020888729352
112.8166,127.938998,37.95201,5759.235319200001,12.986,28.593,291.331,0.8679020888729352
112.8333,127.938963,37.952019,5759.9509896,13.06,28.728,291.397,0.8679020888729352
112.85,127.938928,37.952029,5760.67428,13.134,28.862,291.464,0.8679020888729352
112.8666,127.938893,37.952038,5761.405495200001,13.208,28.996,291.531,0.8679020888729352
112.8833,127.938858,37.952047,5762.1443304,13.283,29.13,291.598,0.8679020888729352
112.9,127.938824,37.952056,5762.8910904,13.358,29.265,291.665,0.8679020888729352
112.9166,127.938789,37.952066,5763.645470400001,13.433,29.399,291.733,0.8679020888729352
112.9333,127.938754,37.952075,5764.4074704,13.507,29.533,291.8,0.8679020888729352
112.95,127.938719,37.952084,5765.1770904,13.582,29.667,291.868,0.8679020888729352
112.9666,127.938685,37.952093,5765.9546352,13.657,29.801,291.936,0.8679020888729352
112.9833,127.93865,37.952103,5766.7398,13.733,29.935,292.004,0.8679020888729352
113.0,127.938616,37.952112,5767.5325848,13.808,30.069,292.072,0.8679020888729352
113.0166,127.938581,37.952121,5768.3329896,13.883,30.203,292.141,0.8679020888729352
113.0333,127.938547,37.95213,5769.141319200001,13.959,30.336,292.209,0.8679020888729352
113.05,127.938512,37.95214,5769.956964,14.034,30.47,292.278,0.8679020888729352
113.0666,127.938478,37.952149,5770.7802288,14.11,30.604,292.347,0.8679020888729352
113.0833,127.938444,37.952158,5771.611418400001,14.186,30.737,292.416,0.8679020888729352
113.1,127.93841,37.952168,5772.449923200001,14.261,30.871,292.486,0.8679020888729352
113.1166,127.938375,37.952177,5773.296048,14.337,31.004,292.555,0.8679020888729352
113.1333,127.938341,37.952186,5774.149792800001,14.413,31.138,292.625,0.8679020888729352
113.15,127.938307,37.952196,5775.0111576,14.489,31.271,292.695,0.8679020888729352
113.1666,127.938273,37.952205,5775.8801424,14.564,31.405,292.766,0.8679020888729352
113.1833,127.938239,37.952215,5776.756747200001,14.64,31.538,292.836,0.8679020888729352
113.2,127.938205,37.952224,5777.6406672,14.716,31.671,292.907,0.8679020888729352
113.2166,127.938171,37.952233,5778.5322072,14.792,31.805,292.978,0.8679020888729352
113.2333,127.938137,37.952243,5779.4313672,14.868,31.938,293.049,0.8679020888729352
113.25,127.938103,37.952252,5780.338147200001,14.943,32.071,293.12,0.8679020888729352
113.2666,127.938069,37.952262,5781.252242400001,15.019,32.204,293.192,0.8679020888729352
113.2833,127.938036,37.952271,5782.1736528,15.095,32.338,293.264,0.8679020888729352
113.3,127.938002,37.952281,5783.102683200001,15.171,32.471,293.336,0.8679020888729352
113.3166,127.937968,37.95229,5784.039333600001,15.247,32.604,293.408,0.8679020888729352
113.3333,127.937935,37.9523,5784.9832992,15.323,32.737,293.481,0.8679020888729352
113.35,127.937901,37.952309,5785.9348848,15.399,32.87,293.554,0.8679020888729352
113.3666,127.937867,37.952319,5786.8937856,15.475,33.003,293.627,0.8679020888729352
113.3833,127.937834,37.952328,5787.860001600001,15.552,33.136,293.7,0.8679020888729352
113.4,127.9378,37.952338,5788.8335328,15.628,33.269,293.774,0.8679020888729352
113.4166,127.937767,37.952347,5789.814684000001,15.704,33.401,293.847,0.8679020888729352
113.4333,127.937734,37.952357,5790.8031504,15.781,33.534,293.921,0.8679020888729352
113.45,127.9377,37.952366,5791.798932000001,15.857,33.667,293.996,0.8679020888729352
113.4666,127.937667,37.952376,5792.802333600001,15.933,33.8,294.07,0.8679020888729352
113.4833,127.937634,37.952386,5793.8127456,16.01,33.932,294.145,0.8679020888729352
113.5,127.937601,37.952395,5794.8307776,16.086,34.065,294.22,0.8679020888729352
113.5166,127.937568,37.952405,5795.8561248000005,16.163,34.198,294.296,0.8679020888729352
113.5333,127.937535,37.952414,5796.888482400001,16.239,34.33,294.371,0.8679020888729352
113.55,127.937502,37.952424,5797.92846,16.316,34.463,294.447,0.8679020888729352
113.5666,127.937469,37.952434,5798.9757528,16.393,34.595,294.523,0.8679020888729352
113.5833,127.937436,37.952443,5800.0303608,16.47,34.728,294.6,0.8679020888729352
113.6,127.937403,37.952453,5801.0919792,16.547,34.86,294.677,0.8679020888729352
113.6166,127.93737,37.952463,5802.1609128,16.624,34.993,294.754,0.8679020888729352
113.6333,127.937337,37.952472,5803.2371616,16.701,35.125,294.831,0.8679020888729352
113.65,127.937304,37.952482,5804.3207256,16.778,35.257,294.908,0.8679020888729352
113.6666,127.937272,37.952492,5805.4116048000005,16.855,35.39,294.986,0.8679020888729352
113.6833,127.937239,37.952502,5806.5094944,16.932,35.522,295.064,0.8679020888729352
113.7,127.937207,37.952511,5807.6146992,17.01,35.654,295.143,0.8679020888729352
113.7166,127.937174,37.952521,5808.7269144,17.088,35.786,295.221,0.8679020888729352
113.7333,127.937142,37.952531,5809.8467496,17.165,35.918,295.3,0.8679020888729352
113.75,127.937109,37.95254,5810.9735952,17.243,36.051,295.38,0.8679020888729352
113.7666,127.937077,37.95255,5812.1074512000005,17.321,36.183,295.459,0.8679020888729352
113.7833,127.937044,37.95256,5813.2483176000005,17.399,36.315,295.539,0.8679020888729352
113.8,127.937012,37.95257,5814.396804,17.477,36.447,295.619,0.8679020888729352
113.8166,127.93698,37.95258,5815.551996,17.555,36.579,295.7,0.8679020888729352
113.8333,127.936948,37.952589,5816.7145032,17.634,36.71,295.781,0.8679020888729352
113.85,127.936916,37.952599,5817.8840208,17.713,36.842,295.862,0.8679020888729352
113.8666,127.936884,37.952609,5819.0608536,17.791,36.974,295.943,0.8679020888729352
113.8833,127.936852,37.952619,5820.2446968,17.87,37.106,296.025,0.8679020888729352
113.9,127.93682,37.952629,5821.435245600001,17.95,37.237,296.107,0.8679020888729352
113.9166,127.936788,37.952639,5822.6331096,18.029,37.369,296.19,0.8679020888729352
113.9333,127.936756,37.952649,5823.8382888,18.109,37.501,296.272,0.8679020888729352
113.95,127.936724,37.952658,5825.050173600001,18.188,37.632,296.355,0.8679020888729352
113.9666,127.936692,37.952668,5826.2693736,18.268,37.764,296.439,0.8679020888729352
113.9833,127.936661,37.952678,5827.4952792,18.349,37.895,296.523,0.8679020888729352
114.0,127.936629,37.952688,5828.7285,18.429,38.027,296.607,0.8679020888729352
114.0166,127.936597,37.952698,5829.9684264,18.51,38.158,296.691,0.8679020888729352
114.0333,127.936566,37.952708,5831.2153632,18.591,38.289,296.776,0.8679020888729352
114.05,127.936534,37.952718,5832.469310400001,18.672,38.421,296.861,0.8679020888729352
114.0666,127.936503,37.952728,5833.730268,18.753,38.552,296.947,0.8679020888729352
114.0833,127.936471,37.952738,5834.9979312000005,18.835,38.683,297.032,0.8679020888729352
114.1,127.93644,37.952748,5836.2726048,18.916,38.814,297.119,0.8679020888729352
114.1166,127.936409,37.952758,5837.5542888,18.998,38.946,297.205,0.8679020888729352
114.1333,127.936378,37.952768,5838.8423736,19.081,39.077,297.292,0.8679020888729352
114.15,127.936346,37.952778,5840.1377736,19.163,39.208,297.38,0.8679020888729352
114.1666,127.936315,37.952788,5841.439879200001,19.246,39.339,297.467,0.8679020888729352
114.1833,127.936284,37.952798,5842.7486904,19.328,39.47,297.555,0.8679020888729352
114.2,127.936253,37.952808,5844.0642072,19.412,39.601,297.644,0.8679020888729352
114.2166,127.936222,37.952818,5845.3864296,19.495,39.732,297.733,0.8679020888729352
114.2333,127.936191,37.952828,5846.7156624,19.579,39.863,297.822,0.8679020888729352
114.25,127.936161,37.952838,5848.051296000001,19.662,39.994,297.912,0.8679020888729352
114.2666,127.93613,37.952849,5849.39394,19.746,40.125,298.002,0.8679020888729352
114.2833,127.936099,37.952859,5850.7429848,19.831,40.256,298.092,0.8679020888729352
114.3,127.936069,37.952869,5852.09904,19.915,40.386,298.183,0.8679020888729352
114.3166,127.936038,37.952879,5853.461496000001,20.0,40.517,298.275,0.8679020888729352
114.3333,127.936007,37.952889,5854.8306575999995,20.085,40.648,298.366,0.8679020888729352
114.35,127.935977,37.952899,5856.206524800001,20.171,40.778,298.458,0.8679020888729352
114.3666,127.935946,37.952909,5857.588792800001,20.256,40.909,298.551,0.8679020888729352
114.3833,127.935916,37.95292,5858.9777664,20.342,41.039,298.644,0.8679020888729352
114.4,127.935886,37.95293,5860.3731408,20.428,41.169,298.737,0.8679020888729352
114.4166,127.935856,37.95294,5861.7752208,20.514,41.3,298.831,0.8679020888729352
114.4333,127.935825,37.95295,5863.183701600001,20.601,41.43,298.925,0.8679020888729352
114.45,127.935795,37.95296,5864.598888,20.688,41.56,299.019,0.8679020888729352
114.4666,127.935765,37.952971,5866.0204752,20.775,41.69,299.114,0.8679020888729352
114.4833,127.935735,37.952981,5867.4481584000005,20.862,41.82,299.21,0.8679020888729352
114.5,127.935705,37.952991,5868.882852000001,20.95,41.95,299.306,0.8679020888729352
114.5166,127.935675,37.953001,5870.323641600001,21.038,42.08,299.402,0.8679020888729352
114.5333,127.935645,37.953012,5871.771746400001,21.085,42.212,299.491,0.8679020888729352
114.55,127.935616,37.953022,5873.2271664,21.089,42.345,299.573,0.8679020888729352
114.5666,127.935586,37.953032,5874.6905112,21.053,42.481,299.648,0.8679020888729352
114.5833,127.935556,37.953043,5876.1617808,20.978,42.617,299.719,0.8679020888729352
114.6,127.935527,37.953053,5877.64128,20.867,42.755,299.786,0.8679020888729352
114.6166,127.935497,37.953063,5879.1299232,20.722,42.893,299.849,0.8679020888729352
114.6333,127.935468,37.953073,5880.6274056,20.544,43.032,299.908,0.8679020888729352
114.65,127.935439,37.953084,5882.1334224,20.336,43.172,299.966,0.8679020888729352
114.6666,127.93541,37.953094,5883.648278400001,20.1,43.312,300.021,0.8679020888729352
114.6833,127.935381,37.953105,5885.171364000001,19.838,43.454,300.074,0.8679020888729352
114.7,127.935352,37.953115,5886.702679200001,19.552,43.596,300.126,0.8679020888729352
114.7166,127.935323,37.953125,5888.2422240000005,19.245,43.74,300.176,0.8679020888729352
114.7333,127.935294,37.953136,5889.7893888,18.921,43.886,300.226,0.8679020888729352
114.75,127.935265,37.953146,5891.344783200001,18.583,44.033,300.273,0.8679020888729352
114.7666,127.935236,37.953156,5892.907492800001,18.231,44.181,300.32,0.8679020888729352
114.7833,127.935208,37.953167,5894.4781272,17.868,44.331,300.365,0.8679020888729352
114.8,127.935179,37.953177,5896.0566864,17.496,44.482,300.409,0.8679020888729352
114.8166,127.935151,37.953188,5897.642560800001,17.114,44.635,300.452,0.8679020888729352
114.8333,127.935123,37.953198,5899.2351408,16.731,44.789,300.493,0.8679020888729352
114.85,127.935094,37.953208,5900.8353408,16.346,44.945,300.533,0.8679020888729352
114.8666,127.935066,37.953219,5902.442551200001,15.961,45.102,300.571,0.8679020888729352
114.8833,127.935038,37.953229,5904.0570768,15.576,45.261,300.607,0.8679020888729352
114.9,127.93501,37.95324,5905.6786128,15.193,45.421,300.641,0.8679020888729352
114.9166,127.934982,37.95325,5907.307464,14.811,45.582,300.674,0.8679020888729352
114.9333,127.934954,37.95326,5908.942411200001,14.437,45.744,300.704,0.8679020888729352
114.95,127.934926,37.953271,5910.5843688,14.071,45.907,300.733,0.8679020888729352
114.9666,127.934898,37.953281,5912.233032,13.713,46.072,300.759,0.8679020888729352
114.9833,127.93487,37.953292,5913.8887056,13.363,46.237,300.783,0.8679020888729352
115.0,127.934843,37.953302,5915.5510848,13.021,46.403,300.805,0.8679020888729352
115.0166,127.934815,37.953312,5917.220474400001,12.687,46.57,300.825,0.8679020888729352
115.0333,127.934788,37.953323,5918.895655200001,12.387,46.738,300.845,0.8679020888729352
115.05,127.93476,37.953333,5920.5766272,12.12,46.905,300.868,0.8679020888729352
115.0666,127.934733,37.953343,5922.2630856000005,11.886,47.073,300.89,0.8679020888729352
115.0833,127.934705,37.953354,5923.9547256,11.683,47.242,300.913,0.8679020888729352
115.1,127.934678,37.953364,5925.651547200001,11.508,47.41,300.936,0.8679020888729352
115.1166,127.934651,37.953374,5927.353855200001,11.361,47.579,300.959,0.8679020888729352
115.1333,127.934624,37.953385,5929.0619544,11.24,47.748,300.983,0.8679020888729352
115.15,127.934596,37.953395,5930.7752352,11.142,47.917,301.007,0.8679020888729352
115.1666,127.934569,37.953405,5932.4946119999995,11.068,48.085,301.032,0.8679020888729352
115.1833,127.934542,37.953416,5934.2194752,11.015,48.253,301.057,0.8679020888729352
115.2,127.934515,37.953426,5935.9501296,10.981,48.421,301.083,0.8679020888729352
115.2166,127.934488,37.953436,5937.6862704000005,10.966,48.587,301.108,0.8679020888729352
115.2333,127.934462,37.953447,5939.4285072,10.968,48.753,301.134,0.8679020888729352
115.25,127.934435,37.953457,5941.1765352,10.987,48.918,301.161,0.8679020888729352
115.2666,127.934408,37.953467,5942.9303544,11.02,49.083,301.188,0.8679020888729352
115.2833,127.934381,37.953478,5944.690269600001,11.067,49.246,301.215,0.8679020888729352
115.3,127.934355,37.953488,5946.4556712,11.127,49.409,301.243,0.8679020888729352
115.3166,127.934328,37.953498,5948.227473600001,11.199,49.571,301.272,0.8679020888729352
115.3333,127.934302,37.953508,5950.0047624,11.28,49.733,301.3,0.8679020888729352
115.35,127.934275,37.953519,5951.788452000001,11.371,49.893,301.33,0.8679020888729352
115.3666,127.934249,37.953529,5953.577932800001,11.471,50.053,301.359,0.8679020888729352
115.3833,127.934223,37.953539,5955.3732048,11.578,50.213,301.39,0.8679020888729352
115.4,127.934197,37.953549,5957.1745728000005,11.692,50.371,301.421,0.8679020888729352
115.4166,127.93417,37.953559,5958.981732,11.811,50.529,301.452,0.8679020888729352
115.4333,127.934144,37.95357,5960.794987200001,11.936,50.686,301.484,0.8679020888729352
115.45,127.934118,37.95358,5962.614033600001,12.064,50.843,301.517,0.8679020888729352
115.4666,127.934092,37.95359,5964.439176,12.195,51.0,301.549,0.8679020888729352
115.4833,127.934067,37.9536,5966.2701096,12.33,51.156,301.583,0.8679020888729352
115.5,127.934041,37.95361,5968.107139199999,12.466,51.311,301.617,0.8679020888729352
115.5166,127.934015,37.95362,5969.949960000001,12.604,51.466,301.653,0.8679020888729352
115.5333,127.933989,37.953631,5971.798572,12.742,51.621,301.688,0.8679020888729352
115.55,127.933964,37.953641,5973.6529752,12.881,51.775,301.725,0.8679020888729352
115.5666,127.933938,37.953651,5975.513474400001,13.019,51.929,301.762,0.8679020888729352
115.5833,127.933913,37.953661,5977.37946,13.157,52.083,301.799,0.8679020888729352
115.6,127.933888,37.953671,5979.251541600001,13.294,52.236,301.838,0.8679020888729352
115.6166,127.933862,37.953681,5981.1291096,13.429,52.389,301.878,0.8679020888729352
115.6333,127.933837,37.953691,5983.012164000001,13.563,52.542,301.918,0.8679020888729352
115.65,127.933812,37.953701,5984.9013144,13.694,52.695,301.96,0.8679020888729352
115.6666,127.933787,37.953711,5986.795951200001,13.824,52.848,302.002,0.8679020888729352
115.6833,127.933762,37.953721,5988.696074400001,13.951,53.0,302.045,0.8679020888729352
115.7,127.933737,37.953731,5990.6019888,14.075,53.152,302.09,0.8679020888729352
115.7166,127.933712,37.953741,5992.5130848,14.196,53.304,302.136,0.8679020888729352
115.7333,127.933687,37.953751,5994.429972,14.315,53.456,302.183,0.8679020888729352
115.75,127.933663,37.953761,5996.3523456,14.431,53.608,302.231,0.8679020888729352
115.7666,127.933638,37.953771,5998.2799008,14.544,53.759,302.282,0.8679020888729352
115.7833,127.933613,37.953781,6000.2129424,14.654,53.911,302.333,0.8679020888729352
115.8,127.933589,37.953791,6002.151470400001,14.761,54.062,302.386,0.8679020888729352
115.8166,127.933564,37.953801,6004.0948751999995,14.865,54.213,302.441,0.8679020888729352
115.8333,127.93354,37.953811,6006.0446808,14.945,54.364,302.493,0.8679020888729352
115.85,127.933516,37.953821,6008.000582400001,15.001,54.516,302.542,0.8679020888729352
115.8666,127.933492,37.953831,6009.9628848,15.034,54.667,302.589,0.8679020888729352
115.8833,127.933468,37.953841,6011.931588,15.045,54.819,302.633,0.8679020888729352
115.9,127.933444,37.953851,6013.906387200001,15.035,54.971,302.677,0.8679020888729352
115.9166,127.93342,37.953861,6015.8872824,15.005,55.123,302.719,0.8679020888729352
115.9333,127.933396,37.953871,6017.873664000001,14.977,55.275,302.764,0.8679020888729352
115.95,127.933372,37.953881,6019.865532000001,14.954,55.427,302.811,0.8679020888729352
115.9666,127.933349,37.95389,6021.861972,14.934,55.579,302.862,0.8679020888729352
115.9833,127.933325,37.9539,6023.8635936,14.919,55.731,302.914,0.8679020888729352
116.0,127.933301,37.95391,6025.8691776000005,14.908,55.884,302.969,0.8679020888729352
116.0166,127.933278,37.95392,6027.8799432,14.9,56.037,303.025,0.8679020888729352
116.0333,127.933255,37.95393,6029.8952808,14.896,56.19,303.083,0.8679020888729352
116.05,127.933231,37.95394,6031.9154952,14.896,56.344,303.142,0.8679020888729352
116.0666,127.933208,37.953949,6033.9402816,14.898,56.498,303.202,0.8679020888729352
116.0833,127.933185,37.953959,6035.96964,14.903,56.651,303.263,0.8679020888729352
116.1,127.933162,37.953969,6038.003570400001,14.911,56.805,303.325,0.8679020888729352
116.1166,127.933139,37.953979,6040.042377600001,14.922,56.959,303.387,0.8679020888729352
116.1333,127.933116,37.953989,6042.085756800001,14.935,57.112,303.45,0.8679020888729352
116.15,127.933093,37.953998,6044.133708,14.95,57.265,303.514,0.8679020888729352
116.1666,127.93307,37.954008,6046.1862312,14.967,57.418,303.578,0.8679020888729352
116.1833,127.933047,37.954018,6048.2433264,14.986,57.571,303.642,0.8679020888729352
116.2,127.933024,37.954027,6050.3049936,15.007,57.724,303.707,0.8679020888729352
116.2166,127.933002,37.954037,6052.3712328,15.029,57.876,303.772,0.8679020888729352
116.2333,127.932979,37.954047,6054.442044,15.052,58.028,303.837,0.8679020888729352
116.25,127.932957,37.954056,6056.5174272,15.076,58.18,303.903,0.8679020888729352
116.2666,127.932934,37.954066,6058.5973824,15.102,58.331,303.968,0.8679020888729352
116.2833,127.932912,37.954076,6060.6816048,15.128,58.482,304.034,0.8679020888729352
116.3,127.93289,37.954085,6062.7703992,15.155,58.633,304.101,0.8679020888729352
116.3166,127.932867,37.954095,6064.863765600001,15.183,58.784,304.167,0.8679020888729352
116.3333,127.932845,37.954105,6066.9613992,15.211,58.934,304.234,0.8679020888729352
116.35,127.932823,37.954114,6069.063604800001,15.24,59.084,304.3,0.8679020888729352
116.3666,127.932801,37.954124,6071.170382400001,15.27,59.233,304.368,0.8679020888729352
116.3833,127.932779,37.954133,6073.281122400001,15.3,59.382,304.435,0.8679020888729352
116.4,127.932757,37.954143,6075.3964344,15.33,59.531,304.503,0.8679020888729352
116.4166,127.932736,37.954152,6077.5160136,15.361,59.68,304.571,0.8679020888729352
116.4333,127.932714,37.954162,6079.640164800001,15.391,59.828,304.639,0.8679020888729352
116.45,127.932692,37.954171,6081.768278400001,15.423,59.976,304.707,0.8679020888729352
116.4666,127.932671,37.954181,6083.900964,15.454,60.124,304.776,0.8679020888729352
116.4833,127.932649,37.95419,6086.037612,15.486,60.272,304.846,0.8679020888729352
116.5,127.932628,37.9542,6088.178527200001,15.518,60.419,304.915,0.8679020888729352
116.5166,127.932607,37.954209,6090.3237096,15.55,60.566,304.985,0.8679020888729352
116.5333,127.932585,37.954219,6092.473159200001,15.582,60.713,305.056,0.8679020888729352
116.55,127.932564,37.954228,6094.6265711999995,15.615,60.86,305.127,0.8679020888729352
116.5666,127.932543,37.954238,6096.7842504,15.647,61.006,305.199,0.8679020888729352
116.5833,127.932522,37.954247,6098.9461968000005,15.68,61.152,305.271,0.8679020888729352
116.6,127.932501,37.954256,6101.1121056,15.713,61.298,305.344,0.8679020888729352
116.6166,127.93248,37.954266,6103.2819768,15.746,61.444,305.418,0.8679020888729352
116.6333,127.932459,37.954275,6105.456115200001,15.78,61.589,305.492,0.8679020888729352
116.65,127.932439,37.954284,6107.6339112000005,15.814,61.734,305.567,0.8679020888729352
116.6666,127.932418,37.954294,6109.8159744,15.848,61.879,305.643,0.8679020888729352
116.6833,127.932398,37.954303,6112.002,15.882,62.024,305.72,0.8679020888729352
116.7,127.932377,37.954312,6114.1919880000005,15.917,62.169,305.797,0.8679020888729352
116.7166,127.932357,37.954322,6116.385938400001,15.952,62.313,305.875,0.8679020888729352
116.7333,127.932336,37.954331,6118.5835464,15.987,62.457,305.954,0.8679020888729352
116.75,127.932316,37.95434,6120.7854216,16.023,62.601,306.034,0.8679020888729352
116.7666,127.932296,37.954349,6122.9909544,16.059,62.745,306.116,0.8679020888729352
116.7833,127.932276,37.954359,6125.2001448,16.097,62.888,306.199,0.8679020888729352
116.8,127.932256,37.954368,6127.413297600001,16.134,63.031,306.283,0.8679020888729352
116.8166,127.932236,37.954377,6129.6304128,16.173,63.174,306.368,0.8679020888729352
116.8333,127.932216,37.954386,6131.8511856000005,16.212,63.316,306.456,0.8679020888729352
116.85,127.932196,37.954395,6134.075616,16.253,63.458,306.547,0.8679020888729352
116.8666,127.932176,37.954404,6136.303704,16.295,63.6,306.64,0.8679020888729352
116.8833,127.932156,37.954414,6138.5354496,16.338,63.741,306.735,0.8679020888729352
116.9,127.932137,37.954423,6140.7711576,16.383,63.882,306.833,0.8679020888729352
116.9166,127.932117,37.954432,6143.010218400001,16.43,64.023,306.933,0.8679020888729352
116.9333,127.932098,37.954441,6145.2532416,16.478,64.163,307.035,0.8679020888729352
116.95,127.932078,37.95445,6147.4996176,16.529,64.303,307.142,0.8679020888729352
116.9666,127.932059,37.954459,6149.749651200001,16.582,64.442,307.251,0.8679020888729352
116.9833,127.93204,37.954468,6152.0030376,16.638,64.581,307.363,0.8679020888729352
117.0,127.932021,37.954477,6154.2600816,16.696,64.719,307.477,0.8679020888729352
117.0166,127.932001,37.954486,6156.520783200001,16.756,64.857,307.594,0.8679020888729352
117.0333,127.931982,37.954495,6158.7845328,16.82,64.995,307.713,0.8679020888729352
117.05,127.931964,37.954504,6161.0522448,16.887,65.133,307.833,0.8679020888729352
117.0666,127.931945,37.954513,6163.3230048000005,16.956,65.27,307.956,0.8679020888729352
117.0833,127.931926,37.954522,6165.5974224,17.029,65.407,308.08,0.8679020888729352
117.1,127.931907,37.954531,6167.874888,17.105,65.544,308.205,0.8679020888729352
117.1166,127.931888,37.954539,6170.156011200001,17.184,65.68,308.332,0.8679020888729352
117.1333,127.93187,37.954548,6172.4404872000005,17.266,65.817,308.46,0.8679020888729352
117.15,127.931851,37.954557,6174.728316,17.352,65.953,308.59,0.8679020888729352
117.1666,127.931833,37.954566,6177.0191928,17.442,66.089,308.72,0.8679020888729352
117.1833,127.931815,37.954575,6179.3134224000005,17.534,66.225,308.852,0.8679020888729352
117.2,127.931796,37.954584,6181.6110048,17.631,66.36,308.986,0.8679020888729352
117.2166,127.931778,37.954592,6183.91194,17.73,66.496,309.12,0.8679020888729352
117.2333,127.93176,37.954601,6186.2159232,17.833,66.631,309.256,0.8679020888729352
117.25,127.931742,37.95461,6188.5229544,17.94,66.766,309.393,0.8679020888729352
117.2666,127.931724,37.954619,6190.833338400001,18.051,66.901,309.531,0.8679020888729352
117.2833,127.931706,37.954627,6193.1470752,18.165,67.036,309.67,0.8679020888729352
117.3,127.931688,37.954636,6195.463555200001,18.282,67.171,309.811,0.8679020888729352
117.3166,127.931671,37.954645,6197.783388000001,18.403,67.305,309.952,0.8679020888729352
117.3333,127.931653,37.954653,6200.1062688,18.528,67.439,310.095,0.8679020888729352
117.35,127.931635,37.954662,6202.431892800001,18.656,67.573,310.24,0.8679020888729352
117.3666,127.931618,37.95467,6204.760869600001,18.788,67.707,310.386,0.8679020888729352
117.3833,127.9316,37.954679,6207.0928944,18.923,67.841,310.533,0.8679020888729352
117.4,127.931583,37.954688,6209.4276624,19.062,67.975,310.682,0.8679020888729352
117.4166,127.931566,37.954696,6211.765478400001,19.204,68.108,310.832,0.8679020888729352
117.4333,127.931548,37.954705,6214.1063424,19.349,68.242,310.984,0.8679020888729352
117.45,127.931531,37.954713,6216.4499496,19.498,68.375,311.137,0.8679020888729352
117.4666,127.931514,37.954722,6218.796604800001,19.65,68.508,311.292,0.8679020888729352
117.4833,127.931497,37.95473,6221.1460031999995,19.806,68.641,311.449,0.8679020888729352
117.5,127.93148,37.954739,6223.4981448,19.965,68.773,311.608,0.8679020888729352
117.5166,127.931464,37.954747,6225.8533344,20.127,68.906,311.768,0.8679020888729352
117.5333,127.931447,37.954755,6228.2109624,20.293,69.038,311.93,0.8679020888729352
117.55,127.93143,37.954764,6230.571638400001,20.462,69.17,312.094,0.8679020888729352
117.5666,127.931414,37.954772,6232.9350576,20.634,69.302,312.261,0.8679020888729352
117.5833,127.931397,37.954781,6235.301220000001,20.809,69.433,312.429,0.8679020888729352
117.6,127.931381,37.954789,6237.6698208,20.988,69.565,312.599,0.8679020888729352
117.6166,127.931364,37.954797,6240.041164800001,21.169,69.696,312.772,0.8679020888729352
117.6333,127.931348,37.954806,6242.415252000001,21.354,69.827,312.946,0.8679020888729352
117.65,127.931332,37.954814,6244.7917776,21.541,69.958,313.124,0.8679020888729352
117.6666,127.931316,37.954822,6247.171046400001,21.732,70.089,313.303,0.8679020888729352
117.6833,127.931299,37.95483,6249.5527536,21.926,70.219,313.485,0.8679020888729352
117.7,127.931284,37.954839,6251.937204,22.123,70.349,313.669,0.8679020888729352
117.7166,127.931268,37.954847,6254.3240928000005,22.323,70.479,313.856,0.8679020888729352
117.7333,127.931252,37.954855,6256.713420000001,22.526,70.609,314.046,0.8679020888729352
117.75,127.931236,37.954863,6259.1051856,22.731,70.738,314.238,0.8679020888729352
117.7666,127.93122,37.954871,6261.4993896,22.94,70.867,314.433,0.8679020888729352
117.7833,127.931205,37.95488,6263.896032000001,23.153,70.996,314.63,0.8679020888729352
117.8,127.931189,37.954888,6266.294808,23.368,71.125,314.831,0.8679020888729352
117.8166,127.931174,37.954896,6268.6963272,23.586,71.253,315.034,0.8679020888729352
117.8333,127.931158,37.954904,6271.09998,23.807,71.381,315.241,0.8679020888729352
117.85,127.931143,37.954912,6273.5060711999995,24.031,71.509,315.451,0.8679020888729352
117.8666,127.931128,37.95492,6275.914296000001,24.259,71.637,315.664,0.8679020888729352
117.8833,127.931113,37.954928,6278.3246544,24.49,71.764,315.88,0.8679020888729352
117.9,127.931098,37.954936,6280.737451200001,24.724,71.891,316.1,0.8679020888729352
117.9166,127.931083,37.954944,6283.1523816,24.961,72.017,316.323,0.8679020888729352
117.9333,127.931068,37.954952,6285.5694456,25.202,72.143,316.55,0.8679020888729352
117.95,127.931053,37.95496,6287.988643199999,25.446,72.269,316.78,0.8679020888729352
117.9666,127.931038,37.954968,6290.4099744000005,25.693,72.394,317.014,0.8679020888729352
117.9833,127.931024,37.954976,6292.8334392,25.944,72.519,317.251,0.8679020888729352
118.0,127.931009,37.954984,6295.259037600001,26.198,72.644,317.492,0.8679020888729352
118.0166,127.930995,37.954991,6297.686464800001,26.456,72.769,317.737,0.8679020888729352
118.0333,127.93098,37.954999,6300.1160256,26.717,72.893,317.986,0.8679020888729352
118.05,127.930966,37.955007,6302.5477200000005,26.982,73.016,318.238,0.8679020888729352
118.0666,127.930951,37.955015,6304.9812432,27.251,73.139,318.494,0.8679020888729352
118.0833,127.930937,37.955023,6307.4169,27.523,73.262,318.755,0.8679020888729352
118.1,127.930923,37.95503,6309.8540808,27.799,73.385,319.019,0.8679020888729352
118.1166,127.930909,37.955038,6312.2933952,28.079,73.507,319.288,0.8679020888729352
118.1333,127.930895,37.955046,6314.734538400001,28.363,73.628,319.561,0.8679020888729352
118.15,127.930881,37.955054,6317.177510400001,28.65,73.749,319.838,0.8679020888729352
118.1666,127.930867,37.955061,6319.622311200001,28.942,73.87,320.119,0.8679020888729352
118.1833,127.930854,37.955069,6322.068940800001,29.237,73.99,320.405,0.8679020888729352
118.2,127.93084,37.955077,6324.5173992,29.537,74.11,320.695,0.8679020888729352
118.2166,127.930826,37.955084,6326.9673816,29.841,74.229,320.989,0.8679020888729352
118.2333,127.930813,37.955092,6329.419192800001,30.149,74.348,321.289,0.8679020888729352
118.25,127.9308,37.9551,6331.872832800001,30.461,74.466,321.593,0.8679020888729352
118.2666,127.930786,37.955107,6334.327996800001,30.777,74.584,321.901,0.8679020888729352
118.2833,127.930773,37.955115,6336.7846848,31.098,74.702,322.215,0.8679020888729352
118.3,127.93076,37.955122,6339.243201600001,31.423,74.818,322.533,0.8679020888729352
118.3166,127.930747,37.95513,6341.703242400001,31.753,74.935,322.857,0.8679020888729352
118.3333,127.930734,37.955137,6344.1648072,32.087,75.05,323.185,0.8679020888729352
118.35,127.930721,37.955145,6346.627896000001,32.427,75.166,323.519,0.8679020888729352
118.3666,127.930708,37.955152,6349.0925088,32.77,75.28,323.858,0.8679020888729352
118.3833,127.930695,37.95516,6351.5586456,33.119,75.394,324.202,0.8679020888729352
118.4,127.930682,37.955167,6354.026001600001,33.473,75.508,324.552,0.8679020888729352
118.4166,127.93067,37.955174,6356.4951864,33.832,75.621,324.907,0.8679020888729352
118.4333,127.930657,37.955182,6358.9655904,34.196,75.733,325.268,0.8679020888729352
118.45,127.930644,37.955189,6361.4372136,34.565,75.845,325.635,0.8679020888729352
118.4666,127.930632,37.955197,6363.9103608000005,34.94,75.956,326.007,0.8679020888729352
118.4833,127.93062,37.955204,6366.385032,35.321,76.066,326.386,0.8679020888729352
118.5,127.930607,37.955211,6368.8609224,35.707,76.176,326.77,0.8679020888729352
118.5166,127.930595,37.955218,6371.338032000001,36.099,76.285,327.16,0.8679020888729352
118.5333,127.930583,37.955226,6373.8163608,36.497,76.393,327.557,0.8679020888729352
118.55,127.930571,37.955233,6376.295908800001,36.901,76.501,327.96,0.8679020888729352
118.5666,127.930559,37.95524,6378.7769808,37.311,76.608,328.369,0.8679020888729352
118.5833,127.930547,37.955247,6381.2589672,37.727,76.714,328.785,0.8679020888729352
118.6,127.930536,37.955255,6383.7421728,38.149,76.82,329.207,0.8679020888729352
118.6166,127.930524,37.955262,6386.226597600001,38.578,76.924,329.636,0.8679020888729352
118.6333,127.930512,37.955269,6388.712546400001,39.014,77.028,330.072,0.8679020888729352
118.65,127.930501,37.955276,6391.1991048,39.455,77.131,330.515,0.8679020888729352
118.6666,127.930489,37.955283,6393.6871872,39.903,77.234,330.964,0.8679020888729352
118.6833,127.930478,37.95529,6396.176184000001,40.358,77.335,331.42,0.8679020888729352
118.7,127.930466,37.955297,6398.6664,40.819,77.436,331.884,0.8679020888729352
118.7166,127.930455,37.955304,6401.1578352,41.287,77.535,332.354,0.8679020888729352
118.7333,127.930444,37.955311,6403.6501848,41.762,77.634,332.832,0.8679020888729352
118.75,127.930433,37.955319,6406.1437536,42.243,77.732,333.316,0.8679020888729352
118.7666,127.930422,37.955326,6408.6382368,42.731,77.829,333.808,0.8679020888729352
118.7833,127.930411,37.955333,6411.1339392,43.225,77.925,334.308,0.8679020888729352
118.8,127.9304,37.955339,6413.6302512,43.727,78.021,334.815,0.8679020888729352
118.8166,127.930389,37.955346,6416.128087200001,44.236,78.115,335.33,0.8679020888729352
118.8333,127.930379,37.955353,6418.626532800001,44.751,78.208,335.852,0.8679020888729352
118.85,127.930368,37.95536,6421.1261976000005,45.273,78.301,336.382,0.8679020888729352
118.8666,127.930357,37.955367,6423.6267768,45.803,78.392,336.919,0.8679020888729352
118.8833,127.930347,37.955374,6426.1282704000005,46.339,78.483,337.465,0.8679020888729352
118.9,127.930336,37.955381,6428.630983200001,46.883,78.572,338.018,0.8679020888729352
118.9166,127.930326,37.955388,6431.1343056000005,47.435,78.66,338.58,0.8679020888729352
118.9333,127.930316,37.955394,6433.638542400001,47.993,78.748,339.15,0.8679020888729352
118.95,127.930306,37.955401,6436.1436936,48.56,78.834,339.728,0.8679020888729352
118.9666,127.930296,37.955408,6438.650064,49.134,78.92,340.314,0.8679020888729352
118.9833,127.930286,37.955415,6441.157044,49.716,79.004,340.909,0.8679020888729352
119.0,127.930276,37.955422,6443.6646336,50.307,79.087,341.512,0.8679020888729352
119.0166,127.930266,37.955428,6446.173442400001,50.905,79.169,342.124,0.8679020888729352
119.0333,127.930256,37.955435,6448.6828608000005,51.51,79.25,342.742,0.8679020888729352
119.05,127.930246,37.955442,6451.1931936,52.122,79.331,343.367,0.8679020888729352
119.0666,127.930237,37.955448,6453.7044408,52.74,79.411,343.998,0.8679020888729352
119.0833,127.930227,37.955455,6456.216297600001,53.366,79.491,344.636,0.8679020888729352
119.1,127.930218,37.955461,6458.728764,53.999,79.569,345.283,0.8679020888729352
119.1166,127.930208,37.955468,6461.2421448000005,54.639,79.647,345.937,0.8679020888729352
119.1333,127.930199,37.955475,6463.75644,55.286,79.724,346.597,0.8679020888729352
119.15,127.93019,37.955481,6466.2713448,55.939,79.801,347.263,0.8679020888729352
119.1666,127.930181,37.955488,6468.7868592,56.598,79.878,347.937,0.8679020888729352
119.1833,127.930172,37.955494,6471.303288000001,57.264,79.953,348.617,0.8679020888729352
119.2,127.930163,37.955501,6473.8203264,57.938,80.028,349.306,0.8679020888729352
119.2166,127.930154,37.955507,6476.3379744,58.618,80.102,350.003,0.8679020888729352
119.2333,127.930145,37.955514,6478.856232,59.308,80.175,350.71,0.8679020888729352
119.25,127.930136,37.95552,6481.3750992000005,60.008,80.246,351.428,0.8679020888729352
119.2666,127.930127,37.955527,6483.894576,60.717,80.316,352.157,0.8679020888729352
119.2833,127.930119,37.955533,6486.4146624,61.435,80.384,352.896,0.8679020888729352
119.3,127.93011,37.955539,6488.9353584,62.163,80.45,353.645,0.8679020888729352
119.3166,127.930102,37.955546,6491.4563592,62.901,80.515,354.406,0.8679020888729352
119.3333,127.930093,37.955552,6493.9779696000005,63.649,80.579,355.177,0.8679020888729352
119.35,127.930085,37.955558,6496.5001896,64.407,80.64,355.96,0.8679020888729352
119.3666,127.930077,37.955565,6499.022714400001,65.175,80.699,356.754,0.8679020888729352
119.3833,127.930069,37.955571,6501.5458488,65.952,80.757,357.559,0.8679020888729352
119.4,127.93006,37.955577,6504.069288000001,66.74,80.812,358.374,0.8679020888729352
119.4166,127.930052,37.955583,6506.5933368000005,67.537,80.865,359.2,0.8679020888729352
119.4333,127.930045,37.95559,6509.1176904,68.343,80.917,0.036,0.8679020888729352
119.45,127.930037,37.955596,6511.6423488,69.159,80.966,0.882,0.8679020888729352
119.4666,127.930029,37.955602,6514.167312,69.983,81.013,1.738,0.8679020888729352
119.4833,127.930021,37.955608,6516.69258,70.817,81.057,2.603,0.8679020888729352
119.5,127.930014,37.955614,6519.2184576,71.659,81.1,3.477,0.8679020888729352
119.5166,127.930006,37.95562,6521.7443352,72.509,81.14,4.359,0.8679020888729352
119.5333,127.929998,37.955627,6524.2705176,73.366,81.178,5.25,0.8679020888729352
119.55,127.929991,37.955633,6526.797004800001,74.231,81.214,6.148,0.8679020888729352
119.5666,127.929984,37.955639,6529.3237968,75.104,81.247,7.054,0.8679020888729352
119.5833,127.929976,37.955645,6531.8508936,75.982,81.278,7.967,0.8679020888729352
119.6,127.929969,37.955651,6534.3779904,76.867,81.307,8.886,0.8679020888729352
119.6166,127.929962,37.955657,6536.905392000001,77.758,81.333,9.811,0.8679020888729352
119.6333,127.929955,37.955663,6539.4330984,78.654,81.357,10.741,0.8679020888729352
119.65,127.929948,37.955669,6541.9608048,79.555,81.379,11.677,0.8679020888729352
119.6666,127.929941,37.955675,6544.488511200001,80.461,81.398,12.616,0.8679020888729352
119.6833,127.929934,37.955681,6547.0165224,81.37,81.415,13.56,0.8679020888729352
119.7,127.929928,37.955687,6549.544533600001,82.283,81.429,14.506,0.8679020888729352
119.7166,127.929921,37.955692,6552.0725448,83.198,81.441,15.456,0.8679020888729352
119.7333,127.929914,37.955698,6554.600860800001,84.116,81.451,16.407,0.8679020888729352
119.75,127.929908,37.955704,6557.128872,85.036,81.458,17.361,0.8679020888729352
119.7666,127.929901,37.95571,6559.657188000001,85.957,81.463,18.315,0.8679020888729352
119.7833,127.929895,37.955716,6562.185504,86.879,81.466,19.27,0.8679020888729352
119.8,127.929889,37.955722,6564.713820000001,87.802,81.466,20.225,0.8679020888729352
119.8166,127.929882,37.955727,6567.2418312,88.724,81.464,21.179,0.8679020888729352
119.8333,127.929876,37.955733,6569.770147200001,89.646,81.459,22.133,0.8679020888729352
119.85,127.92987,37.955739,6572.2981584,90.566,81.452,23.085,0.8679020888729352
119.8666,127.929864,37.955745,6574.826169600001,91.485,81.443,24.034,0.8679020888729352
119.8833,127.929858,37.95575,6577.3541808,92.401,81.432,24.982,0.8679020888729352
119.9,127.929852,37.955756,6579.8818872,93.315,81.418,25.926,0.8679020888729352
119.9166,127.929847,37.955761,6582.409593599999,94.225,81.402,26.866,0.8679020888729352
119.9333,127.929841,37.955767,6584.9373000000005,95.132,81.383,27.803,0.8679020888729352
119.95,127.929835,37.955773,6587.464701600001,96.034,81.362,28.735,0.8679020888729352
119.9666,127.92983,37.955778,6589.9917984,96.932,81.339,29.661,0.8679020888729352
119.9833,127.929824,37.955784,6592.5185904,97.824,81.313,30.583,0.8679020888729352
120.0,127.929819,37.955789,6595.045382400001,98.711,81.286,31.498,0.8679020888729352
120.0166,127.929813,37.955795,6597.5718696,99.592,81.256,32.407,0.8679020888729352
120.0333,127.929808,37.9558,6600.098356800001,100.467,81.223,33.309,0.8679020888729352
120.05,127.929803,37.955806,6602.6242344,101.335,81.189,34.205,0.8679020888729352
120.0666,127.929798,37.955811,6605.1498071999995,102.196,81.152,35.092,0.8679020888729352
120.0833,127.929793,37.955817,6607.67538,103.05,81.113,35.972,0.8679020888729352
120.1,127.929788,37.955822,6610.2003432,103.897,81.073,36.844,0.8679020888729352
120.1166,127.929783,37.955828,6612.725001600001,104.735,81.03,37.707,0.8679020888729352
120.1333,127.929778,37.955833,6615.2493552000005,105.566,80.985,38.562,0.8679020888729352
120.15,127.929773,37.955838,6617.7734040000005,106.388,80.937,39.407,0.8679020888729352
120.1666,127.929768,37.955844,6620.2968432,107.202,80.888,40.244,0.8679020888729352
120.1833,127.929764,37.955849,6622.820282400001,108.007,80.837,41.071,0.8679020888729352
120.2,127.929759,37.955854,6625.3428072,108.803,80.784,41.888,0.8679020888729352
120.2166,127.929755,37.95586,6627.865332,109.59,80.73,42.696,0.8679020888729352
120.2333,127.92975,37.955865,6630.3869424,110.368,80.673,43.494,0.8679020888729352
120.25,127.929746,37.95587,6632.9085528,111.137,80.614,44.281,0.8679020888729352
120.2666,127.929741,37.955875,6635.4292488,111.896,80.554,45.058,0.8679020888729352
120.2833,127.929737,37.955881,6637.94964,112.646,80.491,45.825,0.8679020888729352
120.3,127.929733,37.955886,6640.4694216,113.386,80.427,46.581,0.8679020888729352
120.3166,127.929729,37.955891,6642.9888984,114.116,80.361,47.326,0.8679020888729352
120.3333,127.929725,37.955896,6645.507765600001,114.837,80.294,48.061,0.8679020888729352
120.35,127.929721,37.955901,6648.0257184,115.548,80.225,48.785,0.8679020888729352
120.3666,127.929717,37.955906,6650.5433664,116.249,80.154,49.499,0.8679020888729352
120.3833,127.929713,37.955911,6653.0604048000005,116.94,80.082,50.201,0.8679020888729352
120.4,127.92971,37.955916,6655.576833600001,117.622,80.008,50.893,0.8679020888729352
120.4166,127.929706,37.955921,6658.092348,118.293,79.932,51.573,0.8679020888729352
120.4333,127.929702,37.955926,6660.6075576,118.955,79.855,52.243,0.8679020888729352
120.45,127.929699,37.955931,6663.1218528,119.606,79.776,52.902,0.8679020888729352
120.4666,127.929695,37.955936,6665.635538400001,120.248,79.696,53.551,0.8679020888729352
120.4833,127.929692,37.955941,6668.148614400001,120.88,79.615,54.188,0.8679020888729352
120.5,127.929689,37.955946,6670.660776,121.502,79.532,54.815,0.8679020888729352
120.5166,127.929686,37.955951,6673.172328000001,122.115,79.448,55.431,0.8679020888729352
120.5333,127.929682,37.955956,6675.682965600001,122.717,79.362,56.037,0.8679020888729352
120.55,127.929679,37.955961,6678.1929936,123.311,79.275,56.632,0.8679020888729352
120.5666,127.929676,37.955966,6680.7021072,123.894,79.187,57.217,0.8679020888729352
120.5833,127.929673,37.955971,6683.210611200001,124.468,79.097,57.791,0.8679020888729352
120.6,127.92967,37.955975,6685.718200800001,125.032,79.007,58.355,0.8679020888729352
120.6166,127.929668,37.95598,6688.224876,125.587,78.915,58.909,0.8679020888729352
120.6333,127.929665,37.955985,6690.730941600001,126.133,78.822,59.453,0.8679020888729352
120.65,127.929662,37.95599,6693.235788000001,126.67,78.727,59.986,0.8679020888729352
120.6666,127.92966,37.955994,6695.740024800001,127.197,78.632,60.511,0.8679020888729352
120.6833,127.929657,37.955999,6698.243347200001,127.715,78.535,61.025,0.8679020888729352
120.7,127.929655,37.956004,6700.745450400001,128.225,78.438,61.53,0.8679020888729352
120.7166,127.929652,37.956008,6703.2469439999995,128.725,78.339,62.025,0.8679020888729352
120.7333,127.92965,37.956013,6705.747523200001,129.217,78.239,62.511,0.8679020888729352
120.75,127.929648,37.956018,6708.2468832,129.7,78.138,62.987,0.8679020888729352
120.7666,127.929645,37.956022,6710.745328800001,130.174,78.036,63.455,0.8679020888729352
120.7833,127.929643,37.956027,6713.24286,130.64,77.933,63.913,0.8679020888729352
120.8,127.929641,37.956031,6715.7394768,131.098,77.83,64.362,0.8679020888729352
120.8166,127.929639,37.956036,6718.234874400001,131.547,77.725,64.803,0.8679020888729352
120.8333,127.929637,37.956041,6720.7293576,131.988,77.619,65.235,0.8679020888729352
120.85,127.929635,37.956045,6723.2226216,132.421,77.512,65.658,0.8679020888729352
120.8666,127.929634,37.95605,6725.7149712,132.846,77.405,66.073,0.8679020888729352
120.8833,127.929632,37.956054,6728.206101600001,133.263,77.296,66.48,0.8679020888729352
120.9,127.92963,37.956058,6730.6963176,133.673,77.187,66.878,0.8679020888729352
120.9166,127.929629,37.956063,6733.185314400001,134.075,77.076,67.269,0.8679020888729352
120.9333,127.929627,37.956067,6735.673092000001,134.469,76.965,67.651,0.8679020888729352
120.95,127.929626,37.956072,6738.159650400001,134.856,76.853,68.026,0.8679020888729352
120.9666,127.929624,37.956076,6740.6452944,135.236,76.74,68.393,0.8679020888729352
120.9833,127.929623,37.95608,6743.1294144,135.609,76.626,68.752,0.8679020888729352
121.0,127.929622,37.956085,6745.612620000001,135.975,76.512,69.104,0.8679020888729352
121.0166,127.929621,37.956089,6748.094606400001,136.334,76.396,69.449,0.8679020888729352
121.0333,127.92962,37.956093,6750.575068800001,136.687,76.28,69.786,0.8679020888729352
121.05,127.929619,37.956098,6753.0546168,137.033,76.163,70.116,0.8679020888729352
121.0666,127.929618,37.956102,6755.5326408,137.373,76.045,70.44,0.8679020888729352
121.0833,127.929617,37.956106,6758.0097504000005,137.707,75.927,70.756,0.8679020888729352
121.1,127.929616,37.95611,6760.485336000001,138.035,75.807,71.066,0.8679020888729352
121.1166,127.929615,37.956114,6762.959397600001,138.357,75.687,71.37,0.8679020888729352
121.1333,127.929614,37.956119,6765.4325448,138.673,75.567,71.667,0.8679020888729352
121.15,127.929614,37.956123,6767.904168,138.984,75.445,71.958,0.8679020888729352
121.1666,127.929613,37.956127,6770.3742672,139.289,75.323,72.243,0.8679020888729352
121.1833,127.929613,37.956131,6772.843147200001,139.588,75.2,72.521,0.8679020888729352
121.2,127.929612,37.956135,6775.310808,139.882,75.077,72.794,0.8679020888729352
121.2166,127.929612,37.956139,6777.7769448,140.171,74.953,73.062,0.8679020888729352
121.2333,127.929612,37.956143,6780.2415576,140.455,74.829,73.323,0.8679020888729352
121.25,127.929612,37.956147,6782.7046464000005,140.733,74.703,73.58,0.8679020888729352
121.2666,127.929611,37.956151,6785.166516,141.006,74.578,73.831,0.8679020888729352
121.2833,127.929611,37.956155,6787.6268616,141.274,74.452,74.077,0.8679020888729352
121.3,127.929611,37.956159,6790.085683200001,141.537,74.325,74.319,0.8679020888729352
121.3166,127.929611,37.956163,6792.5429808,141.795,74.198,74.555,0.8679020888729352
121.3333,127.929611,37.956167,6794.9987544000005,142.048,74.07,74.787,0.8679020888729352
121.35,127.929612,37.956171,6797.453004,142.297,73.942,75.015,0.8679020888729352
121.3666,127.929612,37.956175,6799.9057296,142.541,73.814,75.238,0.8679020888729352
121.3833,127.929612,37.956179,6802.3569312,142.78,73.685,75.458,0.8679020888729352
121.4,127.929613,37.956183,6804.8066088000005,143.016,73.556,75.673,0.8679020888729352
121.4166,127.929613,37.956186,6807.2544576,143.247,73.427,75.884,0.8679020888729352
121.4333,127.929614,37.95619,6809.7007824,143.476,73.297,76.093,0.8679020888729352
121.45,127.929614,37.956194,6812.145583200001,143.703,73.167,76.3,0.8679020888729352
121.4666,127.929615,37.956198,6814.588860000001,143.928,73.037,76.504,0.8679020888729352
121.4833,127.929616,37.956202,6817.030308,144.151,72.907,76.706,0.8679020888729352
121.5,127.929616,37.956205,6819.469927200001,144.373,72.777,76.906,0.8679020888729352
121.5166,127.929617,37.956209,6821.9080224,144.592,72.647,77.104,0.8679020888729352
121.5333,127.929618,37.956213,6824.3442888,144.812,72.517,77.301,0.8679020888729352
121.55,127.929619,37.956216,6826.779031200001,145.033,72.388,77.499,0.8679020888729352
121.5666,127.92962,37.95622,6829.21164,145.255,72.259,77.696,0.8679020888729352
121.5833,127.929622,37.956224,6831.642724800001,145.477,72.13,77.893,0.8679020888729352
121.6,127.929623,37.956227,6834.0719808,145.7,72.002,78.09,0.8679020888729352
121.6166,127.929624,37.956231,6836.4997128,145.923,71.873,78.287,0.8679020888729352
121.6333,127.929625,37.956235,6838.925311200001,146.146,71.746,78.485,0.8679020888729352
121.65,127.929627,37.956238,6841.3490808,146.37,71.618,78.682,0.8679020888729352
121.6666,127.929628,37.956242,6843.7713264,146.594,71.491,78.881,0.8679020888729352
121.6833,127.92963,37.956245,6846.191438400001,146.819,71.364,79.079,0.8679020888729352
121.7,127.929631,37.956249,6848.6097216,147.043,71.238,79.277,0.8679020888729352
121.7166,127.929633,37.956252,6851.026176,147.268,71.112,79.476,0.8679020888729352
121.7333,127.929635,37.956256,6853.440496800001,147.492,70.986,79.675,0.8679020888729352
121.75,127.929637,37.956259,6855.8529888,147.716,70.86,79.875,0.8679020888729352
121.7666,127.929639,37.956263,6858.263652000001,147.939,70.735,80.075,0.8679020888729352
121.7833,127.929641,37.956266,6860.672486400001,148.161,70.61,80.275,0.8679020888729352
121.8,127.929643,37.956269,6863.079187200001,148.383,70.485,80.476,0.8679020888729352
121.8166,127.929645,37.956273,6865.4837544,148.604,70.36,80.676,0.8679020888729352
121.8333,127.929647,37.956276,6867.886492800001,148.823,70.236,80.877,0.8679020888729352
121.85,127.929649,37.95628,6870.2874024,149.041,70.112,81.079,0.8679020888729352
121.8666,127.929651,37.956283,6872.6861784,149.258,69.988,81.281,0.8679020888729352
121.8833,127.929654,37.956286,6875.0828208,149.473,69.864,81.483,0.8679020888729352
121.9,127.929656,37.95629,6877.477329599999,149.686,69.741,81.685,0.8679020888729352
121.9166,127.929659,37.956293,6879.8700096,149.898,69.617,81.887,0.8679020888729352
121.9333,127.929661,37.956296,6882.2602512,150.107,69.494,82.09,0.8679020888729352
121.95,127.929664,37.956299,6884.648664,150.313,69.371,82.293,0.8679020888729352
121.9666,127.929667,37.956303,6887.034943199999,150.518,69.248,82.496,0.8679020888729352
121.9833,127.929669,37.956306,6889.4190888,150.719,69.125,82.699,0.8679020888729352
122.0,127.929672,37.956309,6891.8011008,150.918,69.003,82.903,0.8679020888729352
122.0166,127.929675,37.956312,6894.1806744000005,151.114,68.88,83.106,0.8679020888729352
122.0333,127.929678,37.956315,6896.558419200001,151.307,68.758,83.31,0.8679020888729352
122.05,127.929681,37.956318,6898.9337256,151.496,68.635,83.514,0.8679020888729352
122.0666,127.929684,37.956322,6901.3072032,151.682,68.513,83.718,0.8679020888729352
122.0833,127.929687,37.956325,6903.6782424,151.865,68.39,83.922,0.8679020888729352
122.1,127.929691,37.956328,6906.047148,152.043,68.268,84.126,0.8679020888729352
122.1166,127.929694,37.956331,6908.413615200001,152.219,68.146,84.329,0.8679020888729352
122.1333,127.929697,37.956334,6910.7779488,152.39,68.024,84.533,0.8679020888729352
122.15,127.929701,37.956337,6913.1401488,152.558,67.901,84.737,0.8679020888729352
122.1666,127.929704,37.95634,6915.499910400001,152.722,67.779,84.941,0.8679020888729352
122.1833,127.929708,37.956343,6917.857233600001,152.883,67.657,85.144,0.8679020888729352
122.2,127.929711,37.956346,6920.212423200001,153.039,67.534,85.348,0.8679020888729352
122.2166,127.929715,37.956349,6922.5654792000005,153.191,67.412,85.551,0.8679020888729352
122.2333,127.929719,37.956352,6924.915792000001,153.34,67.289,85.753,0.8679020888729352
122.25,127.929723,37.956355,6927.2639712,153.485,67.167,85.956,0.8679020888729352
122.2666,127.929727,37.956358,6929.6100168,153.625,67.044,86.158,0.8679020888729352
122.2833,127.929731,37.95636,6931.953319200001,153.761,66.921,86.36,0.8679020888729352
122.3,127.929735,37.956363,6934.2944880000005,153.894,66.798,86.561,0.8679020888729352
122.3166,127.929739,37.956366,6936.6332184,154.022,66.675,86.762,0.8679020888729352
122.3333,127.929743,37.956369,6938.9695104,154.147,66.552,86.962,0.8679020888729352
122.35,127.929747,37.956372,6941.303364,154.268,66.429,87.161,0.8679020888729352
122.3666,127.929751,37.956374,6943.634779200001,154.386,66.306,87.36,0.8679020888729352
122.3833,127.929756,37.956377,6945.963756000001,154.501,66.182,87.558,0.8679020888729352
122.4,127.92976,37.95638,6948.2902944,154.612,66.058,87.756,0.8679020888729352
122.4166,127.929765,37.956383,6950.6143944000005,154.719,65.934,87.952,0.8679020888729352
122.4333,127.929769,37.956385,6952.9360560000005,154.824,65.81,88.148,0.8679020888729352
122.45,127.929774,37.956388,6955.255279200001,154.926,65.686,88.343,0.8679020888729352
122.4666,127.929778,37.956391,6957.572064000001,155.026,65.562,88.536,0.8679020888729352
122.4833,127.929783,37.956393,6959.8864104,155.123,65.437,88.729,0.8679020888729352
122.5,127.929788,37.956396,6962.1983184,155.218,65.312,88.92,0.8679020888729352
122.5166,127.929793,37.956399,6964.507788000001,155.31,65.187,89.111,0.8679020888729352
122.5333,127.929797,37.956401,6966.814514400001,155.4,65.062,89.3,0.8679020888729352
122.55,127.929802,37.956404,6969.1191072,155.489,64.937,89.487,0.8679020888729352
122.5666,127.929807,37.956406,6971.420956800001,155.576,64.811,89.673,0.8679020888729352
122.5833,127.929812,37.956409,6973.720368,155.661,64.685,89.858,0.8679020888729352
122.6,127.929818,37.956411,6976.0173408,155.744,64.559,90.041,0.8679020888729352
122.6166,127.929823,37.956414,6978.311570400001,155.825,64.433,90.223,0.8679020888729352
122.6333,127.929828,37.956416,6980.6036664,155.905,64.306,90.402,0.8679020888729352
122.65,127.929833,37.956419,6982.893019200001,155.983,64.18,90.58,0.8679020888729352
122.6666,127.929839,37.956421,6985.1799336,156.06,64.053,90.756,0.8679020888729352
122.6833,127.929844,37.956424,6987.4641048,156.136,63.926,90.93,0.8679020888729352
122.7,127.92985,37.956426,6989.7458376,156.211,63.798,91.103,0.8679020888729352
122.7166,127.929855,37.956429,6992.025132000001,156.283,63.671,91.273,0.8679020888729352
122.7333,127.929861,37.956431,6994.301988000001,156.354,63.543,91.441,0.8679020888729352
122.75,127.929866,37.956433,6996.576100800001,156.422,63.415,91.606,0.8679020888729352
122.7666,127.929872,37.956436,6998.8477752,156.487,63.286,91.769,0.8679020888729352
122.7833,127.929878,37.956438,7001.116706400001,156.551,63.158,91.929,0.8679020888729352
122.8,127.929884,37.95644,7003.3831992000005,156.612,63.029,92.087,0.8679020888729352
122.8166,127.92989,37.956442,7005.6469488,156.67,62.9,92.242,0.8679020888729352
122.8333,127.929895,37.956445,7007.90826,156.725,62.77,92.393,0.8679020888729352
122.85,127.929901,37.956447,7010.166828,156.777,62.639,92.54,0.8679020888729352
122.8666,127.929908,37.956449,7012.4229576,156.825,62.508,92.683,0.8679020888729352
122.8833,127.929914,37.956451,7014.6766488,156.869,62.377,92.822,0.8679020888729352
122.9,127.92992,37.956453,7016.927596800001,156.911,62.245,92.957,0.8679020888729352
122.9166,127.929926,37.956456,7019.1758016,156.95,62.112,93.089,0.8679020888729352
122.9333,127.929932,37.956458,7021.421568000001,156.998,61.981,93.212,0.8679020888729352
122.95,127.929939,37.95646,7023.664896,157.053,61.855,93.325,0.8679020888729352
122.9666,127.929945,37.956462,7025.9057856,157.114,61.736,93.425,0.8679020888729352
122.9833,127.929951,37.956464,7028.144541600001,157.179,61.626,93.511,0.8679020888729352
123.0,127.929958,37.956466,7030.380554400001,157.247,61.527,93.582,0.8679020888729352
123.0166,127.929964,37.956468,7032.614433600001,157.317,61.441,93.637,0.8679020888729352
123.0333,127.929971,37.95647,7034.846179200001,157.391,61.367,93.678,0.8679020888729352
123.05,127.929977,37.956472,7037.075791200001,157.47,61.304,93.705,0.8679020888729352
123.0666,127.929984,37.956474,7039.302964800001,157.555,61.252,93.721,0.8679020888729352
123.0833,127.929991,37.956476,7041.5280048,157.646,61.21,93.724,0.8679020888729352
123.1,127.929997,37.956478,7043.750911200001,157.743,61.177,93.717,0.8679020888729352
123.1166,127.930004,37.95648,7045.971684000001,157.847,61.153,93.7,0.8679020888729352
123.1333,127.930011,37.956482,7048.1903232,157.96,61.138,93.675,0.8679020888729352
123.15,127.930018,37.956484,7050.406828800001,158.083,61.13,93.642,0.8679020888729352
123.1666,127.930024,37.956486,7052.6212008,158.215,61.129,93.601,0.8679020888729352
123.1833,127.930031,37.956488,7054.8334392,158.357,61.136,93.554,0.8679020888729352
123.2,127.930038,37.95649,7057.043544,158.508,61.148,93.5,0.8679020888729352
123.2166,127.930045,37.956492,7059.2515152000005,158.668,61.167,93.44,0.8679020888729352
123.2333,127.930052,37.956493,7061.4576576,158.839,61.191,93.375,0.8679020888729352
123.25,127.930059,37.956495,7063.6619712,159.02,61.221,93.305,0.8679020888729352
123.2666,127.930066,37.956497,7065.8638464000005,159.211,61.256,93.231,0.8679020888729352
123.2833,127.930073,37.956499,7068.063892800001,159.412,61.295,93.152,0.8679020888729352
123.3,127.930081,37.956501,7070.262110400001,159.622,61.338,93.069,0.8679020888729352
123.3166,127.930088,37.956503,7072.4584992,159.842,61.386,92.982,0.8679020888729352
123.3333,127.930095,37.956504,7074.6527544,160.069,61.437,92.89,0.8679020888729352
123.35,127.930102,37.956506,7076.8451808,160.304,61.492,92.794,0.8679020888729352
123.3666,127.93011,37.956508,7079.035778400001,160.546,61.55,92.694,0.8679020888729352
123.3833,127.930117,37.95651,7081.224242400001,160.796,61.611,92.59,0.8679020888729352
123.4,127.930124,37.956512,7083.4111824,161.052,61.674,92.482,0.8679020888729352
123.4166,127.930132,37.956513,7085.5959888,161.315,61.74,92.371,0.8679020888729352
123.4333,127.930139,37.956515,7087.7792712,161.582,61.809,92.255,0.8679020888729352
123.45,127.930146,37.956517,7089.960724800001,161.855,61.879,92.134,0.8679020888729352
123.4666,127.930154,37.956519,7092.1403496,162.131,61.952,92.009,0.8679020888729352
123.4833,127.930162,37.95652,7094.3181456,162.412,62.026,91.88,0.8679020888729352
123.5,127.930169,37.956522,7096.4944176,162.698,62.102,91.747,0.8679020888729352
123.5166,127.930177,37.956524,7098.6688608,162.988,62.179,91.61,0.8679020888729352
123.5333,127.930184,37.956525,7100.84178,163.282,62.258,91.47,0.8679020888729352
123.55,127.930192,37.956527,7103.012870400001,163.579,62.338,91.325,0.8679020888729352
123.5666,127.9302,37.956529,7105.182436800001,163.881,62.419,91.177,0.8679020888729352
123.5833,127.930207,37.956531,7107.350479200001,164.187,62.502,91.026,0.8679020888729352
123.6,127.930215,37.956532,7109.516997600001,164.497,62.585,90.871,0.8679020888729352
123.6166,127.930223,37.956534,7111.681687200001,164.81,62.669,90.713,0.8679020888729352
123.6333,127.930231,37.956536,7113.8448528,165.128,62.754,90.551,0.8679020888729352
123.65,127.930238,37.956537,7116.0064944000005,165.45,62.84,90.387,0.8679020888729352
123.6666,127.930246,37.956539,7118.1669168,165.775,62.927,90.22,0.8679020888729352
123.6833,127.930254,37.956541,7120.325510400001,166.105,63.014,90.05,0.8679020888729352
123.7,127.930262,37.956542,7122.4828848,166.439,63.101,89.877,0.8679020888729352
123.7166,127.93027,37.956544,7124.6387352,166.778,63.19,89.702,0.8679020888729352
123.7333,127.930278,37.956546,7126.7933664,167.12,63.278,89.524,0.8679020888729352
123.75,127.930286,37.956547,7128.9461688,167.468,63.367,89.343,0.8679020888729352
123.7666,127.930294,37.956549,7131.098056800001,167.819,63.456,89.161,0.8679020888729352
123.7833,127.930302,37.95655,7133.248116,168.176,63.546,88.976,0.8679020888729352
123.8,127.93031,37.956552,7135.3972608,168.537,63.635,88.79,0.8679020888729352
123.8166,127.930318,37.956554,7137.5445768,168.904,63.725,88.602,0.8679020888729352
123.8333,127.930326,37.956555,7139.690978400001,169.265,63.814,88.413,0.8679020888729352
123.85,127.930334,37.956557,7141.835551200001,169.619,63.904,88.225,0.8679020888729352
123.8666,127.930342,37.956559,7143.9789048,169.967,63.993,88.037,0.8679020888729352
123.8833,127.93035,37.95656,7146.1204296,170.309,64.083,87.849,0.8679020888729352
123.9,127.930358,37.956562,7148.2607352,170.646,64.172,87.661,0.8679020888729352
123.9166,127.930367,37.956563,7150.3989071999995,170.978,64.261,87.474,0.8679020888729352
123.9333,127.930375,37.956565,7152.536164800001,171.308,64.349,87.286,0.8679020888729352
123.95,127.930383,37.956567,7154.6718984,171.638,64.438,87.098,0.8679020888729352
123.9666,127.930391,37.956568,7156.8064128000005,171.967,64.525,86.909,0.8679020888729352
123.9833,127.9304,37.95657,7158.9394032,172.295,64.613,86.721,0.8679020888729352
124.0,127.930408,37.956571,7161.070869600001,172.624,64.7,86.533,0.8679020888729352
124.0166,127.930416,37.956573,7163.2014216,172.953,64.786,86.345,0.8679020888729352
124.0333,127.930425,37.956575,7165.3307544,173.286,64.871,86.157,0.8679020888729352
124.05,127.930433,37.956576,7167.458868000001,173.622,64.956,85.969,0.8679020888729352
124.0666,127.930442,37.956578,7169.5857624,173.964,65.041,85.781,0.8679020888729352
124.0833,127.93045,37.956579,7171.711742400001,174.31,65.124,85.593,0.8679020888729352
124.1,127.930458,37.956581,7173.8361984,174.66,65.207,85.405,0.8679020888729352
124.1166,127.930467,37.956583,7175.9600448,175.016,65.29,85.218,0.8679020888729352
124.1333,127.930475,37.956584,7178.0826720000005,175.38,65.371,85.031,0.8679020888729352
124.15,127.930484,37.956586,7180.2046896,175.752,65.452,84.844,0.8679020888729352
124.1666,127.930492,37.956587,7182.325488,176.133,65.533,84.658,0.8679020888729352
124.1833,127.930501,37.956589,7184.445372,176.523,65.612,84.472,0.8679020888729352
124.2,127.930509,37.956591,7186.564646400001,176.922,65.691,84.286,0.8679020888729352
124.2166,127.930518,37.956592,7188.682701600001,177.329,65.769,84.101,0.8679020888729352
124.2333,127.930526,37.956594,7190.8001472000005,177.746,65.847,83.917,0.8679020888729352
124.25,127.930535,37.956595,7192.916983200001,178.174,65.924,83.734,0.8679020888729352
124.2666,127.930544,37.956597,7195.0329048,178.612,66.0,83.551,0.8679020888729352
124.2833,127.930552,37.956598,7197.147912,179.062,66.075,83.369,0.8679020888729352
124.3,127.930561,37.9566,7199.262309600001,179.521,66.15,83.188,0.8679020888729352
124.3166,127.930569,37.956602,7201.3757928,179.992,66.224,83.008,0.8679020888729352
124.3333,127.930578,37.956603,7203.4886664,-179.526,66.298,82.829,0.8679020888729352
124.35,127.930587,37.956605,7205.6006256,-179.033,66.371,82.651,0.8679020888729352
124.3666,127.930595,37.956606,7207.7119752,-178.53,66.444,82.475,0.8679020888729352
124.3833,127.930604,37.956608,7209.822715200001,-178.016,66.516,82.3,0.8679020888729352
124.4,127.930612,37.95661,7211.9328456,-177.491,66.587,82.127,0.8679020888729352
124.4166,127.930621,37.956611,7214.0420616,-176.956,66.658,81.956,0.8679020888729352
124.4333,127.93063,37.956613,7216.150668,-176.409,66.729,81.786,0.8679020888729352
124.45,127.930638,37.956614,7218.258664800001,-175.851,66.799,81.618,0.8679020888729352
124.4666,127.930647,37.956616,7220.366052000001,-175.283,66.868,81.452,0.8679020888729352
124.4833,127.930656,37.956618,7222.472829599999,-174.703,66.937,81.287,0.8679020888729352
124.5,127.930664,37.956619,7224.578692800001,-174.113,67.006,81.125,0.8679020888729352
124.5166,127.930673,37.956621,7226.6842512,-173.511,67.074,80.965,0.8679020888729352
124.5333,127.930682,37.956622,7228.7888952,-172.899,67.142,80.807,0.8679020888729352
124.55,127.930691,37.956624,7230.8932343999995,-172.275,67.209,80.652,0.8679020888729352
124.5666,127.930699,37.956626,7232.996964000001,-171.641,67.276,80.498,0.8679020888729352
124.5833,127.930708,37.956627,7235.099779200001,-170.996,67.342,80.348,0.8679020888729352
124.6,127.930717,37.956629,7237.2022896,-170.34,67.409,80.199,0.8679020888729352
124.6166,127.930725,37.95663,7239.3041904,-169.673,67.474,80.054,0.8679020888729352
124.6333,127.930734,37.956632,7241.405481600001,-168.995,67.54,79.911,0.8679020888729352
124.65,127.930743,37.956634,7243.5064680000005,-168.306,67.605,79.77,0.8679020888729352
124.6666,127.930752,37.956635,7245.60654,-167.606,67.67,79.633,0.8679020888729352
124.6833,127.93076,37.956637,7247.7063072,-166.896,67.734,79.498,0.8679020888729352
124.7,127.930769,37.956638,7249.805464800001,-166.175,67.798,79.366,0.8679020888729352
124.7166,127.930778,37.95664,7251.9043176000005,-165.443,67.862,79.237,0.8679020888729352
124.7333,127.930787,37.956641,7254.002256000001,-164.7,67.925,79.111,0.8679020888729352
124.75,127.930795,37.956643,7256.0998896,-163.947,67.988,78.988,0.8679020888729352
124.7666,127.930804,37.956645,7258.197218400001,-163.183,68.051,78.869,0.8679020888729352
124.7833,127.930813,37.956646,7260.2939376,-162.408,68.113,78.752,0.8679020888729352
124.8,127.930822,37.956648,7262.3900472000005,-161.623,68.175,78.639,0.8679020888729352
124.8166,127.93083,37.956649,7264.485547200001,-160.827,68.237,78.529,0.8679020888729352
124.8333,127.930839,37.956651,7266.5807424,-160.02,68.299,78.423,0.8679020888729352
124.85,127.930848,37.956653,7268.675632800001,-159.203,68.36,78.32,0.8679020888729352
124.8666,127.930857,37.956654,7270.7699136,-158.376,68.42,78.22,0.8679020888729352
124.8833,127.930866,37.956656,7272.8635848,-157.538,68.481,78.124,0.8679020888729352
124.9,127.930874,37.956657,7274.956951200001,-156.69,68.541,78.032,0.8679020888729352
124.9166,127.930883,37.956659,7277.0497080000005,-155.831,68.601,77.943,0.8679020888729352
124.9333,127.930892,37.95666,7279.14216,-154.962,68.66,77.858,0.8679020888729352
124.95,127.930901,37.956662,7281.2343072,-154.083,68.719,77.777,0.8679020888729352
124.9666,127.93091,37.956664,7283.325844800001,-153.194,68.778,77.699,0.8679020888729352
124.9833,127.930918,37.956665,7285.4167728,-152.294,68.836,77.625,0.8679020888729352
125.0,127.930927,37.956667,7287.507396000001,-151.384,68.894,77.555,0.8679020888729352
125.0166,127.930936,37.956668,7289.597714400001,-150.465,68.952,77.489,0.8679020888729352
125.0333,127.930945,37.95667,7291.687423200001,-149.535,69.009,77.427,0.8679020888729352
125.05,127.930954,37.956671,7293.7768272,-148.595,69.065,77.369,0.8679020888729352
125.0666,127.930962,37.956673,7295.8656216,-147.645,69.122,77.315,0.8679020888729352
125.0833,127.930971,37.956674,7297.954111200001,-146.685,69.177,77.265,0.8679020888729352
125.1,127.93098,37.956676,7300.0422960000005,-145.716,69.233,77.219,0.8679020888729352
125.1166,127.930989,37.956677,7302.1298712,-144.737,69.287,77.177,0.8679020888729352
125.1333,127.930998,37.956679,7304.2168368,-143.748,69.342,77.14,0.8679020888729352
125.15,127.931007,37.95668,7306.303497600001,-142.749,69.396,77.106,0.8679020888729352
125.1666,127.931015,37.956682,7308.3898536,-141.741,69.449,77.076,0.8679020888729352
125.1833,127.931024,37.956683,7310.4759048000005,-140.723,69.502,77.051,0.8679020888729352
125.2,127.931033,37.956685,7312.561041600001,-139.696,69.554,77.03,0.8679020888729352
125.2166,127.931042,37.956686,7314.6461784,-138.659,69.605,77.013,0.8679020888729352
125.2333,127.931051,37.956688,7316.730705600001,-137.613,69.656,77.0,0.8679020888729352
125.25,127.93106,37.956689,7318.814623200001,-136.558,69.707,76.992,0.8679020888729352
125.2666,127.931068,37.956691,7320.898540800001,-135.493,69.756,76.987,0.8679020888729352
125.2833,127.931077,37.956692,7322.981544,-134.419,69.805,76.987,0.8679020888729352
125.3,127.931086,37.956694,7325.064242400001,-133.336,69.854,76.991,0.8679020888729352
125.3166,127.931095,37.956695,7327.146636,-132.244,69.902,76.999,0.8679020888729352
125.3333,127.931104,37.956697,7329.22842,-131.142,69.949,77.012,0.8679020888729352
125.35,127.931113,37.956698,7331.3098992000005,-130.032,69.995,77.029,0.8679020888729352
125.3666,127.931122,37.9567,7333.390768800001,-128.913,70.04,77.05,0.8679020888729352
125.3833,127.93113,37.956701,7335.4713336,-127.785,70.085,77.075,0.8679020888729352
125.4,127.931139,37.956703,7337.5512888,-126.648,70.129,77.104,0.8679020888729352
125.4166,127.931148,37.956704,7339.6306343999995,-125.502,70.172,77.137,0.8679020888729352
125.4333,127.931157,37.956706,7341.7096752,-124.348,70.215,77.175,0.8679020888729352
125.45,127.931166,37.956707,7343.788106400001,-123.185,70.256,77.216,0.8679020888729352
125.4666,127.931175,37.956708,7345.866232800001,-122.014,70.296,77.262,0.8679020888729352
125.4833,127.931184,37.95671,7347.9437496,-120.834,70.336,77.311,0.8679020888729352
125.5,127.931193,37.956711,7350.020656800001,-119.646,70.374,77.365,0.8679020888729352
125.5166,127.931201,37.956713,7352.097259200001,-118.45,70.412,77.422,0.8679020888729352
125.5333,127.93121,37.956714,7354.1732520000005,-117.252,70.447,77.478,0.8679020888729352
125.55,127.931219,37.956715,7356.2486352000005,-116.051,70.481,77.53,0.8679020888729352
125.5666,127.931228,37.956717,7358.323713600001,-114.849,70.512,77.581,0.8679020888729352
125.5833,127.931237,37.956718,7360.3978776,-113.644,70.541,77.629,0.8679020888729352
125.6,127.931246,37.95672,7362.4717368,-112.437,70.569,77.676,0.8679020888729352
125.6166,127.931255,37.956721,7364.5449864,-111.228,70.595,77.721,0.8679020888729352
125.6333,127.931264,37.956722,7366.6176264000005,-110.023,70.618,77.756,0.8679020888729352
125.65,127.931273,37.956724,7368.689656800001,-108.825,70.639,77.78,0.8679020888729352
125.6666,127.931282,37.956725,7370.761382400001,-107.634,70.657,77.793,0.8679020888729352
125.6833,127.931291,37.956726,7372.8321936,-106.449,70.673,77.795,0.8679020888729352
125.7,127.9313,37.956728,7374.902395200001,-105.27,70.686,77.788,0.8679020888729352
125.7166,127.931309,37.956729,7376.9719872000005,-104.096,70.698,77.77,0.8679020888729352
125.7333,127.931318,37.95673,7379.040969600001,-102.936,70.707,77.735,0.8679020888729352
125.75,127.931327,37.956732,7381.109342400001,-101.79,70.714,77.681,0.8679020888729352
125.7666,127.931336,37.956733,7383.177105600001,-100.658,70.719,77.609,0.8679020888729352
125.7833,127.931345,37.956734,7385.2439544,-99.539,70.722,77.52,0.8679020888729352
125.8,127.931354,37.956736,7387.3104984,-98.432,70.724,77.414,0.8679020888729352
125.8166,127.931363,37.956737,7389.376128000001,-97.336,70.724,77.293,0.8679020888729352
125.8333,127.931372,37.956738,7391.441148,-96.259,70.723,77.15,0.8679020888729352
125.85,127.931381,37.956739,7393.5055584,-95.202,70.721,76.982,0.8679020888729352
125.8666,127.93139,37.956741,7395.5690544,-94.162,70.717,76.791,0.8679020888729352
125.8833,127.931399,37.956742,7397.6319408,-93.14,70.714,76.58,0.8679020888729352
125.9,127.931408,37.956743,7399.6942176,-92.134,70.709,76.349,0.8679020888729352
125.9166,127.931417,37.956745,7401.75558,-91.142,70.705,76.099,0.8679020888729352
125.9333,127.931426,37.956746,7403.816332800001,-90.172,70.7,75.824,0.8679020888729352
125.95,127.931435,37.956747,7405.876476,-89.224,70.696,75.523,0.8679020888729352
125.9666,127.931444,37.956749,7407.9357048,-88.297,70.691,75.197,0.8679020888729352
125.9833,127.931453,37.95675,7409.9940192,-87.388,70.688,74.848,0.8679020888729352
126.0,127.931462,37.956751,7412.052028800001,-86.497,70.685,74.478,0.8679020888729352
126.0166,127.931471,37.956752,7414.1091240000005,-85.623,70.684,74.089,0.8679020888729352
126.0333,127.931481,37.956754,7416.165304800001,-84.771,70.683,73.674,0.8679020888729352
126.05,127.93149,37.956755,7418.220876,-83.941,70.684,73.234,0.8679020888729352
126.0666,127.931499,37.956756,7420.2755328,-83.132,70.687,72.769,0.8679020888729352
126.0833,127.931508,37.956758,7422.32958,-82.344,70.692,72.281,0.8679020888729352
126.1,127.931517,37.956759,7424.3827128,-81.573,70.698,71.772,0.8679020888729352
126.1166,127.931526,37.95676,7426.4355408,-80.819,70.706,71.245,0.8679020888729352
126.1333,127.931535,37.956762,7428.4871496000005,-80.097,70.717,70.692,0.8679020888729352
126.15,127.931545,37.956763,7430.5381488,-79.408,70.729,70.114,0.8679020888729352
126.1666,127.931554,37.956764,7432.5882336,-78.749,70.743,69.512,0.8679020888729352
126.1833,127.931563,37.956766,7434.6377088,-78.12,70.76,68.889,0.8679020888729352
126.2,127.931572,37.956767,7436.686574400001,-77.518,70.779,68.246,0.8679020888729352
126.2166,127.931581,37.956768,7438.7345256,-76.942,70.801,67.584,0.8679020888729352
126.2333,127.93159,37.95677,7440.7815624,-76.407,70.824,66.898,0.8679020888729352
126.25,127.931599,37.956771,7442.8279896,-75.912,70.851,66.189,0.8679020888729352
126.2666,127.931608,37.956773,7444.8738072,-75.457,70.879,65.457,0.8679020888729352
126.2833,127.931618,37.956774,7446.918710400001,-75.038,70.91,64.704,0.8679020888729352
126.3,127.931627,37.956776,7448.963004,-74.654,70.943,63.933,0.8679020888729352
126.3166,127.931636,37.956777,7451.006688,-74.304,70.979,63.145,0.8679020888729352
126.3333,127.931645,37.956778,7453.0494576,-73.997,71.016,62.337,0.8679020888729352
126.35,127.931654,37.95678,7455.0916176,-73.732,71.056,61.511,0.8679020888729352
126.3666,127.931663,37.956782,7457.133168,-73.507,71.097,60.668,0.8679020888729352
126.3833,127.931672,37.956783,7459.173804,-73.32,71.14,59.81,0.8679020888729352
126.4,127.931681,37.956785,7461.2141352,-73.169,71.185,58.939,0.8679020888729352
126.4166,127.93169,37.956786,7463.253552000001,-73.052,71.231,58.057,0.8679020888729352
126.4333,127.931699,37.956788,7465.292359200001,-72.973,71.277,57.163,0.8679020888729352
126.45,127.931708,37.956789,7467.3308615999995,-72.932,71.325,56.26,0.8679020888729352
126.4666,127.931717,37.956791,7469.3684496000005,-72.926,71.374,55.349,0.8679020888729352
126.4833,127.931726,37.956793,7471.405428000001,-72.954,71.423,54.431,0.8679020888729352
126.5,127.931735,37.956795,7473.442101600001,-73.013,71.473,53.507,0.8679020888729352
126.5166,127.931744,37.956796,7475.477860800001,-73.103,71.523,52.579,0.8679020888729352
126.5333,127.931753,37.956798,7477.513315200001,-73.217,71.573,51.647,0.8679020888729352
126.55,127.931762,37.9568,7479.54816,-73.352,71.625,50.713,0.8679020888729352
126.5666,127.93177,37.956802,7481.5820904,-73.509,71.676,49.778,0.8679020888729352
126.5833,127.931779,37.956803,7483.615716,-73.685,71.729,48.841,0.8679020888729352
126.6,127.931788,37.956805,7485.6490368,-73.88,71.781,47.905,0.8679020888729352
126.6166,127.931797,37.956807,7487.6814432,-74.093,71.834,46.97,0.8679020888729352
126.6333,127.931806,37.956809,7489.7135448,-74.33,71.886,46.036,0.8679020888729352
126.65,127.931814,37.956811,7491.745036800001,-74.59,71.938,45.104,0.8679020888729352
126.6666,127.931823,37.956813,7493.776224000001,-74.871,71.99,44.174,0.8679020888729352
126.6833,127.931832,37.956815,7495.806496800001,-75.174,72.041,43.248,0.8679020888729352
126.7,127.93184,37.956816,7497.8367696000005,-75.496,72.092,42.325,0.8679020888729352
126.7166,127.931849,37.956818,7499.866128000001,-75.838,72.143,41.406,0.8679020888729352
126.7333,127.931857,37.95682,7501.8951816,-76.203,72.193,40.491,0.8679020888729352
126.75,127.931866,37.956822,7503.9236256,-76.59,72.243,39.58,0.8679020888729352
126.7666,127.931874,37.956824,7505.951764800001,-76.997,72.291,38.674,0.8679020888729352
126.7833,127.931883,37.956827,7507.9792944,-77.426,72.34,37.772,0.8679020888729352
126.8,127.931891,37.956829,7510.0065192,-77.874,72.387,36.875,0.8679020888729352
126.8166,127.9319,37.956831,7512.0331344,-78.341,72.434,35.983,0.8679020888729352
126.8333,127.931908,37.956833,7514.05914,-78.828,72.48,35.096,0.8679020888729352
126.85,127.931917,37.956835,7516.0848408,-79.334,72.526,34.215,0.8679020888729352
126.8666,127.931925,37.956837,7518.109932,-79.859,72.57,33.339,0.8679020888729352
126.8833,127.931933,37.956839,7520.134413600001,-80.401,72.614,32.468,0.8679020888729352
126.9,127.931941,37.956841,7522.1585904,-80.96,72.657,31.603,0.8679020888729352
126.9166,127.93195,37.956844,7524.1821576,-81.536,72.699,30.744,0.8679020888729352
126.9333,127.931958,37.956846,7526.2051152,-82.128,72.74,29.891,0.8679020888729352
126.95,127.931966,37.956848,7528.227768000001,-82.735,72.78,29.044,0.8679020888729352
126.9666,127.931974,37.95685,7530.249811200001,-83.356,72.819,28.203,0.8679020888729352
126.9833,127.931982,37.956853,7532.2712448,-83.991,72.857,27.369,0.8679020888729352
127.0,127.93199,37.956855,7534.2923736,-84.64,72.894,26.541,0.8679020888729352
127.0166,127.931998,37.956857,7536.312892800001,-85.3,72.93,25.719,0.8679020888729352
127.0333,127.932006,37.95686,7538.3328024,-85.972,72.965,24.904,0.8679020888729352
127.05,127.932014,37.956862,7540.3521024,-86.655,72.999,24.095,0.8679020888729352
127.0666,127.932022,37.956864,7542.371097600001,-87.349,73.031,23.294,0.8679020888729352
127.0833,127.93203,37.956867,7544.3894832000005,-88.051,73.062,22.499,0.8679020888729352
127.1,127.932038,37.956869,7546.4072592,-88.762,73.092,21.711,0.8679020888729352
127.1166,127.932045,37.956872,7548.4244256,-89.481,73.121,20.931,0.8679020888729352
127.1333,127.932053,37.956874,7550.4409824,-90.208,73.148,20.157,0.8679020888729352
127.15,127.932061,37.956877,7552.4569296,-90.941,73.174,19.391,0.8679020888729352
127.1666,127.932068,37.956879,7554.4722672,-91.679,73.199,18.632,0.8679020888729352
127.1833,127.932076,37.956882,7556.487300000001,-92.423,73.223,17.88,0.8679020888729352
127.2,127.932084,37.956884,7558.5014184,-93.171,73.245,17.136,0.8679020888729352
127.2166,127.932091,37.956887,7560.515232000001,-93.923,73.266,16.4,0.8679020888729352
127.2333,127.932099,37.956889,7562.528131200001,-94.678,73.285,15.671,0.8679020888729352
127.25,127.932106,37.956892,7564.5404208,-95.435,73.303,14.95,0.8679020888729352
127.2666,127.932114,37.956895,7566.5521008000005,-96.193,73.32,14.237,0.8679020888729352
127.2833,127.932121,37.956897,7568.5631712,-96.951,73.335,13.532,0.8679020888729352
127.3,127.932128,37.9569,7570.5736320000005,-97.709,73.349,12.835,0.8679020888729352
127.3166,127.932136,37.956903,7572.583178400001,-98.467,73.361,12.146,0.8679020888729352
127.3333,127.932143,37.956905,7574.592420000001,-99.222,73.372,11.466,0.8679020888729352
127.35,127.93215,37.956908,7576.600442400001,-99.975,73.382,10.794,0.8679020888729352
127.3666,127.932157,37.956911,7578.607855200001,-100.724,73.39,10.13,0.8679020888729352
127.3833,127.932165,37.956914,7580.6146584,-101.47,73.397,9.475,0.8679020888729352
127.4,127.932172,37.956916,7582.620852000001,-102.211,73.402,8.829,0.8679020888729352
127.4166,127.932179,37.956919,7584.6258264,-102.948,73.407,8.191,0.8679020888729352
127.4333,127.932186,37.956922,7586.630496000001,-103.678,73.409,7.562,0.8679020888729352
127.45,127.932193,37.956925,7588.6339464,-104.402,73.411,6.942,0.8679020888729352
127.4666,127.9322,37.956928,7590.636787200001,-105.12,73.411,6.33,0.8679020888729352
127.4833,127.932207,37.956931,7592.6387136,-105.83,73.409,5.727,0.8679020888729352
127.5,127.932214,37.956933,7594.6400304,-106.533,73.407,5.133,0.8679020888729352
127.5166,127.93222,37.956936,7596.640128000001,-107.227,73.403,4.547,0.8679020888729352
127.5333,127.932227,37.956939,7598.6396159999995,-107.912,73.398,3.97,0.8679020888729352
127.55,127.932234,37.956942,7600.6381896,-108.589,73.392,3.402,0.8679020888729352
127.5666,127.932241,37.956945,7602.6358488000005,-109.256,73.384,2.842,0.8679020888729352
127.5833,127.932247,37.956948,7604.6325936,-109.913,73.375,2.291,0.8679020888729352
127.6,127.932254,37.956951,7606.6287288,-110.56,73.365,1.748,0.8679020888729352
127.6166,127.932261,37.956954,7608.6236448,-111.197,73.354,1.214,0.8679020888729352
127.6333,127.932267,37.956957,7610.617646400001,-111.823,73.342,0.688,0.8679020888729352
127.65,127.932274,37.95696,7612.6107336000005,-112.438,73.329,0.17,0.8679020888729352
127.6666,127.93228,37.956963,7614.6029064,-113.041,73.314,359.661,0.8679020888729352
127.6833,127.932286,37.956966,7616.594164800001,-113.633,73.298,359.159,0.8679020888729352
127.7,127.932293,37.95697,7618.584508800001,-114.214,73.282,358.665,0.8679020888729352
127.7166,127.932299,37.956973,7620.573633600001,-114.783,73.264,358.18,0.8679020888729352
127.7333,127.932306,37.956976,7622.561844,-115.34,73.245,357.702,0.8679020888729352
127.75,127.932312,37.956979,7624.54914,-115.885,73.224,357.231,0.8679020888729352
127.7666,127.932318,37.956982,7626.5355216,-116.418,73.203,356.769,0.8679020888729352
127.7833,127.932324,37.956985,7628.520684000001,-116.938,73.181,356.313,0.8679020888729352
127.8,127.93233,37.956989,7630.505236800001,-117.446,73.157,355.865,0.8679020888729352
127.8166,127.932336,37.956992,7632.488265600001,-117.942,73.133,355.424,0.8679020888729352
127.8333,127.932342,37.956995,7634.47038,-118.426,73.108,354.99,0.8679020888729352
127.85,127.932348,37.956998,7636.45158,-118.897,73.081,354.563,0.8679020888729352
127.8666,127.932354,37.957002,7638.4318656000005,-119.356,73.053,354.143,0.8679020888729352
127.8833,127.93236,37.957005,7640.410627200001,-119.803,73.025,353.73,0.8679020888729352
127.9,127.932366,37.957008,7642.3887792000005,-120.237,72.995,353.323,0.8679020888729352
127.9166,127.932372,37.957012,7644.3654072,-120.659,72.965,352.923,0.8679020888729352
127.9333,127.932378,37.957015,7646.3414256,-121.069,72.933,352.529,0.8679020888729352
127.95,127.932384,37.957019,7648.315920000001,-121.467,72.901,352.141,0.8679020888729352
127.9666,127.932389,37.957022,7650.289500000001,-121.853,72.867,351.759,0.8679020888729352
127.9833,127.932395,37.957025,7652.262165600001,-122.226,72.832,351.384,0.8679020888729352
128.0,127.932401,37.957029,7654.2333072,-122.588,72.797,351.014,0.8679020888729352
128.0166,127.932406,37.957032,7656.2035344,-122.939,72.761,350.649,0.8679020888729352
128.0333,127.932412,37.957036,7658.172542400001,-123.278,72.723,350.291,0.8679020888729352
128.05,127.932417,37.957039,7660.140636,-123.605,72.685,349.938,0.8679020888729352
128.0666,127.932423,37.957043,7662.107510400001,-123.921,72.645,349.59,0.8679020888729352
128.0833,127.932428,37.957046,7664.073165600001,-124.226,72.605,349.247,0.8679020888729352
128.1,127.932434,37.95705,7666.037601600001,-124.52,72.564,348.91,0.8679020888729352
128.1166,127.932439,37.957053,7668.000818400001,-124.803,72.522,348.578,0.8679020888729352
128.1333,127.932444,37.957057,7669.962816,-125.076,72.479,348.25,0.8679020888729352
128.15,127.932449,37.957061,7671.9238992,-125.338,72.435,347.928,0.8679020888729352
128.1666,127.932455,37.957064,7673.883458400001,-125.591,72.39,347.61,0.8679020888729352
128.1833,127.93246,37.957068,7675.8421032,-125.833,72.344,347.297,0.8679020888729352
128.2,127.932465,37.957072,7677.799528800001,-126.065,72.298,346.988,0.8679020888729352
128.2166,127.93247,37.957075,7679.7557352,-126.288,72.25,346.683,0.8679020888729352
128.2333,127.932475,37.957079,7681.7107224,-126.502,72.202,346.383,0.8679020888729352
128.25,127.93248,37.957083,7683.664185600001,-126.707,72.152,346.087,0.8679020888729352
128.2666,127.932485,37.957086,7685.6167344,-126.903,72.102,345.795,0.8679020888729352
128.2833,127.93249,37.95709,7687.568064,-127.09,72.051,345.507,0.8679020888729352
128.3,127.932495,37.957094,7689.518174400001,-127.269,71.999,345.223,0.8679020888729352
128.3166,127.9325,37.957098,7691.466760800001,-127.44,71.947,344.943,0.8679020888729352
128.3333,127.932504,37.957101,7693.4144328,-127.603,71.893,344.666,0.8679020888729352
128.35,127.932509,37.957105,7695.3605808,-127.758,71.839,344.393,0.8679020888729352
128.3666,127.932514,37.957109,7697.305509600001,-127.906,71.784,344.123,0.8679020888729352
128.3833,127.932518,37.957113,7699.249524000001,-128.047,71.728,343.857,0.8679020888729352
128.4,127.932523,37.957117,7701.191709600001,-128.181,71.672,343.594,0.8679020888729352
128.4166,127.932528,37.957121,7703.1329808,-128.308,71.614,343.334,0.8679020888729352
128.4333,127.932532,37.957125,7705.073032800001,-128.429,71.556,343.078,0.8679020888729352
128.45,127.932537,37.957129,7707.011560800001,-128.542,71.496,342.826,0.8679020888729352
128.4666,127.932541,37.957133,7708.948869600001,-128.648,71.436,342.577,0.8679020888729352
128.4833,127.932545,37.957136,7710.884959200001,-128.747,71.375,342.332,0.8679020888729352
128.5,127.93255,37.95714,7712.8198296,-128.84,71.312,342.09,0.8679020888729352
128.5166,127.932554,37.957144,7714.753176,-128.928,71.249,341.851,0.8679020888729352
128.5333,127.932558,37.957148,7716.6853032,-129.008,71.185,341.617,0.8679020888729352
128.55,127.932563,37.957152,7718.616211200001,-129.083,71.119,341.385,0.8679020888729352
128.5666,127.932567,37.957156,7720.5455952,-129.151,71.053,341.158,0.8679020888729352
128.5833,127.932571,37.957161,7722.473760000001,-129.214,70.985,340.934,0.8679020888729352
128.6,127.932575,37.957165,7724.400705600001,-129.272,70.916,340.713,0.8679020888729352
128.6166,127.932579,37.957169,7726.3261272,-129.325,70.846,340.496,0.8679020888729352
128.6333,127.932583,37.957173,7728.2503295999995,-129.373,70.776,340.281,0.8679020888729352
128.65,127.932587,37.957177,7730.1733128000005,-129.418,70.704,340.07,0.8679020888729352
128.6666,127.932591,37.957181,7732.094772,-129.458,70.631,339.862,0.8679020888729352
128.6833,127.932595,37.957185,7734.0147072,-129.496,70.558,339.656,0.8679020888729352
128.7,127.932599,37.957189,7735.9334232,-129.53,70.483,339.453,0.8679020888729352
128.7166,127.932602,37.957193,7737.850920000001,-129.561,70.408,339.253,0.8679020888729352
128.7333,127.932606,37.957198,7739.766892800001,-129.59,70.332,339.056,0.8679020888729352
128.75,127.93261,37.957202,7741.6816464,-129.618,70.254,338.861,0.8679020888729352
128.7666,127.932613,37.957206,7743.594876,-129.643,70.177,338.668,0.8679020888729352
128.7833,127.932617,37.95721,7745.506581600001,-129.668,70.098,338.477,0.8679020888729352
128.8,127.932621,37.957215,7747.417068000001,-129.691,70.018,338.289,0.8679020888729352
128.8166,127.932624,37.957219,7749.3263352,-129.714,69.938,338.103,0.8679020888729352
128.8333,127.932628,37.957223,7751.233773600001,-129.737,69.857,337.919,0.8679020888729352
128.85,127.932631,37.957227,7753.139992800001,-129.759,69.776,337.736,0.8679020888729352
128.8666,127.932634,37.957232,7755.044992800001,-129.783,69.693,337.556,0.8679020888729352
128.8833,127.932638,37.957236,7756.9484688,-129.806,69.61,337.377,0.8679020888729352
128.9,127.932641,37.95724,7758.8504207999995,-129.831,69.526,337.2,0.8679020888729352
128.9166,127.932644,37.957245,7760.7508488,-129.857,69.442,337.025,0.8679020888729352
128.9333,127.932648,37.957249,7762.6500576,-129.884,69.357,336.851,0.8679020888729352
128.95,127.932651,37.957254,7764.547742400001,-129.913,69.271,336.679,0.8679020888729352
128.9666,127.932654,37.957258,7766.4439032,-129.945,69.185,336.508,0.8679020888729352
128.9833,127.932657,37.957262,7768.33854,-129.978,69.098,336.339,0.8679020888729352
129.0,127.93266,37.957267,7770.2319576,-130.014,69.011,336.171,0.8679020888729352
129.0166,127.932663,37.957271,7772.123546400001,-130.053,68.923,336.004,0.8679020888729352
129.0333,127.932666,37.957276,7774.013916,-130.095,68.834,335.838,0.8679020888729352
129.05,127.932669,37.95728,7775.9027616,-130.14,68.745,335.673,0.8679020888729352
129.0666,127.932672,37.957285,7777.7900832000005,-130.188,68.655,335.51,0.8679020888729352
129.0833,127.932675,37.957289,7779.6761856,-130.241,68.565,335.348,0.8679020888729352
129.1,127.932677,37.957294,7781.5604592,-130.296,68.475,335.186,0.8679020888729352
129.1166,127.93268,37.957298,7783.4432088,-130.356,68.383,335.026,0.8679020888729352
129.1333,127.932683,37.957303,7785.3247392,-130.42,68.292,334.867,0.8679020888729352
129.15,127.932685,37.957307,7787.2044408,-130.488,68.2,334.708,0.8679020888729352
129.1666,127.932688,37.957312,7789.082923200001,-130.56,68.107,334.55,0.8679020888729352
129.1833,127.932691,37.957316,7790.9595768,-130.637,68.014,334.394,0.8679020888729352
129.2,127.932693,37.957321,7792.835011200001,-130.719,67.92,334.238,0.8679020888729352
129.2166,127.932696,37.957326,7794.7086168,-130.804,67.826,334.083,0.8679020888729352
129.2333,127.932698,37.95733,7796.5806984,-130.895,67.732,333.928,0.8679020888729352
129.25,127.9327,37.957335,7798.451256000001,-130.99,67.637,333.775,0.8679020888729352
129.2666,127.932703,37.957339,7800.3202896,-131.091,67.542,333.622,0.8679020888729352
129.2833,127.932705,37.957344,7802.1877992,-131.196,67.446,333.47,0.8679020888729352
129.3,127.932707,37.957349,7804.0537848,-131.306,67.35,333.318,0.8679020888729352
129.3166,127.932709,37.957353,7805.917941600001,-131.421,67.253,333.167,0.8679020888729352
129.3333,127.932712,37.957358,7807.7808792000005,-131.54,67.156,333.017,0.8679020888729352
129.35,127.932714,37.957363,7809.641988000001,-131.665,67.059,332.868,0.8679020888729352
129.3666,127.932716,37.957368,7811.501572800001,-131.794,66.961,332.719,0.8679020888729352
129.3833,127.932718,37.957372,7813.359328800001,-131.929,66.863,332.571,0.8679020888729352
129.4,127.93272,37.957377,7815.215865600001,-132.068,66.764,332.424,0.8679020888729352
129.4166,127.932722,37.957382,7817.070573600001,-132.211,66.665,332.278,0.8679020888729352
129.4333,127.932724,37.957387,7818.9234528,-132.36,66.566,332.132,0.8679020888729352
129.45,127.932726,37.957391,7820.7751128,-132.513,66.466,331.986,0.8679020888729352
129.4666,127.932727,37.957396,7822.6246392,-132.67,66.366,331.842,0.8679020888729352
129.4833,127.932729,37.957401,7824.4729464,-132.832,66.266,331.698,0.8679020888729352
129.5,127.932731,37.957406,7826.319424800001,-132.999,66.165,331.555,0.8679020888729352
129.5166,127.932733,37.957411,7828.1643792,-133.169,66.064,331.413,0.8679020888729352
129.5333,127.932734,37.957416,7830.007504800001,-133.344,65.962,331.271,0.8679020888729352
129.55,127.932736,37.957421,7831.849106400001,-133.522,65.86,331.13,0.8679020888729352
129.5666,127.932738,37.957425,7833.688879200001,-133.704,65.758,330.99,0.8679020888729352
129.5833,127.932739,37.95743,7835.526823200001,-133.89,65.655,330.851,0.8679020888729352
129.6,127.932741,37.957435,7837.363548,-134.08,65.552,330.712,0.8679020888729352
129.6166,127.932742,37.95744,7839.1981392,-134.273,65.449,330.574,0.8679020888729352
129.6333,127.932743,37.957445,7841.031206400001,-134.469,65.345,330.437,0.8679020888729352
129.65,127.932745,37.95745,7842.8624448,-134.668,65.241,330.301,0.8679020888729352
129.6666,127.932746,37.957455,7844.692159200001,-134.87,65.136,330.165,0.8679020888729352
129.6833,127.932747,37.95746,7846.5200448000005,-135.074,65.032,330.031,0.8679020888729352
129.7,127.932749,37.957465,7848.346101600001,-135.282,64.926,329.897,0.8679020888729352
129.7166,127.93275,37.95747,7850.1706343999995,-135.491,64.821,329.765,0.8679020888729352
129.7333,127.932751,37.957475,7851.9933384000005,-135.703,64.715,329.633,0.8679020888729352
129.75,127.932752,37.95748,7853.814213600001,-135.917,64.609,329.502,0.8679020888729352
129.7666,127.932753,37.957485,7855.6335648,-136.132,64.503,329.372,0.8679020888729352
129.7833,127.932754,37.95749,7857.4507824,-136.35,64.396,329.242,0.8679020888729352
129.8,127.932755,37.957495,7859.266476,-136.569,64.289,329.114,0.8679020888729352
129.8166,127.932756,37.9575,7861.0803408,-136.789,64.182,328.987,0.8679020888729352
129.8333,127.932757,37.957505,7862.8923768,-137.01,64.074,328.861,0.8679020888729352
129.85,127.932758,37.957511,7864.702584000001,-137.232,63.966,328.736,0.8679020888729352
129.8666,127.932759,37.957516,7866.5112672000005,-137.454,63.858,328.612,0.8679020888729352
129.8833,127.93276,37.957521,7868.3178168,-137.678,63.749,328.488,0.8679020888729352
129.9,127.93276,37.957526,7870.122537600001,-137.901,63.64,328.366,0.8679020888729352
129.9166,127.932761,37.957531,7871.9257344,-138.125,63.531,328.245,0.8679020888729352
129.9333,127.932762,37.957536,7873.726797600001,-138.349,63.421,328.125,0.8679020888729352
129.95,127.932762,37.957542,7875.5263368000005,-138.573,63.311,328.007,0.8679020888729352
129.9666,127.932763,37.957547,7877.323742400001,-138.796,63.201,327.889,0.8679020888729352
129.9833,127.932763,37.957552,7879.119624000001,-139.019,63.091,327.772,0.8679020888729352
130.0,127.932764,37.957557,7880.913372,-139.241,62.98,327.656,0.8679020888729352
130.0166,127.932764,37.957562,7882.705291200001,-139.463,62.869,327.542,0.8679020888729352
130.0333,127.932765,37.957568,7884.495381600001,-139.684,62.758,327.429,0.8679020888729352
130.05,127.932765,37.957573,7886.2836431999995,-139.903,62.646,327.316,0.8679020888729352
130.0666,127.932766,37.957578,7888.070076,-140.121,62.535,327.205,0.8679020888729352
130.0833,127.932766,37.957584,7889.85468,-140.338,62.422,327.095,0.8679020888729352
130.1,127.932766,37.957589,7891.637150400001,-140.553,62.31,326.987,0.8679020888729352
130.1166,127.932767,37.957594,7893.417792000001,-140.767,62.198,326.879,0.8679020888729352
130.1333,127.932767,37.9576,7895.1966048,-140.977,62.085,326.772,0.8679020888729352
130.15,127.932767,37.957605,7896.9735888,-141.182,61.972,326.666,0.8679020888729352
130.1666,127.932767,37.95761,7898.748744,-141.384,61.859,326.56,0.8679020888729352
130.1833,127.932767,37.957616,7900.522070400001,-141.581,61.746,326.456,0.8679020888729352
130.2,127.932767,37.957621,7902.2932632,-141.774,61.633,326.352,0.8679020888729352
130.2166,127.932767,37.957627,7904.062932000001,-141.962,61.52,326.248,0.8679020888729352
130.2333,127.932767,37.957632,7905.8304672,-142.146,61.406,326.146,0.8679020888729352
130.25,127.932767,37.957637,7907.596173600001,-142.326,61.293,326.044,0.8679020888729352
130.2666,127.932767,37.957643,7909.3600512,-142.502,61.179,325.943,0.8679020888729352
130.2833,127.932767,37.957648,7911.121795200001,-142.674,61.065,325.843,0.8679020888729352
130.3,127.932767,37.957654,7912.881710400001,-142.841,60.952,325.744,0.8679020888729352
130.3166,127.932767,37.957659,7914.639796800001,-143.004,60.838,325.645,0.8679020888729352
130.3333,127.932766,37.957665,7916.3957496,-143.163,60.724,325.548,0.8679020888729352
130.35,127.932766,37.95767,7918.1498736,-143.318,60.61,325.451,0.8679020888729352
130.3666,127.932766,37.957676,7919.9021688,-143.469,60.496,325.355,0.8679020888729352
130.3833,127.932766,37.957681,7921.6523304,-143.616,60.382,325.26,0.8679020888729352
130.4,127.932765,37.957687,7923.4006632,-143.758,60.268,325.166,0.8679020888729352
130.4166,127.932765,37.957693,7925.1468624,-143.897,60.154,325.072,0.8679020888729352
130.4333,127.932764,37.957698,7926.890928000001,-144.032,60.04,324.979,0.8679020888729352
130.45,127.932764,37.957704,7928.6331648000005,-144.163,59.926,324.887,0.8679020888729352
130.4666,127.932763,37.957709,7930.3735728,-144.29,59.812,324.796,0.8679020888729352
130.4833,127.932763,37.957715,7932.111847200001,-144.413,59.698,324.706,0.8679020888729352
130.5,127.932762,37.957721,7933.847988,-144.533,59.584,324.616,0.8679020888729352
130.5166,127.932762,37.957726,7935.5819952,-144.649,59.47,324.527,0.8679020888729352
130.5333,127.932761,37.957732,7937.314173600001,-144.762,59.356,324.439,0.8679020888729352
130.55,127.93276,37.957738,7939.0442184,-144.871,59.241,324.352,0.8679020888729352
130.5666,127.93276,37.957743,7940.7724344,-144.976,59.127,324.265,0.8679020888729352
130.5833,127.932759,37.957749,7942.4985168,-145.078,59.013,324.179,0.8679020888729352
130.6,127.932758,37.957755,7944.222465600001,-145.177,58.899,324.094,0.8679020888729352
130.6166,127.932757,37.957761,7945.9442808,-145.272,58.785,324.009,0.8679020888729352
130.6333,127.932756,37.957766,7947.6639624,-145.365,58.671,323.925,0.8679020888729352
130.65,127.932755,37.957772,7949.3818152,-145.454,58.557,323.841,0.8679020888729352
130.6666,127.932754,37.957778,7951.0972296,-145.54,58.443,323.759,0.8679020888729352
130.6833,127.932753,37.957784,7952.8108152,-145.624,58.329,323.676,0.8679020888729352
130.7,127.932752,37.957789,7954.5222672,-145.704,58.216,323.595,0.8679020888729352
130.7166,127.932751,37.957795,7956.2315856000005,-145.782,58.102,323.513,0.8679020888729352
130.7333,127.93275,37.957801,7957.938770400001,-145.857,57.988,323.433,0.8679020888729352
130.75,127.932749,37.957807,7959.6438216,-145.929,57.874,323.353,0.8679020888729352
130.7666,127.932748,37.957813,7961.3467392,-145.998,57.761,323.273,0.8679020888729352
130.7833,127.932747,37.957819,7963.047523200001,-146.066,57.647,323.194,0.8679020888729352
130.8,127.932746,37.957825,7964.7461736000005,-146.13,57.533,323.115,0.8679020888729352
130.8166,127.932744,37.957831,7966.4426904,-146.193,57.42,323.037,0.8679020888729352
130.8333,127.932743,37.957836,7968.137073600001,-146.253,57.306,322.959,0.8679020888729352
130.85,127.932742,37.957842,7969.829018400001,-146.311,57.193,322.882,0.8679020888729352
130.8666,127.93274,37.957848,7971.5191343999995,-146.367,57.08,322.805,0.8679020888729352
130.8833,127.932739,37.957854,7973.2071168,-146.42,56.966,322.728,0.8679020888729352
130.9,127.932737,37.95786,7974.892660800001,-146.472,56.853,322.651,0.8679020888729352
130.9166,127.932736,37.957866,7976.5760712,-146.522,56.74,322.575,0.8679020888729352
130.9333,127.932734,37.957872,7978.257348,-146.57,56.627,322.5,0.8679020888729352
130.95,127.932733,37.957878,7979.9364912,-146.617,56.514,322.424,0.8679020888729352
130.9666,127.932731,37.957884,7981.613500800001,-146.661,56.401,322.349,0.8679020888729352
130.9833,127.93273,37.95789,7983.288072,-146.704,56.288,322.274,0.8679020888729352
131.0,127.932728,37.957896,7984.9605096000005,-146.746,56.176,322.199,0.8679020888729352
131.0166,127.932726,37.957903,7986.630813600001,-146.786,56.063,322.124,0.8679020888729352
131.0333,127.932725,37.957909,7988.298984000001,-146.825,55.95,322.05,0.8679020888729352
131.05,127.932723,37.957915,7989.9647159999995,-146.862,55.838,321.976,0.8679020888729352
131.0666,127.932721,37.957921,7991.628314400001,-146.898,55.725,321.902,0.8679020888729352
131.0833,127.932719,37.957927,7993.2894744000005,-146.933,55.613,321.828,0.8679020888729352
131.1,127.932717,37.957933,7994.9485008,-146.967,55.501,321.754,0.8679020888729352
131.1166,127.932715,37.957939,7996.6053936,-147.0,55.388,321.68,0.8679020888729352
131.1333,127.932713,37.957945,7998.2601528,-147.032,55.276,321.607,0.8679020888729352
131.15,127.932711,37.957952,7999.9124736,-147.062,55.164,321.533,0.8679020888729352
131.1666,127.932709,37.957958,8001.562356,-147.092,55.052,321.46,0.8679020888729352
131.1833,127.932707,37.957964,8003.2101048,-147.121,54.94,321.386,0.8679020888729352
131.2,127.932705,37.95797,8004.8557200000005,-147.15,54.828,321.313,0.8679020888729352
131.2166,127.932703,37.957976,8006.498896800001,-147.177,54.716,321.24,0.8679020888729352
131.2333,127.932701,37.957983,8008.1396352,-147.204,54.605,321.167,0.8679020888729352
131.25,127.932699,37.957989,8009.778240000001,-147.23,54.493,321.093,0.8679020888729352
131.2666,127.932697,37.957995,8011.414711200001,-147.256,54.381,321.02,0.8679020888729352
131.2833,127.932694,37.958001,8013.048744,-147.281,54.27,320.947,0.8679020888729352
131.3,127.932692,37.958008,8014.680338400001,-147.305,54.158,320.874,0.8679020888729352
131.3166,127.93269,37.958014,8016.3097992,-147.329,54.047,320.8,0.8679020888729352
131.3333,127.932687,37.95802,8017.9368216,-147.353,53.935,320.727,0.8679020888729352
131.35,127.932685,37.958027,8019.561710400001,-147.376,53.824,320.653,0.8679020888729352
131.3666,127.932683,37.958033,8021.1841608,-147.399,53.713,320.58,0.8679020888729352
131.3833,127.93268,37.958039,8022.804172800001,-147.422,53.602,320.506,0.8679020888729352
131.4,127.932678,37.958046,8024.422051200001,-147.445,53.491,320.432,0.8679020888729352
131.4166,127.932675,37.958052,8026.037491200001,-147.467,53.38,320.358,0.8679020888729352
131.4333,127.932672,37.958059,8027.650492800001,-147.49,53.269,320.284,0.8679020888729352
131.45,127.93267,37.958065,8029.261056000001,-147.512,53.159,320.21,0.8679020888729352
131.4666,127.932667,37.958071,8030.8694856,-147.535,53.048,320.135,0.8679020888729352
131.4833,127.932664,37.958078,8032.4754768,-147.558,52.938,320.06,0.8679020888729352
131.5,127.932662,37.958084,8034.0790296,-147.581,52.827,319.985,0.8679020888729352
131.5166,127.932659,37.958091,8035.6804488,-147.603,52.717,319.91,0.8679020888729352
131.5333,127.932656,37.958097,8037.2794296,-147.626,52.607,319.835,0.8679020888729352
131.55,127.932653,37.958104,8038.875972,-147.65,52.496,319.759,0.8679020888729352
131.5666,127.932651,37.95811,8040.4700760000005,-147.673,52.386,319.683,0.8679020888729352
131.5833,127.932648,37.958117,8042.0617416000005,-147.697,52.277,319.606,0.8679020888729352
131.6,127.932645,37.958123,8043.650968800001,-147.72,52.167,319.53,0.8679020888729352
131.6166,127.932642,37.95813,8045.2380624,-147.744,52.057,319.453,0.8679020888729352
131.6333,127.932639,37.958136,8046.8227176,-147.769,51.947,319.375,0.8679020888729352
131.65,127.932636,37.958143,8048.4049344,-147.793,51.838,319.298,0.8679020888729352
131.6666,127.932633,37.958149,8049.984408,-147.818,51.728,319.22,0.8679020888729352
131.6833,127.93263,37.958156,8051.561748,-147.843,51.619,319.142,0.8679020888729352
131.7,127.932626,37.958163,8053.1366496,-147.868,51.51,319.064,0.8679020888729352
131.7166,127.932623,37.958169,8054.7094176,-147.893,51.401,318.985,0.8679020888729352
131.7333,127.93262,37.958176,8056.2794424,-147.918,51.292,318.906,0.8679020888729352
131.75,127.932617,37.958183,8057.847028800001,-147.944,51.183,318.827,0.8679020888729352
131.7666,127.932614,37.958189,8059.4121768,-147.97,51.074,318.748,0.8679020888729352
131.7833,127.93261,37.958196,8060.9748864,-147.995,50.965,318.668,0.8679020888729352
131.8,127.932607,37.958202,8062.5354624,-148.021,50.856,318.588,0.8679020888729352
131.8166,127.932604,37.958209,8064.0932952,-148.047,50.747,318.508,0.8679020888729352
131.8333,127.9326,37.958216,8065.6486896,-148.073,50.638,318.427,0.8679020888729352
131.85,127.932597,37.958223,8067.2016456,-148.099,50.53,318.346,0.8679020888729352
131.8666,127.932593,37.958229,8068.752163200001,-148.126,50.421,318.265,0.8679020888729352
131.8833,127.93259,37.958236,8070.300242400001,-148.152,50.313,318.184,0.8679020888729352
131.9,127.932586,37.958243,8071.845883200001,-148.178,50.204,318.103,0.8679020888729352
131.9166,127.932583,37.95825,8073.3887808,-148.204,50.096,318.021,0.8679020888729352
131.9333,127.932579,37.958256,8074.9295448,-148.23,49.987,317.939,0.8679020888729352
131.95,127.932575,37.958263,8076.467565600001,-148.256,49.879,317.857,0.8679020888729352
131.9666,127.932572,37.95827,8078.0034528,-148.282,49.77,317.775,0.8679020888729352
131.9833,127.932568,37.958277,8079.536596800001,-148.308,49.662,317.692,0.8679020888729352
132.0,127.932564,37.958283,8081.0673024,-148.334,49.554,317.61,0.8679020888729352
132.0166,127.93256,37.95829,8082.595569600001,-148.359,49.445,317.527,0.8679020888729352
132.0333,127.932557,37.958297,8084.1210936,-148.384,49.337,317.444,0.8679020888729352
132.05,127.932553,37.958304,8085.6441792000005,-148.409,49.229,317.36,0.8679020888729352
132.0666,127.932549,37.958311,8087.1651312,-148.434,49.12,317.277,0.8679020888729352
132.0833,127.932545,37.958318,8088.6830352,-148.458,49.012,317.193,0.8679020888729352
132.1,127.932541,37.958325,8090.198805600001,-148.483,48.904,317.109,0.8679020888729352
132.1166,127.932537,37.958332,8091.711832800001,-148.506,48.795,317.025,0.8679020888729352
132.1333,127.932533,37.958338,8093.2227264,-148.53,48.687,316.941,0.8679020888729352
132.15,127.932529,37.958345,8094.730572,-148.553,48.579,316.857,0.8679020888729352
132.1666,127.932525,37.958352,8096.2362840000005,-148.575,48.47,316.773,0.8679020888729352
132.1833,127.932521,37.958359,8097.7392528,-148.597,48.362,316.689,0.8679020888729352
132.2,127.932517,37.958366,8099.239783200001,-148.618,48.254,316.605,0.8679020888729352
132.2166,127.932512,37.958373,8100.737570400001,-148.638,48.145,316.52,0.8679020888729352
132.2333,127.932508,37.95838,8102.232919200001,-148.658,48.036,316.436,0.8679020888729352
132.25,127.932504,37.958387,8103.7258296,-148.676,47.928,316.352,0.8679020888729352
132.2666,127.9325,37.958394,8105.2159968000005,-148.695,47.819,316.267,0.8679020888729352
132.2833,127.932495,37.958401,8106.7037256,-148.712,47.71,316.183,0.8679020888729352
132.3,127.932491,37.958408,8108.189016,-148.728,47.601,316.099,0.8679020888729352
132.3166,127.932486,37.958415,8109.6715632000005,-148.744,47.492,316.015,0.8679020888729352
132.3333,127.932482,37.958422,8111.1513672,-148.758,47.383,315.931,0.8679020888729352
132.35,127.932478,37.958429,8112.629037600001,-148.772,47.274,315.847,0.8679020888729352
132.3666,127.932473,37.958436,8114.103660000001,-148.784,47.165,315.763,0.8679020888729352
132.3833,127.932469,37.958443,8115.5761488,-148.796,47.055,315.679,0.8679020888729352
132.4,127.932464,37.95845,8117.0455896,-148.806,46.946,315.596,0.8679020888729352
132.4166,127.932459,37.958458,8118.512896800001,-148.815,46.836,315.512,0.8679020888729352
132.4333,127.932455,37.958465,8119.977156000001,-148.824,46.726,315.429,0.8679020888729352
132.45,127.93245,37.958472,8121.4389768,-148.831,46.616,315.346,0.8679020888729352
132.4666,127.932445,37.958479,8122.8983592,-148.837,46.506,315.263,0.8679020888729352
132.4833,127.932441,37.958486,8124.3549984,-148.841,46.396,315.18,0.8679020888729352
132.5,127.932436,37.958493,8125.8091992,-148.845,46.286,315.097,0.8679020888729352
132.5166,127.932431,37.9585,8127.260656800001,-148.847,46.175,315.015,0.8679020888729352
132.5333,127.932426,37.958508,8128.7093712,-148.848,46.065,314.933,0.8679020888729352
132.55,127.932421,37.958515,8130.1553424,-148.848,45.954,314.851,0.8679020888729352
132.5666,127.932416,37.958522,8131.59918,-148.846,45.843,314.769,0.8679020888729352
132.5833,127.932411,37.958529,8133.0399696,-148.844,45.732,314.688,0.8679020888729352
132.6,127.932406,37.958536,8134.4783208,-148.84,45.62,314.606,0.8679020888729352
132.6166,127.932401,37.958544,8135.913928800001,-148.834,45.509,314.525,0.8679020888729352
132.6333,127.932396,37.958551,8137.3467936,-148.828,45.397,314.444,0.8679020888729352
132.65,127.932391,37.958558,8138.777220000001,-148.82,45.285,314.364,0.8679020888729352
132.6666,127.932386,37.958565,8140.2049032,-148.81,45.173,314.284,0.8679020888729352
132.6833,127.932381,37.958572,8141.629843199999,-148.8,45.061,314.204,0.8679020888729352
132.7,127.932376,37.95858,8143.0523448,-148.788,44.949,314.124,0.8679020888729352
132.7166,127.932371,37.958587,8144.4717984,-148.775,44.836,314.044,0.8679020888729352
132.7333,127.932365,37.958594,8145.8888136000005,-148.76,44.724,313.965,0.8679020888729352
132.75,127.93236,37.958602,8147.3033904,-148.744,44.611,313.887,0.8679020888729352
132.7666,127.932355,37.958609,8148.714919200001,-148.727,44.498,313.808,0.8679020888729352
132.7833,127.93235,37.958616,8150.1240096,-148.709,44.384,313.73,0.8679020888729352
132.8,127.932344,37.958624,8151.530052000001,-148.689,44.271,313.652,0.8679020888729352
132.8166,127.932339,37.958631,8152.933656000001,-148.668,44.157,313.574,0.8679020888729352
132.8333,127.932333,37.958638,8154.3348216,-148.646,44.043,313.497,0.8679020888729352
132.85,127.932328,37.958646,8155.7329392,-148.622,43.929,313.42,0.8679020888729352
132.8666,127.932322,37.958653,8157.1283136,-148.597,43.814,313.343,0.8679020888729352
132.8833,127.932317,37.95866,8158.5212496,-148.571,43.7,313.267,0.8679020888729352
132.9,127.932311,37.958668,8159.911137600001,-148.544,43.585,313.191,0.8679020888729352
132.9166,127.932306,37.958675,8161.298587200001,-148.516,43.47,313.116,0.8679020888729352
132.9333,127.9323,37.958683,8162.6832936,-148.486,43.355,313.04,0.8679020888729352
132.95,127.932294,37.95869,8164.064952000001,-148.455,43.24,312.965,0.8679020888729352
132.9666,127.932288,37.958697,8165.444172,-148.423,43.124,312.891,0.8679020888729352
132.9833,127.932283,37.958705,8166.8206488000005,-148.39,43.008,312.817,0.8679020888729352
133.0,127.932277,37.958712,8168.194382400001,-148.356,42.892,312.743,0.8679020888729352
133.0166,127.932271,37.95872,8169.565372800001,-148.32,42.776,312.669,0.8679020888729352
133.0333,127.932265,37.958727,8170.933620000001,-148.284,42.659,312.596,0.8679020888729352
133.05,127.932259,37.958735,8172.299124000001,-148.247,42.542,312.523,0.8679020888729352
133.0666,127.932253,37.958742,8173.66158,-148.208,42.425,312.451,0.8679020888729352
133.0833,127.932248,37.95875,8175.021597600001,-148.169,42.308,312.378,0.8679020888729352
133.1,127.932242,37.958757,8176.378872,-148.129,42.191,312.306,0.8679020888729352
133.1166,127.932236,37.958765,8177.7330984,-148.088,42.073,312.235,0.8679020888729352
133.1333,127.932229,37.958772,8179.084886400001,-148.047,41.956,312.163,0.8679020888729352
133.15,127.932223,37.95878,8180.4336264,-148.005,41.838,312.092,0.8679020888729352
133.1666,127.932217,37.958787,8181.779623200001,-147.962,41.72,312.021,0.8679020888729352
133.1833,127.932211,37.958795,8183.1228768,-147.918,41.601,311.951,0.8679020888729352
133.2,127.932205,37.958802,8184.4633872,-147.875,41.483,311.88,0.8679020888729352
133.2166,127.932199,37.95881,8185.8011544,-147.83,41.364,311.81,0.8679020888729352
133.2333,127.932192,37.958817,8187.136178400001,-147.785,41.245,311.74,0.8679020888729352
133.25,127.932186,37.958825,8188.4681544000005,-147.74,41.127,311.67,0.8679020888729352
133.2666,127.93218,37.958832,8189.7973872,-147.695,41.007,311.601,0.8679020888729352
133.2833,127.932173,37.95884,8191.1238768,-147.649,40.888,311.531,0.8679020888729352
133.3,127.932167,37.958848,8192.4476232,-147.604,40.769,311.462,0.8679020888729352
133.3166,127.932161,37.958855,8193.7683216,-147.558,40.649,311.393,0.8679020888729352
133.3333,127.932154,37.958863,8195.0862768,-147.511,40.529,311.324,0.8679020888729352
133.35,127.932148,37.95887,8196.4014888,-147.465,40.409,311.255,0.8679020888729352
133.3666,127.932141,37.958878,8197.7136528,-147.419,40.289,311.186,0.8679020888729352
133.3833,127.932135,37.958886,8199.023073600001,-147.373,40.169,311.118,0.8679020888729352
133.4,127.932128,37.958893,8200.3297512,-147.327,40.049,311.049,0.8679020888729352
133.4166,127.932121,37.958901,8201.6336856,-147.281,39.929,310.981,0.8679020888729352
133.4333,127.932115,37.958909,8202.934572,-147.235,39.808,310.913,0.8679020888729352
133.45,127.932108,37.958916,8204.232715200002,-147.189,39.687,310.844,0.8679020888729352
133.4666,127.932101,37.958924,8205.5278104,-147.144,39.567,310.776,0.8679020888729352
133.4833,127.932094,37.958932,8206.8201624,-147.098,39.446,310.708,0.8679020888729352
133.5,127.932088,37.958939,8208.1097712,-147.053,39.325,310.64,0.8679020888729352
133.5166,127.932081,37.958947,8209.396332,-147.009,39.203,310.572,0.8679020888729352
133.5333,127.932074,37.958955,8210.6798448,-146.964,39.082,310.505,0.8679020888729352
133.55,127.932067,37.958962,8211.9606144,-146.921,38.961,310.437,0.8679020888729352
133.5666,127.93206,37.95897,8213.2386408,-146.877,38.839,310.369,0.8679020888729352
133.5833,127.932053,37.958978,8214.5136192,-146.834,38.718,310.302,0.8679020888729352
133.6,127.932046,37.958986,8215.785854400001,-146.792,38.596,310.234,0.8679020888729352
133.6166,127.932039,37.958993,8217.0550416,-146.749,38.474,310.166,0.8679020888729352
133.6333,127.932032,37.959001,8218.3214856,-146.708,38.352,310.099,0.8679020888729352
133.65,127.932025,37.959009,8219.5848816,-146.667,38.23,310.031,0.8679020888729352
133.6666,127.932018,37.959017,8220.8455344,-146.627,38.108,309.964,0.8679020888729352
133.6833,127.932011,37.959024,8222.1028344,-146.587,37.985,309.897,0.8679020888729352
133.7,127.932004,37.959032,8223.357696000001,-146.548,37.863,309.829,0.8679020888729352
133.7166,127.931996,37.95904,8224.6095096,-146.509,37.74,309.762,0.8679020888729352
133.7333,127.931989,37.959048,8225.8582752,-146.471,37.618,309.695,0.8679020888729352
133.75,127.931982,37.959056,8227.103992800001,-146.434,37.495,309.627,0.8679020888729352
133.7666,127.931974,37.959063,8228.346967200001,-146.398,37.372,309.56,0.8679020888729352
133.7833,127.931967,37.959071,8229.5868936,-146.362,37.249,309.493,0.8679020888729352
133.8,127.93196,37.959079,8230.8240768,-146.327,37.126,309.425,0.8679020888729352
133.8166,127.931952,37.959087,8232.0579072,-146.292,37.003,309.358,0.8679020888729352
133.8333,127.931945,37.959095,8233.2889944,-146.259,36.879,309.291,0.8679020888729352
133.85,127.931937,37.959103,8234.5173384,-146.226,36.756,309.224,0.8679020888729352
133.8666,127.93193,37.95911,8235.7423296,-146.194,36.632,309.156,0.8679020888729352
133.8833,127.931922,37.959118,8236.9645776,-146.162,36.508,309.089,0.8679020888729352
133.9,127.931914,37.959126,8238.183777600001,-146.132,36.385,309.022,0.8679020888729352
133.9166,127.931907,37.959134,8239.3999296,-146.102,36.261,308.955,0.8679020888729352
133.9333,127.931899,37.959142,8240.6133384,-146.073,36.137,308.888,0.8679020888729352
133.95,127.931891,37.95915,8241.8236992,-146.045,36.013,308.82,0.8679020888729352
133.9666,127.931884,37.959158,8243.0307072,-146.017,35.888,308.753,0.8679020888729352
133.9833,127.931876,37.959166,8244.234972,-145.991,35.764,308.686,0.8679020888729352
134.0,127.931868,37.959173,8245.4364936,-145.965,35.639,308.619,0.8679020888729352
134.0166,127.93186,37.959181,8246.6346624,-145.94,35.515,308.552,0.8679020888729352
134.0333,127.931852,37.959189,8247.8297832,-145.915,35.39,308.485,0.8679020888729352
134.05,127.931845,37.959197,8249.022160800001,-145.892,35.265,308.417,0.8679020888729352
134.0666,127.931837,37.959205,8250.211185600001,-145.869,35.14,308.35,0.8679020888729352
134.0833,127.931829,37.959213,8251.3974672,-145.847,35.015,308.283,0.8679020888729352
134.1,127.931821,37.959221,8252.580396000001,-145.826,34.89,308.216,0.8679020888729352
134.1166,127.931813,37.959229,8253.7605816,-145.805,34.764,308.149,0.8679020888729352
134.1333,127.931805,37.959237,8254.937719200001,-145.785,34.639,308.082,0.8679020888729352
134.15,127.931796,37.959245,8256.1118088,-145.766,34.513,308.015,0.8679020888729352
134.1666,127.931788,37.959253,8257.282545600001,-145.748,34.388,307.948,0.8679020888729352
134.1833,127.93178,37.959261,8258.4505392,-145.731,34.262,307.881,0.8679020888729352
134.2,127.931772,37.959269,8259.6154848,-145.714,34.136,307.814,0.8679020888729352
134.2166,127.931764,37.959277,8260.7770776,-145.698,34.009,307.747,0.8679020888729352
134.2333,127.931755,37.959285,8261.9359272,-145.682,33.883,307.68,0.8679020888729352
134.25,127.931747,37.959293,8263.091424,-145.668,33.757,307.613,0.8679020888729352
134.2666,127.931739,37.959301,8264.2441776,-145.654,33.63,307.546,0.8679020888729352
134.2833,127.93173,37.959309,8265.3935784,-145.64,33.503,307.48,0.8679020888729352
134.3,127.931722,37.959317,8266.5399312,-145.627,33.376,307.413,0.8679020888729352
134.3166,127.931714,37.959325,8267.683236,-145.615,33.249,307.346,0.8679020888729352
134.3333,127.931705,37.959333,8268.8234928,-145.603,33.122,307.279,0.8679020888729352
134.35,127.931697,37.959341,8269.960396800001,-145.592,32.995,307.213,0.8679020888729352
134.3666,127.931688,37.959349,8271.0945576,-145.582,32.868,307.146,0.8679020888729352
134.3833,127.931679,37.959357,8272.225365600001,-145.572,32.74,307.079,0.8679020888729352
134.4,127.931671,37.959365,8273.3531256,-145.563,32.612,307.013,0.8679020888729352
134.4166,127.931662,37.959373,8274.477837600001,-145.554,32.484,306.946,0.8679020888729352
134.4333,127.931654,37.959381,8275.599501600002,-145.545,32.356,306.88,0.8679020888729352
134.45,127.931645,37.959389,8276.7178128,-145.537,32.228,306.813,0.8679020888729352
134.4666,127.931636,37.959397,8277.833076,-145.53,32.1,306.747,0.8679020888729352
134.4833,127.931627,37.959405,8278.9452912,-145.523,31.971,306.681,0.8679020888729352
134.5,127.931619,37.959413,8280.0541536,-145.516,31.843,306.615,0.8679020888729352
134.5166,127.93161,37.959421,8281.159968,-145.51,31.714,306.549,0.8679020888729352
134.5333,127.931601,37.959429,8282.2627344,-145.504,31.585,306.482,0.8679020888729352
134.55,127.931592,37.959437,8283.3624528,-145.499,31.456,306.416,0.8679020888729352
134.5666,127.931583,37.959446,8284.4588184,-145.494,31.327,306.351,0.8679020888729352
134.5833,127.931574,37.959454,8285.5518312,-145.489,31.197,306.285,0.8679020888729352
134.6,127.931565,37.959462,8286.6421008,-145.485,31.068,306.219,0.8679020888729352
134.6166,127.931556,37.95947,8287.7290176,-145.481,30.938,306.153,0.8679020888729352
134.6333,127.931547,37.959478,8288.812581600001,-145.477,30.808,306.088,0.8679020888729352
134.65,127.931538,37.959486,8289.893097600001,-145.473,30.678,306.022,0.8679020888729352
134.6666,127.931529,37.959494,8290.9702608,-145.47,30.548,305.957,0.8679020888729352
134.6833,127.93152,37.959502,8292.044376,-145.467,30.418,305.891,0.8679020888729352
134.7,127.93151,37.95951,8293.1154432,-145.464,30.288,305.826,0.8679020888729352
134.7166,127.931501,37.959519,8294.1831576,-145.461,30.157,305.761,0.8679020888729352
134.7333,127.931492,37.959527,8295.2475192,-145.459,30.026,305.696,0.8679020888729352
134.75,127.931483,37.959535,8296.308832800001,-145.456,29.895,305.631,0.8679020888729352
134.7666,127.931473,37.959543,8297.3670984,-145.454,29.764,305.566,0.8679020888729352
134.7833,127.931464,37.959551,8298.4217064,-145.452,29.633,305.501,0.8679020888729352
134.8,127.931454,37.959559,8299.4732664,-145.45,29.502,305.436,0.8679020888729352
134.8166,127.931445,37.959567,8300.521778400001,-145.448,29.37,305.372,0.8679020888729352
134.8333,127.931436,37.959576,8301.5669376,-145.446,29.238,305.307,0.8679020888729352
134.85,127.931426,37.959584,8302.608744,-145.444,29.107,305.243,0.8679020888729352
134.8666,127.931417,37.959592,8303.647197600001,-145.442,28.975,305.179,0.8679020888729352
134.8833,127.931407,37.9596,8304.6826032,-145.44,28.842,305.115,0.8679020888729352
134.9,127.931397,37.959608,8305.714656,-145.439,28.71,305.051,0.8679020888729352
134.9166,127.931388,37.959617,8306.7436608,-145.437,28.578,304.987,0.8679020888729352
134.9333,127.931378,37.959625,8307.769008,-145.435,28.445,304.923,0.8679020888729352
134.95,127.931368,37.959633,8308.7913072,-145.433,28.312,304.859,0.8679020888729352
134.9666,127.931359,37.959641,8309.8102536,-145.431,28.179,304.795,0.8679020888729352
134.9833,127.931349,37.959649,8310.826152000001,-145.43,28.046,304.732,0.8679020888729352
135.0,127.931339,37.959658,8311.8383928,-145.428,27.913,304.669,0.8679020888729352
135.0166,127.931329,37.959666,8312.8475856,-145.426,27.779,304.605,0.8679020888729352
135.0333,127.931319,37.959674,8313.8534256,-145.424,27.646,304.542,0.8679020888729352
135.05,127.93131,37.959682,8314.8559128,-145.422,27.512,304.479,0.8679020888729352
135.0666,127.9313,37.95969,8315.8550472,-145.42,27.378,304.416,0.8679020888729352
135.0833,127.93129,37.959699,8316.850828800001,-145.418,27.244,304.353,0.8679020888729352
135.1,127.93128,37.959707,8317.8432576,-145.416,27.109,304.291,0.8679020888729352
135.1166,127.93127,37.959715,8318.832333600001,-145.414,26.975,304.228,0.8679020888729352
135.1333,127.93126,37.959723,8319.8180568,-145.411,26.84,304.166,0.8679020888729352
135.15,127.93125,37.959732,8320.8004272,-145.409,26.705,304.104,0.8679020888729352
135.1666,127.931239,37.95974,8321.7797496,-145.407,26.57,304.042,0.8679020888729352
135.1833,127.931229,37.959748,8322.7554144,-145.405,26.435,303.98,0.8679020888729352
135.2,127.931219,37.959756,8323.7277264,-145.403,26.3,303.918,0.8679020888729352
135.2166,127.931209,37.959765,8324.6966856,-145.401,26.164,303.856,0.8679020888729352
135.2333,127.931199,37.959773,8325.661987200001,-145.399,26.029,303.794,0.8679020888729352
135.25,127.931188,37.959781,8326.6242408,-145.397,25.893,303.733,0.8679020888729352
135.2666,127.931178,37.959789,8327.5831416,-145.395,25.757,303.672,0.8679020888729352
135.2833,127.931168,37.959798,8328.5383848,-145.393,25.62,303.61,0.8679020888729352
135.3,127.931157,37.959806,8329.4902752,-145.392,25.484,303.549,0.8679020888729352
135.3166,127.931147,37.959814,8330.438812800001,-145.39,25.347,303.488,0.8679020888729352
135.3333,127.931137,37.959823,8331.383997600002,-145.389,25.211,303.428,0.8679020888729352
135.35,127.931126,37.959831,8332.3255248,-145.387,25.074,303.367,0.8679020888729352
135.3666,127.931116,37.959839,8333.2636992,-145.386,24.936,303.306,0.8679020888729352
135.3833,127.931105,37.959847,8334.1985208,-145.386,24.799,303.246,0.8679020888729352
135.4,127.931095,37.959856,8335.1296848,-145.385,24.661,303.186,0.8679020888729352
135.4166,127.931084,37.959864,8336.057496000001,-145.385,24.524,303.126,0.8679020888729352
135.4333,127.931073,37.959872,8336.9816496,-145.385,24.386,303.066,0.8679020888729352
135.45,127.931063,37.959881,8337.9027552,-145.386,24.248,303.006,0.8679020888729352
135.4666,127.931052,37.959889,8338.8198984,-145.387,24.109,302.947,0.8679020888729352
135.4833,127.931041,37.959897,8339.733688799999,-145.388,23.971,302.887,0.8679020888729352
135.5,127.93103,37.959906,8340.6441264,-145.39,23.832,302.828,0.8679020888729352
135.5166,127.93102,37.959914,8341.550906400002,-145.392,23.693,302.769,0.8679020888729352
135.5333,127.931009,37.959922,8342.4543336,-145.394,23.554,302.71,0.8679020888729352
135.55,127.930998,37.959931,8343.3541032,-145.398,23.414,302.651,0.8679020888729352
135.5666,127.930987,37.959939,8344.250215200002,-145.402,23.275,302.593,0.8679020888729352
135.5833,127.930976,37.959947,8345.1426696,-145.406,23.135,302.534,0.8679020888729352
135.6,127.930965,37.959956,8346.0317712,-145.411,22.995,302.476,0.8679020888729352
135.6166,127.930954,37.959964,8346.91752,-145.417,22.854,302.418,0.8679020888729352
135.6333,127.930943,37.959972,8347.7993064,-145.423,22.714,302.36,0.8679020888729352
135.65,127.930932,37.959981,8348.677740000001,-145.43,22.573,302.302,0.8679020888729352
135.6666,127.930921,37.959989,8349.552516,-145.438,22.432,302.244,0.8679020888729352
135.6833,127.93091,37.959997,8350.4236344,-145.447,22.291,302.187,0.8679020888729352
135.7,127.930899,37.960006,8351.2910952,-145.456,22.15,302.13,0.8679020888729352
135.7166,127.930888,37.960014,8352.1552032,-145.466,22.008,302.073,0.8679020888729352
135.7333,127.930876,37.960022,8353.0156536,-145.477,21.866,302.016,0.8679020888729352
135.75,127.930865,37.960031,8353.8721416,-145.489,21.724,301.959,0.8679020888729352
135.7666,127.930854,37.960039,8354.7252768,-145.502,21.582,301.902,0.8679020888729352
135.7833,127.930843,37.960047,8355.5747544,-145.515,21.439,301.846,0.8679020888729352
135.8,127.930831,37.960056,8356.420269600001,-145.529,21.296,301.79,0.8679020888729352
135.8166,127.93082,37.960064,8357.262432000001,-145.544,21.153,301.734,0.8679020888729352
135.8333,127.930808,37.960072,8358.100936800001,-145.56,21.009,301.678,0.8679020888729352
135.85,127.930797,37.960081,8358.935479200001,-145.577,20.866,301.622,0.8679020888729352
135.8666,127.930785,37.960089,8359.7666688,-145.595,20.722,301.566,0.8679020888729352
135.8833,127.930774,37.960097,8360.593896,-145.614,20.578,301.511,0.8679020888729352
135.9,127.930762,37.960106,8361.417465600001,-145.633,20.433,301.456,0.8679020888729352
135.9166,127.930751,37.960114,8362.2373776,-145.654,20.288,301.401,0.8679020888729352
135.9333,127.930739,37.960123,8363.053632000001,-145.675,20.143,301.346,0.8679020888729352
135.95,127.930728,37.960131,8363.866228800001,-145.696,19.998,301.291,0.8679020888729352
135.9666,127.930716,37.960139,8364.6748632,-145.719,19.853,301.236,0.8679020888729352
135.9833,127.930704,37.960148,8365.4801448,-145.741,19.707,301.182,0.8679020888729352
136.0,127.930693,37.960156,8366.281464,-145.765,19.561,301.127,0.8679020888729352
136.0166,127.930681,37.960164,8367.0788208,-145.789,19.414,301.073,0.8679020888729352
136.0333,127.930669,37.960173,8367.8728248,-145.812,19.268,301.019,0.8679020888729352
136.05,127.930657,37.960181,8368.6631712,-145.835,19.121,300.965,0.8679020888729352
136.0666,127.930645,37.96019,8369.4495552,-145.858,18.974,300.911,0.8679020888729352
136.0833,127.930633,37.960198,8370.232586400001,-145.881,18.826,300.857,0.8679020888729352
136.1,127.930622,37.960206,8371.0116552,-145.903,18.679,300.803,0.8679020888729352
136.1166,127.93061,37.960215,8371.7867616,-145.925,18.531,300.75,0.8679020888729352
136.1333,127.930598,37.960223,8372.5585152,-145.946,18.383,300.696,0.8679020888729352
136.15,127.930586,37.960231,8373.3266112,-145.966,18.234,300.643,0.8679020888729352
136.1666,127.930574,37.96024,8374.0907448,-145.985,18.086,300.589,0.8679020888729352
136.1833,127.930561,37.960248,8374.8512208,-146.003,17.937,300.536,0.8679020888729352
136.2,127.930549,37.960257,8375.6080392,-146.02,17.788,300.482,0.8679020888729352
136.2166,127.930537,37.960265,8376.361200000001,-146.035,17.639,300.429,0.8679020888729352
136.2333,127.930525,37.960273,8377.1107032,-146.05,17.489,300.376,0.8679020888729352
136.25,127.930513,37.960282,8377.856244,-146.063,17.339,300.322,0.8679020888729352
136.2666,127.930501,37.96029,8378.5981272,-146.075,17.19,300.269,0.8679020888729352
136.2833,127.930488,37.960299,8379.3363528,-146.085,17.039,300.216,0.8679020888729352
136.3,127.930476,37.960307,8380.070615999999,-146.094,16.889,300.163,0.8679020888729352
136.3166,127.930464,37.960315,8380.8015264,-146.101,16.738,300.11,0.8679020888729352
136.3333,127.930452,37.960324,8381.5284744,-146.107,16.588,300.057,0.8679020888729352
136.35,127.930439,37.960332,8382.251460000001,-146.111,16.437,300.004,0.8679020888729352
136.3666,127.930427,37.960341,8382.9710928,-146.113,16.286,299.951,0.8679020888729352
136.3833,127.930414,37.960349,8383.6864584,-146.114,16.134,299.897,0.8679020888729352
136.4,127.930402,37.960357,8384.3984712,-146.113,15.983,299.844,0.8679020888729352
136.4166,127.930389,37.960366,8385.1065216,-146.111,15.831,299.791,0.8679020888729352
136.4333,127.930377,37.960374,8385.810914400001,-146.106,15.679,299.738,0.8679020888729352
136.45,127.930364,37.960383,8386.511344800001,-146.1,15.527,299.685,0.8679020888729352
136.4666,127.930352,37.960391,8387.208117600001,-146.092,15.375,299.632,0.8679020888729352
136.4833,127.930339,37.960399,8387.9012328,-146.083,15.223,299.579,0.8679020888729352
136.5,127.930327,37.960408,8388.5903856,-146.071,15.07,299.526,0.8679020888729352
136.5166,127.930314,37.960416,8389.275576,-146.058,14.917,299.473,0.8679020888729352
136.5333,127.930301,37.960425,8389.957108800001,-146.044,14.765,299.42,0.8679020888729352
136.55,127.930289,37.960433,8390.634984,-146.027,14.612,299.367,0.8679020888729352
136.5666,127.930276,37.960441,8391.308896800001,-146.009,14.458,299.314,0.8679020888729352
136.5833,127.930263,37.96045,8391.9788472,-145.99,14.305,299.261,0.8679020888729352
136.6,127.93025,37.960458,8392.64514,-145.968,14.152,299.208,0.8679020888729352
136.6166,127.930237,37.960467,8393.307470400001,-145.946,13.998,299.155,0.8679020888729352
136.6333,127.930225,37.960475,8393.965838400001,-145.921,13.845,299.102,0.8679020888729352
136.65,127.930212,37.960484,8394.6205488,-145.895,13.691,299.049,0.8679020888729352
136.6666,127.930199,37.960492,8395.271296800001,-145.868,13.537,298.995,0.8679020888729352
136.6833,127.930186,37.9605,8395.918082400001,-145.839,13.383,298.942,0.8679020888729352
136.7,127.930173,37.960509,8396.561210400001,-145.808,13.229,298.889,0.8679020888729352
136.7166,127.93016,37.960517,8397.2000712,-145.777,13.075,298.836,0.8679020888729352
136.7333,127.930147,37.960526,8397.8352744,-145.744,12.921,298.782,0.8679020888729352
136.75,127.930134,37.960534,8398.466515200002,-145.709,12.766,298.729,0.8679020888729352
136.7666,127.930121,37.960542,8399.0937936,-145.674,12.612,298.676,0.8679020888729352
136.7833,127.930107,37.960551,8399.7174144,-145.637,12.457,298.622,0.8679020888729352
136.8,127.930094,37.960559,8400.336768000001,-145.599,12.303,298.569,0.8679020888729352
136.8166,127.930081,37.960568,8400.952464,-145.56,12.148,298.515,0.8679020888729352
136.8333,127.930068,37.960576,8401.5638928,-145.52,11.993,298.462,0.8679020888729352
136.85,127.930055,37.960585,8402.171664000001,-145.479,11.838,298.408,0.8679020888729352
136.8666,127.930041,37.960593,8402.775168,-145.437,11.684,298.354,0.8679020888729352
136.8833,127.930028,37.960601,8403.3747096,-145.395,11.528,298.301,0.8679020888729352
136.9,127.930015,37.96061,8403.9705936,-145.351,11.373,298.247,0.8679020888729352
136.9166,127.930001,37.960618,8404.562210400001,-145.307,11.218,298.193,0.8679020888729352
136.9333,127.929988,37.960627,8405.149864800002,-145.262,11.063,298.139,0.8679020888729352
136.95,127.929975,37.960635,8405.733556800002,-145.217,10.908,298.085,0.8679020888729352
136.9666,127.929961,37.960643,8406.3129816,-145.171,10.752,298.031,0.8679020888729352
136.9833,127.929948,37.960652,8406.8887488,-145.125,10.597,297.977,0.8679020888729352
137.0,127.929934,37.96066,8407.4602488,-145.079,10.442,297.923,0.8679020888729352
137.0166,127.929921,37.960669,8408.0277864,-145.032,10.286,297.869,0.8679020888729352
137.0333,127.929907,37.960677,8408.5913616,-144.984,10.131,297.815,0.8679020888729352
137.05,127.929894,37.960685,8409.150669600001,-144.936,9.975,297.76,0.8679020888729352
137.0666,127.92988,37.960694,8409.706015200001,-144.887,9.819,297.706,0.8679020888729352
137.0833,127.929866,37.960702,8410.2573984,-144.838,9.664,297.651,0.8679020888729352
137.1,127.929853,37.960711,8410.8048192,-144.788,9.508,297.597,0.8679020888729352
137.1166,127.929839,37.960719,8411.3479728,-144.738,9.352,297.542,0.8679020888729352
137.1333,127.929825,37.960727,8411.887468800001,-144.686,9.197,297.487,0.8679020888729352
137.15,127.929812,37.960736,8412.4226976,-144.634,9.041,297.432,0.8679020888729352
137.1666,127.929798,37.960744,8412.9536592,-144.58,8.885,297.377,0.8679020888729352
137.1833,127.929784,37.960753,8413.4809632,-144.526,8.729,297.321,0.8679020888729352
137.2,127.92977,37.960761,8414.004,-144.47,8.574,297.266,0.8679020888729352
137.2166,127.929756,37.960769,8414.5227696,-144.414,8.418,297.21,0.8679020888729352
137.2333,127.929743,37.960778,8415.037881600001,-144.357,8.262,297.154,0.8679020888729352
137.25,127.929729,37.960786,8415.5487264,-144.298,8.107,297.098,0.8679020888729352
137.2666,127.929715,37.960795,8416.055608800001,-144.238,7.951,297.042,0.8679020888729352
137.2833,127.929701,37.960803,8416.5585288,-144.178,7.796,296.985,0.8679020888729352
137.3,127.929687,37.960811,8417.057181600001,-144.115,7.64,296.928,0.8679020888729352
137.3166,127.929673,37.96082,8417.551872,-144.052,7.485,296.871,0.8679020888729352
137.3333,127.929659,37.960828,8418.0422952,-143.988,7.329,296.814,0.8679020888729352
137.35,127.929645,37.960836,8418.529060800001,-143.922,7.174,296.757,0.8679020888729352
137.3666,127.929631,37.960845,8419.0112544,-143.855,7.019,296.699,0.8679020888729352
137.3833,127.929616,37.960853,8419.4897904,-143.786,6.864,296.641,0.8679020888729352
137.4,127.929602,37.960862,8419.9640592,-143.717,6.709,296.583,0.8679020888729352
137.4166,127.929588,37.96087,8420.4340608,-143.646,6.554,296.524,0.8679020888729352
137.4333,127.929574,37.960878,8420.9004048,-143.574,6.399,296.466,0.8679020888729352
137.45,127.92956,37.960887,8421.362176800001,-143.5,6.244,296.407,0.8679020888729352
137.4666,127.929545,37.960895,8421.8202912,-143.426,6.09,296.348,0.8679020888729352
137.4833,127.929531,37.960903,8422.2741384,-143.35,5.935,296.288,0.8679020888729352
137.5,127.929517,37.960912,8422.7237184,-143.272,5.781,296.228,0.8679020888729352
137.5166,127.929503,37.96092,8423.169336,-143.194,5.626,296.168,0.8679020888729352
137.5333,127.929488,37.960929,8423.610686400001,-143.114,5.472,296.108,0.8679020888729352
137.55,127.929474,37.960937,8424.048074400001,-143.033,5.318,296.047,0.8679020888729352
137.5666,127.929459,37.960945,8424.4811952,-142.951,5.164,295.986,0.8679020888729352
137.5833,127.929445,37.960954,8424.9103536,-142.867,5.011,295.925,0.8679020888729352
137.6,127.929431,37.960962,8425.3352448,-142.783,4.857,295.863,0.8679020888729352
137.6166,127.929416,37.96097,8425.7561736,-142.697,4.704,295.802,0.8679020888729352
137.6333,127.929402,37.960979,8426.172835200001,-142.61,4.551,295.739,0.8679020888729352
137.65,127.929387,37.960987,8426.5852296,-142.522,4.398,295.677,0.8679020888729352
137.6666,127.929372,37.960995,8426.9936616,-142.433,4.245,295.614,0.8679020888729352
137.6833,127.929358,37.961004,8427.3978264,-142.343,4.092,295.551,0.8679020888729352
137.7,127.929343,37.961012,8427.797724,-142.252,3.939,295.488,0.8679020888729352
137.7166,127.929329,37.96102,8428.1936592,-142.161,3.787,295.424,0.8679020888729352
137.7333,127.929314,37.961029,8428.5853272,-142.068,3.635,295.36,0.8679020888729352
137.75,127.929299,37.961037,8428.972728,-141.974,3.483,295.295,0.8679020888729352
137.7666,127.929285,37.961045,8429.3558616,-141.88,3.331,295.231,0.8679020888729352
137.7833,127.92927,37.961054,8429.735032800001,-141.784,3.18,295.166,0.8679020888729352
137.8,127.929255,37.961062,8430.109936800001,-141.688,3.028,295.1,0.8679020888729352
137.8166,127.92924,37.96107,8430.4805736,-141.591,2.877,295.034,0.8679020888729352
137.8333,127.929225,37.961078,8430.847248,-141.493,2.726,294.968,0.8679020888729352
137.85,127.929211,37.961087,8431.2093504,-141.395,2.575,294.902,0.8679020888729352
137.8666,127.929196,37.961095,8431.5674904,-141.296,2.425,294.835,0.8679020888729352
137.8833,127.929181,37.961103,8431.921363200001,-141.196,2.275,294.768,0.8679020888729352
137.9,127.929166,37.961112,8432.270968800001,-141.095,2.125,294.701,0.8679020888729352
137.9166,127.929151,37.96112,8432.6163072,-140.994,1.975,294.633,0.8679020888729352
137.9333,127.929136,37.961128,8432.9573784,-140.892,1.825,294.565,0.8679020888729352
137.95,127.929121,37.961136,8433.2944872,-140.79,1.676,294.496,0.8679020888729352
137.9666,127.929106,37.961145,8433.627024000001,-140.686,1.527,294.427,0.8679020888729352
137.9833,127.929091,37.961153,8433.9555984,-140.582,1.378,294.358,0.8679020888729352
138.0,127.929076,37.961161,8434.2796008,-140.478,1.229,294.288,0.8679020888729352
138.0166,127.929061,37.96117,8434.599640800001,-140.373,1.081,294.219,0.8679020888729352
138.0333,127.929046,37.961178,8434.9151088,-140.267,0.933,294.148,0.8679020888729352
138.05,127.92903,37.961186,8435.2266144,-140.161,0.785,294.078,0.8679020888729352
138.0666,127.929015,37.961194,8435.5338528,-140.054,0.637,294.006,0.8679020888729352
138.0833,127.929,37.961203,8435.836824,-139.946,0.49,293.935,0.8679020888729352
138.1,127.928985,37.961211,8436.135528,-139.838,0.343,293.863,0.8679020888729352
138.1166,127.92897,37.961219,8436.42966,-139.729,0.196,293.791,0.8679020888729352
138.1333,127.928954,37.961227,8436.7198296,-139.619,0.05,293.718,0.8679020888729352
138.15,127.928939,37.961235,8437.005732,-139.509,-0.095,293.645,0.8679020888729352
138.1666,127.928924,37.961244,8437.2873672,-139.399,-0.241,293.571,0.8679020888729352
138.1833,127.928908,37.961252,8437.5647352,-139.288,-0.386,293.496,0.8679020888729352
138.2,127.928893,37.96126,8437.837836,-139.177,-0.531,293.421,0.8679020888729352
138.2166,127.928878,37.961268,8438.1063648,-139.065,-0.675,293.346,0.8679020888729352
138.2333,127.928862,37.961276,8438.370931200001,-138.953,-0.819,293.27,0.8679020888729352
138.25,127.928847,37.961285,8438.6312304,-138.84,-0.962,293.193,0.8679020888729352
138.2666,127.928831,37.961293,8438.8872624,-138.726,-1.105,293.115,0.8679020888729352
138.2833,127.928816,37.961301,8439.138722400001,-138.612,-1.247,293.037,0.8679020888729352
138.3,127.9288,37.961309,8439.38622,-138.497,-1.388,292.958,0.8679020888729352
138.3166,127.928785,37.961317,8439.6291456,-138.382,-1.529,292.878,0.8679020888729352
138.3333,127.928769,37.961326,8439.868108800001,-138.265,-1.67,292.798,0.8679020888729352
138.35,127.928754,37.961334,8440.1028048,-138.148,-1.81,292.717,0.8679020888729352
138.3666,127.928738,37.961342,8440.3329288,-138.029,-1.949,292.636,0.8679020888729352
138.3833,127.928722,37.96135,8440.5590904,-137.909,-2.088,292.554,0.8679020888729352
138.4,127.928707,37.961358,8440.7809848,-137.788,-2.226,292.471,0.8679020888729352
138.4166,127.928691,37.961366,8440.9983072,-137.666,-2.364,292.387,0.8679020888729352
138.4333,127.928675,37.961374,8441.2116672,-137.542,-2.502,292.303,0.8679020888729352
138.45,127.92866,37.961382,8441.42076,-137.416,-2.638,292.219,0.8679020888729352
138.4666,127.928644,37.961391,8441.6252808,-137.289,-2.775,292.133,0.8679020888729352
138.4833,127.928628,37.961399,8441.8258392,-137.16,-2.91,292.047,0.8679020888729352
138.5,127.928612,37.961407,8442.0221304,-137.029,-3.046,291.961,0.8679020888729352
138.5166,127.928597,37.961415,8442.2141544,-136.896,-3.18,291.874,0.8679020888729352
138.5333,127.928581,37.961423,8442.4016064,-136.762,-3.314,291.786,0.8679020888729352
138.55,127.928565,37.961431,8442.585096,-136.627,-3.448,291.698,0.8679020888729352
138.5666,127.928549,37.961439,8442.7640136,-136.491,-3.581,291.609,0.8679020888729352
138.5833,127.928533,37.961447,8442.938664000001,-136.353,-3.714,291.52,0.8679020888729352
138.6,127.928517,37.961455,8443.109047200001,-136.213,-3.846,291.43,0.8679020888729352
138.6166,127.928501,37.961463,8443.2751632,-136.072,-3.978,291.34,0.8679020888729352
138.6333,127.928485,37.961471,8443.437012,-135.931,-4.109,291.249,0.8679020888729352
138.65,127.928469,37.961479,8443.594288799999,-135.79,-4.24,291.158,0.8679020888729352
138.6666,127.928453,37.961487,8443.7472984,-135.648,-4.37,291.066,0.8679020888729352
138.6833,127.928437,37.961496,8443.895736,-135.505,-4.5,290.974,0.8679020888729352
138.7,127.928421,37.961504,8444.040211200001,-135.362,-4.63,290.882,0.8679020888729352
138.7166,127.928405,37.961512,8444.1798096,-135.219,-4.759,290.789,0.8679020888729352
138.7333,127.928389,37.96152,8444.315445600001,-135.075,-4.888,290.696,0.8679020888729352
138.75,127.928373,37.961528,8444.4465096,-134.931,-5.016,290.602,0.8679020888729352
138.7666,127.928357,37.961536,8444.573306400001,-134.786,-5.144,290.508,0.8679020888729352
138.7833,127.92834,37.961543,8444.695531200001,-134.641,-5.271,290.413,0.8679020888729352
138.8,127.928324,37.961551,8444.8134888,-134.496,-5.398,290.319,0.8679020888729352
138.8166,127.928308,37.961559,8444.927179200002,-134.35,-5.525,290.223,0.8679020888729352
138.8333,127.928292,37.961567,8445.036297600001,-134.198,-5.65,290.128,0.8679020888729352
138.85,127.928275,37.961575,8445.1414536,-134.041,-5.774,290.033,0.8679020888729352
138.8666,127.928259,37.961583,8445.2423424,-133.878,-5.897,289.937,0.8679020888729352
138.8833,127.928243,37.961591,8445.3392688,-133.709,-6.019,289.841,0.8679020888729352
138.9,127.928226,37.961599,8445.431928,-133.535,-6.14,289.745,0.8679020888729352
138.9166,127.92821,37.961607,8445.520624800001,-133.356,-6.26,289.649,0.8679020888729352
138.9333,127.928194,37.961615,8445.6050544,-133.17,-6.378,289.554,0.8679020888729352
138.95,127.928177,37.961623,8445.6858264,-132.976,-6.493,289.46,0.8679020888729352
138.9666,127.928161,37.961631,8445.7623312,-132.777,-6.605,289.368,0.8679020888729352
138.9833,127.928144,37.961639,8445.8348736,-132.571,-6.715,289.277,0.8679020888729352
139.0,127.928128,37.961647,8445.9034536,-132.358,-6.822,289.187,0.8679020888729352
139.0166,127.928111,37.961654,8445.9677664,-132.139,-6.927,289.099,0.8679020888729352
139.0333,127.928095,37.961662,8446.0284216,-131.911,-7.028,289.012,0.8679020888729352
139.05,127.928078,37.96167,8446.0851144,-131.672,-7.126,288.928,0.8679020888729352
139.0666,127.928062,37.961678,8446.1381496,-131.424,-7.221,288.846,0.8679020888729352
139.0833,127.928045,37.961686,8446.1872224,-131.166,-7.312,288.766,0.8679020888729352
139.1,127.928029,37.961694,8446.2323328,-130.899,-7.4,288.688,0.8679020888729352
139.1166,127.928012,37.961702,8446.2737856,-130.622,-7.485,288.612,0.8679020888729352
139.1333,127.927996,37.961709,8446.311276,-130.336,-7.567,288.539,0.8679020888729352
139.15,127.927979,37.961717,8446.3451088,-130.041,-7.644,288.469,0.8679020888729352
139.1666,127.927962,37.961725,8446.375284000002,-129.737,-7.719,288.401,0.8679020888729352
139.1833,127.927946,37.961733,8446.401496800001,-129.425,-7.789,288.336,0.8679020888729352
139.2,127.927929,37.961741,8446.4237472,-129.103,-7.857,288.273,0.8679020888729352
139.2166,127.927912,37.961749,8446.4426448,-128.773,-7.921,288.213,0.8679020888729352
139.2333,127.927895,37.961756,8446.4572752,-128.434,-7.981,288.157,0.8679020888729352
139.25,127.927879,37.961764,8446.4685528,-128.087,-8.037,288.103,0.8679020888729352
139.2666,127.927862,37.961772,8446.475868,-127.731,-8.09,288.052,0.8679020888729352
139.2833,127.927845,37.96178,8446.4795256,-127.368,-8.14,288.005,0.8679020888729352
139.3,127.927828,37.961788,8446.4795256,-126.997,-8.186,287.96,0.8679020888729352
139.3166,127.927811,37.961795,8446.4755632,-126.617,-8.229,287.918,0.8679020888729352
139.3333,127.927795,37.961803,8446.468248,-126.231,-8.268,287.88,0.8679020888729352
139.35,127.927778,37.961811,8446.4569704,-125.836,-8.304,287.844,0.8679020888729352
139.3666,127.927761,37.961819,8446.4420352,-125.435,-8.336,287.812,0.8679020888729352
139.3833,127.927744,37.961826,8446.4234424,-125.026,-8.366,287.783,0.8679020888729352
139.4,127.927727,37.961834,8446.401496800001,-124.61,-8.392,287.758,0.8679020888729352
139.4166,127.92771,37.961842,8446.3755888,-124.187,-8.415,287.735,0.8679020888729352
139.4333,127.927693,37.96185,8446.3460232,-123.757,-8.434,287.716,0.8679020888729352
139.45,127.927676,37.961858,8446.3128,-123.321,-8.451,287.7,0.8679020888729352
139.4666,127.927659,37.961865,8446.276224000001,-122.878,-8.464,287.687,0.8679020888729352
139.4833,127.927642,37.961873,8446.2359904,-122.429,-8.475,287.677,0.8679020888729352
139.5,127.927625,37.961881,8446.1920992,-121.973,-8.482,287.671,0.8679020888729352
139.5166,127.927608,37.961888,8446.1445504,-121.512,-8.487,287.668,0.8679020888729352
139.5333,127.927591,37.961896,8446.0936488,-121.044,-8.489,287.667,0.8679020888729352
139.55,127.927574,37.961904,8446.0390896,-120.571,-8.489,287.67,0.8679020888729352
139.5666,127.927557,37.961912,8445.9808728,-120.091,-8.486,287.676,0.8679020888729352
139.5833,127.927539,37.961919,8445.9193032,-119.606,-8.48,287.685,0.8679020888729352
139.6,127.927522,37.961927,8445.8543808,-119.116,-8.472,287.697,0.8679020888729352
139.6166,127.927505,37.961935,8445.7858008,-118.619,-8.462,287.711,0.8679020888729352
139.6333,127.927488,37.961942,8445.713868,-118.118,-8.45,287.728,0.8679020888729352
139.65,127.927471,37.96195,8445.638277600001,-117.611,-8.436,287.748,0.8679020888729352
139.6666,127.927453,37.961958,8445.5593344,-117.099,-8.419,287.77,0.8679020888729352
139.6833,127.927436,37.961965,8445.4770384,-116.582,-8.401,287.795,0.8679020888729352
139.7,127.927419,37.961973,8445.3913896,-116.06,-8.381,287.823,0.8679020888729352
139.7166,127.927402,37.961981,8445.302388,-115.532,-8.359,287.853,0.8679020888729352
139.7333,127.927384,37.961988,8445.2100336,-115.0,-8.336,287.885,0.8679020888729352
139.75,127.927367,37.961996,8445.1140216,-114.463,-8.311,287.92,0.8679020888729352
139.7666,127.92735,37.962004,8445.0149616,-113.922,-8.285,287.957,0.8679020888729352
139.7833,127.927332,37.962011,8444.9125488,-113.375,-8.257,287.996,0.8679020888729352
139.8,127.927315,37.962019,8444.806783200002,-112.824,-8.227,288.037,0.8679020888729352
139.8166,127.927298,37.962027,8444.6976648,-112.268,-8.197,288.08,0.8679020888729352
139.8333,127.92728,37.962034,8444.5854984,-111.708,-8.165,288.126,0.8679020888729352
139.85,127.927263,37.962042,8444.469674400001,-111.143,-8.132,288.173,0.8679020888729352
139.8666,127.927245,37.96205,8444.3508024,-110.573,-8.098,288.223,0.8679020888729352
139.8833,127.927228,37.962057,8444.2288824,-109.999,-8.063,288.274,0.8679020888729352
139.9,127.92721,37.962065,8444.1036096,-109.421,-8.028,288.327,0.8679020888729352
139.9166,127.927193,37.962073,8443.9752888,-108.838,-7.991,288.382,0.8679020888729352
139.9333,127.927175,37.96208,8443.843615200001,-108.25,-7.953,288.439,0.8679020888729352
139.95,127.927158,37.962088,8443.7085888,-107.659,-7.915,288.497,0.8679020888729352
139.9666,127.92714,37.962095,8443.5708192,-107.063,-7.876,288.557,0.8679020888729352
139.9833,127.927123,37.962103,8443.4296968,-106.462,-7.837,288.619,0.8679020888729352
140.0,127.927105,37.962111,8443.285221600001,-105.857,-7.797,288.682,0.8679020888729352
140.0166,127.927087,37.962118,8443.1380032,-105.248,-7.756,288.747,0.8679020888729352
140.0333,127.92707,37.962126,8442.987432,-104.634,-7.716,288.813,0.8679020888729352
140.05,127.927052,37.962134,8442.8341176,-104.016,-7.675,288.879,0.8679020888729352
140.0666,127.927034,37.962141,8442.6774504,-103.393,-7.634,288.947,0.8679020888729352
140.0833,127.927017,37.962149,8442.517735200001,-102.765,-7.592,289.015,0.8679020888729352
140.1,127.926999,37.962156,8442.354972000001,-102.134,-7.551,289.084,0.8679020888729352
140.1166,127.926981,37.962164,8442.1891608,-101.497,-7.509,289.154,0.8679020888729352
140.1333,127.926964,37.962172,8442.020606400001,-100.857,-7.468,289.225,0.8679020888729352
140.15,127.926946,37.962179,8441.8486992,-100.211,-7.426,289.296,0.8679020888729352
140.1666,127.926928,37.962187,8441.6740488,-99.561,-7.385,289.368,0.8679020888729352
140.1833,127.92691,37.962194,8441.4960456,-98.906,-7.344,289.441,0.8679020888729352
140.2,127.926892,37.962202,8441.315604,-98.247,-7.303,289.514,0.8679020888729352
140.2166,127.926875,37.96221,8441.131809600001,-97.583,-7.262,289.587,0.8679020888729352
140.2333,127.926857,37.962217,8440.945272,-96.914,-7.221,289.661,0.8679020888729352
140.25,127.926839,37.962225,8440.7553816,-96.241,-7.181,289.737,0.8679020888729352
140.2666,127.926821,37.962232,8440.5630528,-95.563,-7.141,289.813,0.8679020888729352
140.2833,127.926803,37.96224,8440.367676,-94.88,-7.101,289.89,0.8679020888729352
140.3,127.926785,37.962248,8440.1692512,-94.192,-7.062,289.967,0.8679020888729352
140.3166,127.926767,37.962255,8439.968083200001,-93.5,-7.023,290.046,0.8679020888729352
140.3333,127.926749,37.962263,8439.7638672,-92.803,-6.984,290.125,0.8679020888729352
140.35,127.926732,37.96227,8439.556908,-92.1,-6.946,290.205,0.8679020888729352
140.3666,127.926714,37.962278,8439.346900800001,-91.393,-6.908,290.286,0.8679020888729352
140.3833,127.926696,37.962286,8439.134150400001,-90.681,-6.871,290.367,0.8679020888729352
140.4,127.926678,37.962293,8438.918352,-89.964,-6.835,290.449,0.8679020888729352
140.4166,127.92666,37.962301,8438.700115200001,-89.242,-6.799,290.531,0.8679020888729352
140.4333,127.926642,37.962308,8438.4788304,-88.515,-6.764,290.614,0.8679020888729352
140.45,127.926623,37.962316,8438.2544976,-87.783,-6.729,290.698,0.8679020888729352
140.4666,127.926605,37.962324,8438.0274216,-87.045,-6.695,290.782,0.8679020888729352
140.4833,127.926587,37.962331,8437.7976024,-86.303,-6.662,290.866,0.8679020888729352
140.5,127.926569,37.962339,8437.56504,-85.555,-6.63,290.951,0.8679020888729352
140.5166,127.926551,37.962346,8437.3297344,-84.803,-6.599,291.036,0.8679020888729352
140.5333,127.926533,37.962354,8437.0913808,-84.044,-6.568,291.121,0.8679020888729352
140.55,127.926515,37.962362,8436.850284,-83.281,-6.539,291.206,0.8679020888729352
140.5666,127.926497,37.962369,8436.606444000001,-82.512,-6.51,291.291,0.8679020888729352
140.5833,127.926479,37.962377,8436.359860800001,-81.738,-6.482,291.376,0.8679020888729352
140.6,127.92646,37.962384,8436.1105344,-80.959,-6.455,291.462,0.8679020888729352
140.6166,127.926442,37.962392,8435.858464800001,-80.174,-6.429,291.547,0.8679020888729352
140.6333,127.926424,37.9624,8435.603347200002,-79.384,-6.403,291.632,0.8679020888729352
140.65,127.926406,37.962407,8435.345791200001,-78.589,-6.379,291.716,0.8679020888729352
140.6666,127.926387,37.962415,8435.0851872,-77.788,-6.356,291.8,0.8679020888729352
140.6833,127.926369,37.962423,8434.8221448,-76.981,-6.333,291.884,0.8679020888729352
140.7,127.926351,37.96243,8434.5560544,-76.169,-6.312,291.967,0.8679020888729352
140.7166,127.926333,37.962438,8434.2872208,-75.352,-6.291,292.049,0.8679020888729352
140.7333,127.926314,37.962446,8434.0159488,-74.529,-6.272,292.131,0.8679020888729352
140.75,127.926296,37.962453,8433.7416288,-73.7,-6.253,292.211,0.8679020888729352
140.7666,127.926278,37.962461,8433.464565600001,-72.866,-6.235,292.291,0.8679020888729352
140.7833,127.926259,37.962468,8433.185064000001,-72.026,-6.217,292.369,0.8679020888729352
140.8,127.926241,37.962476,8432.9025144,-71.181,-6.201,292.447,0.8679020888729352
140.8166,127.926223,37.962484,8432.6175264,-70.33,-6.185,292.524,0.8679020888729352
140.8333,127.926204,37.962491,8432.3294904,-69.473,-6.171,292.598,0.8679020888729352
140.85,127.926186,37.962499,8432.039016,-68.611,-6.156,292.672,0.8679020888729352
140.8666,127.926167,37.962507,8431.7457984,-67.743,-6.142,292.743,0.8679020888729352
140.8833,127.926149,37.962514,8431.449532800001,-66.87,-6.129,292.814,0.8679020888729352
140.9,127.92613,37.962522,8431.1508288,-65.991,-6.117,292.882,0.8679020888729352
140.9166,127.926112,37.96253,8430.849381600001,-65.106,-6.104,292.949,0.8679020888729352
140.9333,127.926094,37.962537,8430.545496,-64.216,-6.093,293.014,0.8679020888729352
140.95,127.926075,37.962545,8430.2385624,-63.32,-6.081,293.077,0.8679020888729352
140.9666,127.926057,37.962553,8429.9291904,-62.419,-6.069,293.138,0.8679020888729352
140.9833,127.926038,37.96256,8429.6170752,-61.512,-6.058,293.197,0.8679020888729352
141.0,127.926019,37.962568,8429.3022168,-60.6,-6.047,293.254,0.8679020888729352
141.0166,127.926001,37.962576,8428.984615200001,-59.682,-6.036,293.309,0.8679020888729352
141.0333,127.925982,37.962583,8428.6645752,-58.759,-6.025,293.361,0.8679020888729352
141.05,127.925964,37.962591,8428.341792000001,-57.83,-6.013,293.411,0.8679020888729352
141.0666,127.925945,37.962599,8428.016265600001,-56.896,-6.001,293.459,0.8679020888729352
141.0833,127.925927,37.962606,8427.6883008,-55.956,-5.989,293.504,0.8679020888729352
141.1,127.925908,37.962614,8427.357592800001,-55.012,-5.976,293.547,0.8679020888729352
141.1166,127.925889,37.962622,8427.0244464,-54.062,-5.963,293.587,0.8679020888729352
141.1333,127.925871,37.96263,8426.688556800002,-53.106,-5.949,293.625,0.8679020888729352
141.15,127.925852,37.962637,8426.349924,-52.146,-5.934,293.66,0.8679020888729352
141.1666,127.925833,37.962645,8426.0088528,-51.18,-5.918,293.692,0.8679020888729352
141.1833,127.925815,37.962653,8425.6650384,-50.21,-5.9,293.722,0.8679020888729352
141.2,127.925796,37.96266,8425.3187856,-49.234,-5.882,293.749,0.8679020888729352
141.2166,127.925777,37.962668,8424.9700944,-48.254,-5.863,293.774,0.8679020888729352
141.2333,127.925758,37.962676,8424.61866,-47.268,-5.841,293.796,0.8679020888729352
141.25,127.92574,37.962684,8424.265092000001,-46.278,-5.818,293.815,0.8679020888729352
141.2666,127.925721,37.962691,8423.908476,-45.284,-5.793,293.831,0.8679020888729352
141.2833,127.925702,37.962699,8423.5497264,-44.285,-5.766,293.844,0.8679020888729352
141.3,127.925683,37.962707,8423.188538400002,-43.281,-5.737,293.856,0.8679020888729352
141.3166,127.925665,37.962714,8422.8246072,-42.273,-5.706,293.864,0.8679020888729352
141.3333,127.925646,37.962722,8422.458542400002,-41.261,-5.673,293.87,0.8679020888729352
141.35,127.925627,37.96273,8422.0897344,-40.245,-5.636,293.874,0.8679020888729352
141.3666,127.925608,37.962738,8421.7187928,-39.225,-5.597,293.874,0.8679020888729352
141.3833,127.925589,37.962745,8421.3454128,-38.201,-5.556,293.873,0.8679020888729352
141.4,127.92557,37.962753,8420.9695944,-37.174,-5.511,293.869,0.8679020888729352
141.4166,127.925551,37.962761,8420.5913376,-36.143,-5.464,293.863,0.8679020888729352
141.4333,127.925533,37.962769,8420.210947200001,-35.108,-5.414,293.855,0.8679020888729352
141.45,127.925514,37.962776,8419.8281184,-34.071,-5.359,293.845,0.8679020888729352
141.4666,127.925495,37.962784,8419.443156000001,-33.03,-5.302,293.832,0.8679020888729352
141.4833,127.925476,37.962792,8419.055755200001,-31.987,-5.24,293.818,0.8679020888729352
141.5,127.925457,37.9628,8418.6665256,-30.941,-5.176,293.803,0.8679020888729352
141.5166,127.925438,37.962807,8418.2745528,-29.892,-5.108,293.786,0.8679020888729352
141.5333,127.925419,37.962815,8417.8807512,-28.842,-5.036,293.767,0.8679020888729352
141.55,127.9254,37.962823,8417.484816,-27.789,-4.96,293.747,0.8679020888729352
141.5666,127.925381,37.962831,8417.0867472,-26.735,-4.88,293.726,0.8679020888729352
141.5833,127.925362,37.962838,8416.6865448,-25.68,-4.797,293.704,0.8679020888729352
141.6,127.925343,37.962846,8416.2845136,-24.623,-4.709,293.682,0.8679020888729352
141.6166,127.925324,37.962854,8415.880044,-23.565,-4.618,293.659,0.8679020888729352
141.6333,127.925305,37.962862,8415.4740504,-22.508,-4.523,293.636,0.8679020888729352
141.65,127.925285,37.962869,8415.066228000002,-21.452,-4.423,293.612,0.8679020888729352
141.6666,127.925266,37.962877,8414.6565768,-20.398,-4.319,293.588,0.8679020888729352
141.6833,127.925247,37.962885,8414.245096800001,-19.346,-4.212,293.565,0.8679020888729352
141.7,127.925228,37.962893,8413.831788000001,-18.296,-4.1,293.541,0.8679020888729352
141.7166,127.925209,37.962901,8413.4169552,-17.248,-3.986,293.519,0.8679020888729352
141.7333,127.92519,37.962908,8413.0005984,-16.208,-3.867,293.497,0.8679020888729352
141.75,127.925171,37.962916,8412.5827176,-15.174,-3.744,293.475,0.8679020888729352
141.7666,127.925151,37.962924,8412.163617600001,-14.147,-3.617,293.454,0.8679020888729352
141.7833,127.925132,37.962932,8411.7432984,-13.128,-3.487,293.435,0.8679020888729352
141.8,127.925113,37.962939,8411.3214552,-12.116,-3.353,293.416,0.8679020888729352
141.8166,127.925094,37.962947,8410.898392800002,-11.113,-3.216,293.399,0.8679020888729352
141.8333,127.925074,37.962955,8410.474416,-10.121,-3.075,293.384,0.8679020888729352
141.85,127.925055,37.962963,8410.0495248,-9.141,-2.931,293.37,0.8679020888729352
141.8666,127.925036,37.96297,8409.623414400001,-8.173,-2.783,293.358,0.8679020888729352
141.8833,127.925017,37.962978,8409.1966944,-7.217,-2.631,293.348,0.8679020888729352
141.9,127.924997,37.962986,8408.76906,-6.273,-2.477,293.339,0.8679020888729352
141.9166,127.924978,37.962994,8408.3402064,-5.342,-2.32,293.334,0.8679020888729352
141.9333,127.924959,37.963002,8407.911048,-4.426,-2.16,293.33,0.8679020888729352
141.95,127.924939,37.963009,8407.4815848,-3.526,-1.996,293.329,0.8679020888729352
141.9666,127.92492,37.963017,8407.0512072,-2.643,-1.829,293.33,0.8679020888729352
141.9833,127.924901,37.963025,8406.62022,-1.775,-1.66,293.334,0.8679020888729352
142.0,127.924881,37.963033,8406.1886232,-0.924,-1.487,293.34,0.8679020888729352
142.0166,127.924862,37.96304,8405.7567216,-0.089,-1.313,293.35,0.8679020888729352
142.0333,127.924842,37.963048,8405.3245152,0.726,-1.136,293.362,0.8679020888729352
142.05,127.924823,37.963056,8404.892004000001,1.523,-0.956,293.377,0.8679020888729352
142.0666,127.924803,37.963064,8404.459188,2.301,-0.775,293.396,0.8679020888729352
142.0833,127.924784,37.963072,8404.0260672,3.059,-0.593,293.417,0.8679020888729352
142.1,127.924764,37.963079,8403.5926416,3.798,-0.408,293.442,0.8679020888729352
142.1166,127.924745,37.963087,8403.159216,4.517,-0.223,293.469,0.8679020888729352
142.1333,127.924725,37.963095,8402.7257904,5.215,-0.036,293.5,0.8679020888729352
142.15,127.924706,37.963103,8402.29206,5.891,0.151,293.534,0.8679020888729352
142.1666,127.924686,37.963111,8401.8583296,6.546,0.339,293.572,0.8679020888729352
142.1833,127.924667,37.963119,8401.4245992,7.179,0.528,293.612,0.8679020888729352
142.2,127.924647,37.963126,8400.990868800001,7.791,0.717,293.656,0.8679020888729352
142.2166,127.924628,37.963134,8400.557138400001,8.381,0.906,293.703,0.8679020888729352
142.2333,127.924608,37.963142,8400.1237128,8.948,1.095,293.753,0.8679020888729352
142.25,127.924589,37.96315,8399.690287200001,9.493,1.284,293.806,0.8679020888729352
142.2666,127.924569,37.963158,8399.2571664,10.014,1.473,293.862,0.8679020888729352
142.2833,127.924549,37.963166,8398.8240456,10.513,1.662,293.922,0.8679020888729352
142.3,127.92453,37.963173,8398.390924800002,10.99,1.849,293.984,0.8679020888729352
142.3166,127.92451,37.963181,8397.9581088,11.445,2.036,294.05,0.8679020888729352
142.3333,127.92449,37.963189,8397.5252928,11.885,2.222,294.118,0.8679020888729352
142.35,127.924471,37.963197,8397.0924768,12.311,2.407,294.191,0.8679020888729352
142.3666,127.924451,37.963205,8396.659356,12.724,2.591,294.266,0.8679020888729352
142.3833,127.924431,37.963213,8396.2259304,13.123,2.774,294.345,0.8679020888729352
142.4,127.924412,37.963221,8395.7925048,13.508,2.955,294.426,0.8679020888729352
142.4166,127.924392,37.963229,8395.358469600002,13.88,3.134,294.511,0.8679020888729352
142.4333,127.924372,37.963237,8394.9247392,14.235,3.312,294.599,0.8679020888729352
142.45,127.924353,37.963244,8394.490704,14.574,3.488,294.689,0.8679020888729352
142.4666,127.924333,37.963252,8394.0566688,14.897,3.663,294.782,0.8679020888729352
142.4833,127.924313,37.96326,8393.6226336,15.204,3.835,294.878,0.8679020888729352
142.5,127.924293,37.963268,8393.1885984,15.496,4.005,294.975,0.8679020888729352
142.5166,127.924274,37.963276,8392.7542584,15.772,4.173,295.075,0.8679020888729352
142.5333,127.924254,37.963284,8392.320528,16.031,4.339,295.178,0.8679020888729352
142.55,127.924234,37.963292,8391.8864928,16.273,4.503,295.281,0.8679020888729352
142.5666,127.924214,37.9633,8391.4530672,16.498,4.664,295.387,0.8679020888729352
142.5833,127.924195,37.963308,8391.0193368,16.708,4.823,295.494,0.8679020888729352
142.6,127.924175,37.963316,8390.586216,16.902,4.979,295.603,0.8679020888729352
142.6166,127.924155,37.963324,8390.1527904,17.081,5.132,295.714,0.8679020888729352
142.6333,127.924135,37.963332,8389.7202792,17.243,5.283,295.825,0.8679020888729352
142.65,127.924115,37.96334,8389.287768,17.389,5.431,295.938,0.8679020888729352
142.6666,127.924096,37.963348,8388.8555616,17.52,5.577,296.051,0.8679020888729352
142.6833,127.924076,37.963356,8388.42366,17.636,5.72,296.165,0.8679020888729352
142.7,127.924056,37.963364,8387.992063200001,17.738,5.86,296.281,0.8679020888729352
142.7166,127.924036,37.963372,8387.5607712,17.825,5.997,296.396,0.8679020888729352
142.7333,127.924016,37.96338,8387.1300888,17.897,6.132,296.513,0.8679020888729352
142.75,127.923996,37.963388,8386.6997112,17.953,6.264,296.629,0.8679020888729352
142.7666,127.923976,37.963396,8386.269943199999,17.995,6.393,296.746,0.8679020888729352
142.7833,127.923957,37.963404,8385.8407848,18.022,6.519,296.863,0.8679020888729352
142.8,127.923937,37.963412,8385.4119312,18.036,6.643,296.98,0.8679020888729352
142.8166,127.923917,37.963421,8384.983687200001,18.037,6.764,297.097,0.8679020888729352
142.8333,127.923897,37.963429,8384.5560528,18.025,6.882,297.214,0.8679020888729352
142.85,127.923877,37.963437,8384.128723200001,18.0,6.997,297.331,0.8679020888729352
142.8666,127.923857,37.963445,8383.702308,17.964,7.11,297.447,0.8679020888729352
142.8833,127.923837,37.963453,8383.2761976,17.916,7.219,297.563,0.8679020888729352
142.9,127.923817,37.963461,8382.8506968,17.858,7.327,297.678,0.8679020888729352
142.9166,127.923797,37.963469,8382.4255008,17.79,7.431,297.793,0.8679020888729352
142.9333,127.923777,37.963477,8382.001219200001,17.712,7.533,297.907,0.8679020888729352
142.95,127.923758,37.963486,8381.5772424,17.625,7.632,298.02,0.8679020888729352
142.9666,127.923738,37.963494,8381.1538752,17.529,7.728,298.132,0.8679020888729352
142.9833,127.923718,37.963502,8380.7314224,17.426,7.822,298.244,0.8679020888729352
143.0,127.923698,37.96351,8380.3092744,17.315,7.914,298.354,0.8679020888729352
143.0166,127.923678,37.963518,8379.887736,17.198,8.002,298.464,0.8679020888729352
143.0333,127.923658,37.963527,8379.4668072,17.075,8.089,298.572,0.8679020888729352
143.05,127.923638,37.963535,8379.046488,16.946,8.172,298.679,0.8679020888729352
143.0666,127.923618,37.963543,8378.626778400001,16.812,8.254,298.785,0.8679020888729352
143.0833,127.923598,37.963551,8378.2076784,16.674,8.332,298.89,0.8679020888729352
143.1,127.923578,37.96356,8377.789188,16.532,8.409,298.993,0.8679020888729352
143.1166,127.923558,37.963568,8377.3713072,16.387,8.483,299.095,0.8679020888729352
143.1333,127.923538,37.963576,8376.953731200001,16.239,8.555,299.196,0.8679020888729352
143.15,127.923518,37.963584,8376.5370696,16.09,8.624,299.295,0.8679020888729352
143.1666,127.923498,37.963593,8376.1210176,15.939,8.691,299.392,0.8679020888729352
143.1833,127.923478,37.963601,8375.7055752,15.787,8.756,299.489,0.8679020888729352
143.2,127.923458,37.963609,8375.2904376,15.635,8.818,299.583,0.8679020888729352
143.2166,127.923438,37.963618,8374.876214400001,15.483,8.879,299.677,0.8679020888729352
143.2333,127.923418,37.963626,8374.462600800001,15.331,8.937,299.768,0.8679020888729352
143.25,127.923398,37.963634,8374.049292000002,15.181,8.993,299.858,0.8679020888729352
143.2666,127.923378,37.963642,8373.636897600001,15.033,9.047,299.947,0.8679020888729352
143.2833,127.923358,37.963651,8373.224808,14.887,9.099,300.034,0.8679020888729352
143.3,127.923338,37.963659,8372.8136328,14.744,9.149,300.119,0.8679020888729352
143.3166,127.923318,37.963668,8372.4030672,14.603,9.196,300.203,0.8679020888729352
143.3333,127.923298,37.963676,8371.992806400001,14.466,9.242,300.285,0.8679020888729352
143.35,127.923278,37.963684,8371.5831552,14.333,9.286,300.366,0.8679020888729352
143.3666,127.923258,37.963693,8371.1741136,14.204,9.328,300.445,0.8679020888729352
143.3833,127.923238,37.963701,8370.7659864,14.08,9.369,300.523,0.8679020888729352
143.4,127.923218,37.963709,8370.358164000001,13.961,9.407,300.599,0.8679020888729352
143.4166,127.923198,37.963718,8369.9509512,13.846,9.444,300.673,0.8679020888729352
143.4333,127.923178,37.963726,8369.544348,13.737,9.479,300.746,0.8679020888729352
143.45,127.923158,37.963735,8369.1383544,13.635,9.512,300.818,0.8679020888729352
143.4666,127.923138,37.963743,8368.7329704,13.538,9.543,300.888,0.8679020888729352
143.4833,127.923118,37.963752,8368.328196,13.448,9.573,300.956,0.8679020888729352
143.5,127.923098,37.96376,8367.9240312,13.364,9.602,301.023,0.8679020888729352
143.5166,127.923078,37.963768,8367.520476,13.286,9.629,301.089,0.8679020888729352
143.5333,127.923057,37.963777,8367.1175304,13.215,9.654,301.153,0.8679020888729352
143.55,127.923037,37.963785,8366.7151944,13.151,9.678,301.215,0.8679020888729352
143.5666,127.923017,37.963794,8366.3137728,13.094,9.701,301.277,0.8679020888729352
143.5833,127.922997,37.963802,8365.912656,13.044,9.722,301.337,0.8679020888729352
143.6,127.922977,37.963811,8365.5124536,13.001,9.742,301.395,0.8679020888729352
143.6166,127.922957,37.963819,8365.112556,12.965,9.76,301.453,0.8679020888729352
143.6333,127.922937,37.963828,8364.713572800001,12.936,9.778,301.509,0.8679020888729352
143.65,127.922917,37.963836,8364.3151992,12.913,9.794,301.564,0.8679020888729352
143.6666,127.922897,37.963845,8363.91774,12.898,9.809,301.618,0.8679020888729352
143.6833,127.922877,37.963853,8363.520585600001,12.89,9.823,301.67,0.8679020888729352
143.7,127.922857,37.963862,8363.124345600001,12.888,9.836,301.721,0.8679020888729352
143.7166,127.922837,37.96387,8362.72902,12.893,9.848,301.772,0.8679020888729352
143.7333,127.922817,37.963879,8362.3339992,12.904,9.858,301.821,0.8679020888729352
143.75,127.922796,37.963888,8361.9401976,12.922,9.868,301.869,0.8679020888729352
143.7666,127.922776,37.963896,8361.546700800001,12.945,9.877,301.916,0.8679020888729352
143.7833,127.922756,37.963905,8361.1544232,12.974,9.885,301.962,0.8679020888729352
143.8,127.922736,37.963913,8360.762755200001,13.01,9.892,302.007,0.8679020888729352
143.8166,127.922716,37.963922,8360.3716968,13.05,9.899,302.051,0.8679020888729352
143.8333,127.922696,37.963931,8359.9815528,13.096,9.905,302.094,0.8679020888729352
143.85,127.922676,37.963939,8359.5923232,13.146,9.909,302.137,0.8679020888729352
143.8666,127.922656,37.963948,8359.204008,13.201,9.914,302.178,0.8679020888729352
143.8833,127.922636,37.963956,8358.8166072,13.26,9.917,302.219,0.8679020888729352
143.9,127.922616,37.963965,8358.429816,13.324,9.92,302.259,0.8679020888729352
143.9166,127.922595,37.963974,8358.044244,13.392,9.923,302.299,0.8679020888729352
143.9333,127.922575,37.963982,8357.6589768,13.468,9.924,302.337,0.8679020888729352
143.95,127.922555,37.963991,8357.2743192,13.552,9.924,302.375,0.8679020888729352
143.9666,127.922535,37.964,8356.8899664,13.644,9.924,302.412,0.8679020888729352
143.9833,127.922515,37.964008,8356.5062232,13.745,9.922,302.449,0.8679020888729352
144.0,127.922495,37.964017,8356.1230896,13.853,9.92,302.484,0.8679020888729352
144.0166,127.922475,37.964026,8355.740260800001,13.969,9.917,302.52,0.8679020888729352
144.0333,127.922455,37.964035,8355.3580416,14.092,9.913,302.554,0.8679020888729352
144.05,127.922434,37.964043,8354.9761272,14.223,9.908,302.589,0.8679020888729352
144.0666,127.922414,37.964052,8354.5951272,14.361,9.903,302.622,0.8679020888729352
144.0833,127.922394,37.964061,8354.2141272,14.506,9.897,302.655,0.8679020888729352
144.1,127.922374,37.964069,8353.834041600001,14.657,9.89,302.688,0.8679020888729352
144.1166,127.922354,37.964078,8353.454260800001,14.815,9.883,302.72,0.8679020888729352
144.1333,127.922334,37.964087,8353.0747848,14.98,9.875,302.752,0.8679020888729352
144.15,127.922314,37.964096,8352.6959184,15.15,9.866,302.784,0.8679020888729352
144.1666,127.922294,37.964104,8352.3176616,15.327,9.857,302.815,0.8679020888729352
144.1833,127.922273,37.964113,8351.939709600001,15.509,9.848,302.846,0.8679020888729352
144.2,127.922253,37.964122,8351.5623672,15.697,9.838,302.877,0.8679020888729352
144.2166,127.922233,37.964131,8351.185329599999,15.89,9.828,302.908,0.8679020888729352
144.2333,127.922213,37.96414,8350.808901600001,16.087,9.817,302.938,0.8679020888729352
144.25,127.922193,37.964148,8350.432778400002,16.29,9.806,302.968,0.8679020888729352
144.2666,127.922173,37.964157,8350.057264800002,16.497,9.795,302.999,0.8679020888729352
144.2833,127.922152,37.964166,8349.682056000001,16.708,9.784,303.029,0.8679020888729352
144.3,127.922132,37.964175,8349.307456800001,16.923,9.772,303.059,0.8679020888729352
144.3166,127.922112,37.964184,8348.9331624,17.142,9.76,303.089,0.8679020888729352
144.3333,127.922092,37.964193,8348.5591728,17.365,9.748,303.119,0.8679020888729352
144.35,127.922072,37.964202,8348.1857928,17.59,9.736,303.149,0.8679020888729352
144.3666,127.922052,37.96421,8347.8127176,17.819,9.724,303.18,0.8679020888729352
144.3833,127.922031,37.964219,8347.440252,18.05,9.711,303.21,0.8679020888729352
144.4,127.922011,37.964228,8347.0680912,18.284,9.699,303.241,0.8679020888729352
144.4166,127.921991,37.964237,8346.69654,18.519,9.686,303.272,0.8679020888729352
144.4333,127.921971,37.964246,8346.3252936,18.757,9.674,303.303,0.8679020888729352
144.45,127.921951,37.964255,8345.954352,18.997,9.662,303.334,0.8679020888729352
144.4666,127.921931,37.964264,8345.5837152,19.238,9.65,303.366,0.8679020888729352
144.4833,127.92191,37.964273,8345.213688000002,19.48,9.637,303.398,0.8679020888729352
144.5,127.92189,37.964282,8344.843965600001,19.723,9.625,303.43,0.8679020888729352
144.5166,127.92187,37.964291,8344.474548,19.966,9.613,303.463,0.8679020888729352
144.5333,127.92185,37.9643,8344.10574,20.211,9.602,303.496,0.8679020888729352
144.55,127.92183,37.964309,8343.7372368,20.455,9.59,303.53,0.8679020888729352
144.5666,127.921809,37.964318,8343.3690384,20.699,9.579,303.565,0.8679020888729352
144.5833,127.921789,37.964327,8343.0011448,20.944,9.567,303.599,0.8679020888729352
144.6,127.921769,37.964336,8342.633556,21.188,9.556,303.635,0.8679020888729352
144.6166,127.921749,37.964345,8342.2665768,21.431,9.546,303.671,0.8679020888729352
144.6333,127.921729,37.964354,8341.8999024,21.673,9.535,303.707,0.8679020888729352
144.65,127.921708,37.964363,8341.5335328,21.914,9.525,303.745,0.8679020888729352
144.6666,127.921688,37.964372,8341.167468,22.154,9.515,303.782,0.8679020888729352
144.6833,127.921668,37.964381,8340.801708,22.392,9.506,303.821,0.8679020888729352
144.7,127.921648,37.96439,8340.4365576,22.629,9.496,303.86,0.8679020888729352
144.7166,127.921628,37.964399,8340.0714072,22.864,9.487,303.901,0.8679020888729352
144.7333,127.921607,37.964408,8339.7068664,23.097,9.478,303.941,0.8679020888729352
144.75,127.921587,37.964418,8339.3423256,23.328,9.47,303.983,0.8679020888729352
144.7666,127.921567,37.964427,8338.978394400001,23.556,9.462,304.025,0.8679020888729352
144.7833,127.921547,37.964436,8338.614768000001,23.782,9.454,304.069,0.8679020888729352
144.8,127.921526,37.964445,8338.2511416,24.006,9.447,304.113,0.8679020888729352
144.8166,127.921506,37.964454,8337.888124800002,24.226,9.44,304.158,0.8679020888729352
144.8333,127.921486,37.964463,8337.5254128,24.444,9.433,304.203,0.8679020888729352
144.85,127.921466,37.964473,8337.162700800001,24.658,9.427,304.25,0.8679020888729352
144.8666,127.921446,37.964482,8336.8005984,24.869,9.421,304.298,0.8679020888729352
144.8833,127.921425,37.964491,8336.4388008,25.077,9.415,304.346,0.8679020888729352
144.9,127.921405,37.9645,8336.0770032,25.282,9.41,304.395,0.8679020888729352
144.9166,127.921385,37.964509,8335.715815200001,25.483,9.405,304.445,0.8679020888729352
144.9333,127.921365,37.964519,8335.3546272,25.681,9.4,304.496,0.8679020888729352
144.95,127.921344,37.964528,8334.9940488,25.874,9.396,304.549,0.8679020888729352
144.9666,127.921324,37.964537,8334.6334704,26.064,9.392,304.601,0.8679020888729352
144.9833,127.921304,37.964546,8334.2731968,26.251,9.389,304.655,0.8679020888729352
145.0,127.921284,37.964556,8333.913228000001,26.433,9.385,304.71,0.8679020888729352
145.0166,127.921264,37.964565,8333.553564,26.611,9.382,304.766,0.8679020888729352
145.0333,127.921243,37.964574,8333.1942048,26.786,9.38,304.822,0.8679020888729352
145.05,127.921223,37.964584,8332.8348456,26.956,9.377,304.88,0.8679020888729352
145.0666,127.921203,37.964593,8332.476096,27.122,9.375,304.938,0.8679020888729352
145.0833,127.921183,37.964602,8332.1173464,27.284,9.374,304.997,0.8679020888729352
145.1,127.921162,37.964612,8331.7589016,27.442,9.372,305.057,0.8679020888729352
145.1166,127.921142,37.964621,8331.4010664,27.596,9.371,305.118,0.8679020888729352
145.1333,127.921122,37.964631,8331.0429264,27.745,9.37,305.18,0.8679020888729352
145.15,127.921102,37.96464,8330.685396,27.891,9.369,305.243,0.8679020888729352
145.1666,127.921081,37.964649,8330.3281704,28.032,9.369,305.306,0.8679020888729352
145.1833,127.921061,37.964659,8329.9709448,28.169,9.369,305.37,0.8679020888729352
145.2,127.921041,37.964668,8329.614024,28.302,9.369,305.435,0.8679020888729352
145.2166,127.921021,37.964678,8329.257408,28.431,9.37,305.501,0.8679020888729352
145.2333,127.921001,37.964687,8328.9010968,28.556,9.37,305.568,0.8679020888729352
145.25,127.92098,37.964697,8328.5450904,28.677,9.371,305.635,0.8679020888729352
145.2666,127.92096,37.964706,8328.189084000001,28.793,9.372,305.703,0.8679020888729352
145.2833,127.92094,37.964716,8327.8336872,28.906,9.374,305.772,0.8679020888729352
145.3,127.92092,37.964725,8327.4782904,29.015,9.375,305.842,0.8679020888729352
145.3166,127.920899,37.964735,8327.1231984,29.12,9.377,305.912,0.8679020888729352
145.3333,127.920879,37.964744,8326.7681064,29.221,9.379,305.983,0.8679020888729352
145.35,127.920859,37.964754,8326.413624,29.319,9.381,306.054,0.8679020888729352
145.3666,127.920839,37.964763,8326.0591416,29.412,9.383,306.126,0.8679020888729352
145.3833,127.920818,37.964773,8325.7052688,29.503,9.385,306.199,0.8679020888729352
145.4,127.920798,37.964782,8325.351396,29.589,9.388,306.272,0.8679020888729352
145.4166,127.920778,37.964792,8324.9975232,29.672,9.39,306.345,0.8679020888729352
145.4333,127.920758,37.964802,8324.644260000001,29.752,9.393,306.419,0.8679020888729352
145.45,127.920738,37.964811,8324.2913016,29.829,9.396,306.494,0.8679020888729352
145.4666,127.920717,37.964821,8323.9383432,29.902,9.399,306.569,0.8679020888729352
145.4833,127.920697,37.964831,8323.5856896,29.972,9.402,306.644,0.8679020888729352
145.5,127.920677,37.96484,8323.2333408,30.039,9.405,306.72,0.8679020888729352
145.5166,127.920657,37.96485,8322.8812968,30.104,9.409,306.796,0.8679020888729352
145.5333,127.920636,37.96486,8322.5295576,30.165,9.412,306.873,0.8679020888729352
145.55,127.920616,37.964869,8322.178123200001,30.224,9.415,306.95,0.8679020888729352
145.5666,127.920596,37.964879,8321.8266888,30.28,9.418,307.027,0.8679020888729352
145.5833,127.920576,37.964889,8321.4755592,30.334,9.422,307.104,0.8679020888729352
145.6,127.920556,37.964899,8321.1250392,30.385,9.425,307.182,0.8679020888729352
145.6166,127.920535,37.964908,8320.7745192,30.434,9.429,307.259,0.8679020888729352
145.6333,127.920515,37.964918,8320.424304,30.481,9.432,307.337,0.8679020888729352
145.65,127.920495,37.964928,8320.0743936,30.526,9.436,307.415,0.8679020888729352
145.6666,127.920475,37.964938,8319.724483200001,30.569,9.439,307.493,0.8679020888729352
145.6833,127.920455,37.964948,8319.375182400001,30.61,9.442,307.572,0.8679020888729352
145.7,127.920434,37.964958,8319.0261864,30.649,9.446,307.65,0.8679020888729352
145.7166,127.920414,37.964967,8318.6771904,30.687,9.449,307.728,0.8679020888729352
145.7333,127.920394,37.964977,8318.328804,30.723,9.453,307.807,0.8679020888729352
145.75,127.920374,37.964987,8317.9804176,30.758,9.456,307.885,0.8679020888729352
145.7666,127.920354,37.964997,8317.632336,30.791,9.459,307.964,0.8679020888729352
145.7833,127.920333,37.965007,8317.284864000001,30.824,9.462,308.042,0.8679020888729352
145.8,127.920313,37.965017,8316.937392,30.855,9.465,308.12,0.8679020888729352
145.8166,127.920293,37.965027,8316.5902248,30.886,9.468,308.198,0.8679020888729352
145.8333,127.920273,37.965037,8316.2433624,30.915,9.471,308.276,0.8679020888729352
145.85,127.920253,37.965047,8315.8968048,30.944,9.474,308.354,0.8679020888729352
145.8666,127.920232,37.965057,8315.550552,30.973,9.476,308.432,0.8679020888729352
145.8833,127.920212,37.965067,8315.204604,31.0,9.479,308.51,0.8679020888729352
145.9,127.920192,37.965077,8314.8589608,31.028,9.482,308.587,0.8679020888729352
145.9166,127.920172,37.965087,8314.5136224,31.055,9.484,308.665,0.8679020888729352
145.9333,127.920152,37.965097,8314.1685888,31.082,9.486,308.742,0.8679020888729352
145.95,127.920132,37.965107,8313.82386,31.109,9.488,308.819,0.8679020888729352
145.9666,127.920111,37.965117,8313.479436,31.135,9.491,308.895,0.8679020888729352
145.9833,127.920091,37.965127,8313.1356216,31.162,9.492,308.972,0.8679020888729352
146.0,127.920071,37.965137,8312.7918072,31.189,9.494,309.048,0.8679020888729352
146.0166,127.920051,37.965147,8312.448297600002,31.217,9.496,309.124,0.8679020888729352
146.0333,127.920031,37.965157,8312.1050928,31.244,9.498,309.199,0.8679020888729352
146.05,127.920011,37.965167,8311.7621928,31.272,9.499,309.275,0.8679020888729352
146.0666,127.91999,37.965178,8311.419597600001,31.301,9.5,309.35,0.8679020888729352
146.0833,127.91997,37.965188,8311.0773072,31.33,9.501,309.424,0.8679020888729352
146.1,127.91995,37.965198,8310.735626400001,31.36,9.502,309.499,0.8679020888729352
146.1166,127.91993,37.965208,8310.3939456,31.391,9.503,309.573,0.8679020888729352
146.1333,127.91991,37.965218,8310.0525696,31.422,9.504,309.647,0.8679020888729352
146.15,127.91989,37.965229,8309.7118032,31.455,9.505,309.72,0.8679020888729352
146.1666,127.91987,37.965239,8309.371036800001,31.488,9.505,309.793,0.8679020888729352
146.1833,127.91985,37.965249,8309.03088,31.522,9.506,309.866,0.8679020888729352
146.2,127.919829,37.965259,8308.690723200001,31.558,9.506,309.939,0.8679020888729352
146.2166,127.919809,37.96527,8308.351176,31.594,9.506,310.011,0.8679020888729352
146.2333,127.919789,37.96528,8308.0119336,31.632,9.506,310.083,0.8679020888729352
146.25,127.919769,37.96529,8307.672691200001,31.671,9.506,310.154,0.8679020888729352
146.2666,127.919749,37.965301,8307.3340584,31.711,9.505,310.226,0.8679020888729352
146.2833,127.919729,37.965311,8306.9957304,31.752,9.505,310.297,0.8679020888729352
146.3,127.919709,37.965321,8306.6577072,31.795,9.504,310.367,0.8679020888729352
146.3166,127.919689,37.965332,8306.3202936,31.839,9.504,310.438,0.8679020888729352
146.3333,127.919669,37.965342,8305.98288,31.885,9.503,310.508,0.8679020888729352
146.35,127.919649,37.965353,8305.6457712,31.932,9.502,310.577,0.8679020888729352
146.3666,127.919628,37.965363,8305.3089672,31.98,9.501,310.647,0.8679020888729352
146.3833,127.919608,37.965373,8304.9727728,32.03,9.5,310.716,0.8679020888729352
146.4,127.919588,37.965384,8304.6365784,32.082,9.499,310.785,0.8679020888729352
146.4166,127.919568,37.965394,8304.3009936,32.135,9.497,310.853,0.8679020888729352
146.4333,127.919548,37.965405,8303.9657136,32.189,9.496,310.922,0.8679020888729352
146.45,127.919528,37.965415,8303.630433600001,32.245,9.495,310.99,0.8679020888729352
146.4666,127.919508,37.965426,8303.2957632,32.303,9.493,311.057,0.8679020888729352
146.4833,127.919488,37.965436,8302.9613976,32.362,9.491,311.125,0.8679020888729352
146.5,127.919468,37.965447,8302.6273368,32.423,9.489,311.192,0.8679020888729352
146.5166,127.919448,37.965457,8302.2935808,32.485,9.488,311.259,0.8679020888729352
146.5333,127.919428,37.965468,8301.9604344,32.549,9.486,311.326,0.8679020888729352
146.55,127.919408,37.965479,8301.627288000001,32.614,9.484,311.393,0.8679020888729352
146.5666,127.919388,37.965489,8301.294446400001,32.681,9.482,311.459,0.8679020888729352
146.5833,127.919368,37.9655,8300.9622144,32.749,9.479,311.526,0.8679020888729352
146.6,127.919348,37.965511,8300.6299824,32.819,9.477,311.592,0.8679020888729352
146.6166,127.919328,37.965521,8300.29836,32.89,9.475,311.657,0.8679020888729352
146.6333,127.919308,37.965532,8299.966737600002,32.963,9.473,311.723,0.8679020888729352
146.65,127.919288,37.965543,8299.6357248,33.038,9.47,311.789,0.8679020888729352
146.6666,127.919268,37.965553,8299.3050168,33.113,9.468,311.854,0.8679020888729352
146.6833,127.919248,37.965564,8298.9743088,33.19,9.465,311.92,0.8679020888729352
146.7,127.919228,37.965575,8298.644210400002,33.269,9.463,311.985,0.8679020888729352
146.7166,127.919208,37.965585,8298.3144168,33.349,9.46,312.05,0.8679020888729352
146.7333,127.919188,37.965596,8297.984928,33.43,9.458,312.115,0.8679020888729352
146.75,127.919168,37.965607,8297.655744,33.512,9.455,312.18,0.8679020888729352
146.7666,127.919148,37.965618,8297.326864800001,33.596,9.453,312.245,0.8679020888729352
146.7833,127.919128,37.965629,8296.9982904,33.681,9.45,312.31,0.8679020888729352
146.8,127.919108,37.965639,8296.6700208,33.767,9.447,312.375,0.8679020888729352
146.8166,127.919088,37.96565,8296.342056000001,33.854,9.445,312.439,0.8679020888729352
146.8333,127.919068,37.965661,8296.0147008,33.942,9.442,312.504,0.8679020888729352
146.85,127.919048,37.965672,8295.687345600001,34.031,9.439,312.569,0.8679020888729352
146.8666,127.919028,37.965683,8295.3602952,34.122,9.437,312.634,0.8679020888729352
146.8833,127.919008,37.965694,8295.0335496,34.213,9.434,312.699,0.8679020888729352
146.9,127.918988,37.965705,8294.707108800001,34.305,9.431,312.763,0.8679020888729352
146.9166,127.918968,37.965716,8294.381277600001,34.398,9.429,312.828,0.8679020888729352
146.9333,127.918948,37.965727,8294.055446400002,34.492,9.426,312.893,0.8679020888729352
146.95,127.918928,37.965738,8293.729920000002,34.587,9.423,312.958,0.8679020888729352
146.9666,127.918908,37.965749,8293.4046984,34.682,9.421,313.023,0.8679020888729352
146.9833,127.918889,37.96576,8293.080086400001,34.778,9.418,313.088,0.8679020888729352
147.0,127.918869,37.965771,8292.7554744,34.875,9.415,313.153,0.8679020888729352
147.0166,127.918849,37.965782,8292.4311672,34.972,9.413,313.219,0.8679020888729352
147.0333,127.918829,37.965793,8292.107164800002,35.07,9.41,313.284,0.8679020888729352
147.05,127.918809,37.965804,8291.7834672,35.168,9.407,313.35,0.8679020888729352
147.0666,127.918789,37.965815,8291.4600744,35.267,9.405,313.415,0.8679020888729352
147.0833,127.918769,37.965826,8291.1369864,35.366,9.402,313.481,0.8679020888729352
147.1,127.918749,37.965837,8290.8142032,35.465,9.4,313.547,0.8679020888729352
147.1166,127.91873,37.965848,8290.4917248,35.565,9.397,313.613,0.8679020888729352
147.1333,127.91871,37.965859,8290.1695512,35.665,9.395,313.679,0.8679020888729352
147.15,127.91869,37.965871,8289.8476824,35.765,9.392,313.746,0.8679020888729352
147.1666,127.91867,37.965882,8289.526118400001,35.866,9.39,313.812,0.8679020888729352
147.1833,127.91865,37.965893,8289.204859200001,35.966,9.388,313.879,0.8679020888729352
147.2,127.91863,37.965904,8288.883600000001,36.067,9.385,313.946,0.8679020888729352
147.2166,127.918611,37.965915,8288.5629504,36.168,9.383,314.013,0.8679020888729352
147.2333,127.918591,37.965927,8288.2423008,36.268,9.381,314.081,0.8679020888729352
147.25,127.918571,37.965938,8287.9222608,36.369,9.378,314.148,0.8679020888729352
147.2666,127.918551,37.965949,8287.6022208,36.469,9.376,314.216,0.8679020888729352
147.2833,127.918531,37.965961,8287.2824856,36.569,9.374,314.284,0.8679020888729352
147.3,127.918512,37.965972,8286.96336,36.669,9.372,314.352,0.8679020888729352
147.3166,127.918492,37.965983,8286.6442344,36.769,9.37,314.421,0.8679020888729352
147.3333,127.918472,37.965995,8286.3254136,36.869,9.367,314.49,0.8679020888729352
147.35,127.918452,37.966006,8286.0065928,36.968,9.365,314.559,0.8679020888729352
147.3666,127.918432,37.966017,8285.6883816,37.067,9.363,314.628,0.8679020888729352
147.3833,127.918413,37.966029,8285.3704752,37.165,9.361,314.697,0.8679020888729352
147.4,127.918393,37.96604,8285.0525688,37.263,9.359,314.767,0.8679020888729352
147.4166,127.918373,37.966052,8284.735272,37.361,9.357,314.837,0.8679020888729352
147.4333,127.918353,37.966063,8284.4179752,37.458,9.355,314.907,0.8679020888729352
147.45,127.918334,37.966074,8284.1009832,37.555,9.353,314.977,0.8679020888729352
147.4666,127.918314,37.966086,8283.784296,37.651,9.352,315.048,0.8679020888729352
147.4833,127.918294,37.966097,8283.4679136,37.746,9.35,315.119,0.8679020888729352
147.5,127.918275,37.966109,8283.151836000001,37.841,9.348,315.19,0.8679020888729352
147.5166,127.918255,37.966121,8282.8357584,37.935,9.346,315.262,0.8679020888729352
147.5333,127.918235,37.966132,8282.5202904,38.028,9.344,315.334,0.8679020888729352
147.55,127.918216,37.966144,8282.2051272,38.121,9.343,315.406,0.8679020888729352
147.5666,127.918196,37.966155,8281.889964,38.212,9.341,315.478,0.8679020888729352
147.5833,127.918176,37.966167,8281.5754104,38.302,9.339,315.55,0.8679020888729352
147.6,127.918157,37.966179,8281.260856800001,38.391,9.338,315.623,0.8679020888729352
147.6166,127.918137,37.96619,8280.946608,38.479,9.336,315.696,0.8679020888729352
147.6333,127.918117,37.966202,8280.6329688,38.566,9.335,315.769,0.8679020888729352
147.65,127.918098,37.966214,8280.319329599999,38.651,9.333,315.843,0.8679020888729352
147.6666,127.918078,37.966225,8280.005995200001,38.736,9.331,315.917,0.8679020888729352
147.6833,127.918058,37.966237,8279.693270400001,38.818,9.33,315.991,0.8679020888729352
147.7,127.918039,37.966249,8279.380545600001,38.9,9.328,316.065,0.8679020888729352
147.7166,127.918019,37.96626,8279.0681256,38.98,9.327,316.139,0.8679020888729352
147.7333,127.917999,37.966272,8278.7563152,39.059,9.325,316.214,0.8679020888729352
147.75,127.91798,37.966284,8278.4445048,39.137,9.324,316.289,0.8679020888729352
147.7666,127.91796,37.966296,8278.133304,39.212,9.322,316.364,0.8679020888729352
147.7833,127.917941,37.966308,8277.822408,39.287,9.321,316.439,0.8679020888729352
147.8,127.917921,37.96632,8277.511512,39.36,9.32,316.515,0.8679020888729352
147.8166,127.917902,37.966331,8277.2012256,39.432,9.318,316.591,0.8679020888729352
147.8333,127.917882,37.966343,8276.891244,39.502,9.317,316.667,0.8679020888729352
147.85,127.917862,37.966355,8276.5815672,39.571,9.315,316.743,0.8679020888729352
147.8666,127.917843,37.966367,8276.272195200001,39.638,9.314,316.819,0.8679020888729352
147.8833,127.917823,37.966379,8275.963128000001,39.704,9.313,316.896,0.8679020888729352
147.9,127.917804,37.966391,8275.654365600001,39.769,9.311,316.972,0.8679020888729352
147.9166,127.917784,37.966403,8275.345908,39.832,9.31,317.049,0.8679020888729352
147.9333,127.917765,37.966415,8275.0377552,39.894,9.308,317.126,0.8679020888729352
147.95,127.917745,37.966427,8274.730212,39.955,9.307,317.203,0.8679020888729352
147.9666,127.917726,37.966439,8274.4226688,40.014,9.305,317.281,0.8679020888729352
147.9833,127.917706,37.966451,8274.115735200001,40.072,9.304,317.358,0.8679020888729352
148.0,127.917687,37.966463,8273.8091064,40.129,9.302,317.435,0.8679020888729352
148.0166,127.917667,37.966476,8273.5027824,40.185,9.301,317.513,0.8679020888729352
148.0333,127.917648,37.966488,8273.1967632,40.24,9.299,317.591,0.8679020888729352
148.05,127.917628,37.9665,8272.8910488,40.294,9.298,317.669,0.8679020888729352
148.0666,127.917609,37.966512,8272.5856392,40.346,9.296,317.746,0.8679020888729352
148.0833,127.917589,37.966524,8272.2808392,40.398,9.294,317.824,0.8679020888729352
148.1,127.91757,37.966536,8271.9760392,40.449,9.292,317.902,0.8679020888729352
148.1166,127.917551,37.966549,8271.6718488,40.498,9.291,317.98,0.8679020888729352
148.1333,127.917531,37.966561,8271.3679632,40.547,9.289,318.059,0.8679020888729352
148.15,127.917512,37.966573,8271.0643824,40.596,9.287,318.137,0.8679020888729352
148.1666,127.917492,37.966586,8270.761411200001,40.643,9.285,318.215,0.8679020888729352
148.1833,127.917473,37.966598,8270.45844,40.69,9.283,318.293,0.8679020888729352
148.2,127.917454,37.96661,8270.156078400001,40.737,9.281,318.371,0.8679020888729352
148.2166,127.917434,37.966623,8269.8537168,40.783,9.279,318.45,0.8679020888729352
148.2333,127.917415,37.966635,8269.5519648,40.828,9.277,318.528,0.8679020888729352
148.25,127.917395,37.966647,8269.250822400001,40.873,9.275,318.606,0.8679020888729352
148.2666,127.917376,37.96666,8268.94968,40.918,9.272,318.685,0.8679020888729352
148.2833,127.917357,37.966672,8268.6488424,40.962,9.27,318.763,0.8679020888729352
148.3,127.917337,37.966685,8268.3486144,41.006,9.268,318.841,0.8679020888729352
148.3166,127.917318,37.966697,8268.0486912,41.05,9.265,318.919,0.8679020888729352
148.3333,127.917299,37.96671,8267.749072800001,41.094,9.263,318.998,0.8679020888729352
148.35,127.917279,37.966722,8267.4497592,41.138,9.261,319.076,0.8679020888729352
148.3666,127.91726,37.966735,8267.1510552,41.182,9.258,319.154,0.8679020888729352
148.3833,127.917241,37.966747,8266.852656000001,41.226,9.256,319.233,0.8679020888729352
148.4,127.917221,37.96676,8266.5545616,41.27,9.253,319.311,0.8679020888729352
148.4166,127.917202,37.966773,8266.256772,41.314,9.251,319.389,0.8679020888729352
148.4333,127.917183,37.966785,8265.959287200001,41.358,9.248,319.467,0.8679020888729352
148.45,127.917163,37.966798,8265.662412,41.403,9.245,319.545,0.8679020888729352
148.4666,127.917144,37.966811,8265.3658416,41.448,9.243,319.623,0.8679020888729352
148.4833,127.917125,37.966823,8265.069576,41.493,9.24,319.701,0.8679020888729352
148.5,127.917106,37.966836,8264.773615200002,41.539,9.237,319.78,0.8679020888729352
148.5166,127.917086,37.966849,8264.478264000001,41.585,9.235,319.858,0.8679020888729352
148.5333,127.917067,37.966862,8264.1832176,41.632,9.232,319.936,0.8679020888729352
148.55,127.917048,37.966875,8263.888476,41.679,9.229,320.014,0.8679020888729352
148.5666,127.917029,37.966887,8263.5940392,41.727,9.226,320.092,0.8679020888729352
148.5833,127.917009,37.9669,8263.300212,41.775,9.224,320.169,0.8679020888729352
148.6,127.91699,37.966913,8263.0063848,41.824,9.221,320.247,0.8679020888729352
148.6166,127.916971,37.966926,8262.713472,41.874,9.218,320.325,0.8679020888729352
148.6333,127.916952,37.966939,8262.4205592,41.924,9.215,320.403,0.8679020888729352
148.65,127.916932,37.966952,8262.128256,41.976,9.212,320.481,0.8679020888729352
148.6666,127.916913,37.966965,8261.8362576,42.028,9.209,320.558,0.8679020888729352
148.6833,127.916894,37.966978,8261.544564,42.08,9.206,320.636,0.8679020888729352
148.7,127.916875,37.966991,8261.2531752,42.134,9.203,320.714,0.8679020888729352
148.7166,127.916856,37.967004,8260.962396,42.188,9.2,320.791,0.8679020888729352
148.7333,127.916836,37.967017,8260.6719216,42.244,9.197,320.869,0.8679020888729352
148.75,127.916817,37.96703,8260.382056800001,42.3,9.194,320.946,0.8679020888729352
148.7666,127.916798,37.967043,8260.092192,42.357,9.191,321.024,0.8679020888729352
148.7833,127.916779,37.967056,8259.8032416,42.414,9.187,321.101,0.8679020888729352
148.8,127.91676,37.96707,8259.514291200001,42.473,9.184,321.179,0.8679020888729352
148.8166,127.916741,37.967083,8259.225950400001,42.532,9.181,321.256,0.8679020888729352
148.8333,127.916722,37.967096,8258.937914400001,42.593,9.178,321.334,0.8679020888729352
148.85,127.916703,37.967109,8258.650183200001,42.654,9.174,321.411,0.8679020888729352
148.8666,127.916683,37.967122,8258.3630616,42.716,9.171,321.489,0.8679020888729352
148.8833,127.916664,37.967136,8258.07594,42.779,9.168,321.566,0.8679020888729352
148.9,127.916645,37.967149,8257.7897328,42.843,9.164,321.644,0.8679020888729352
148.9166,127.916626,37.967162,8257.5035256,42.908,9.161,321.721,0.8679020888729352
148.9333,127.916607,37.967176,8257.217928,42.973,9.158,321.799,0.8679020888729352
148.95,127.916588,37.967189,8256.9326352,43.04,9.154,321.876,0.8679020888729352
148.9666,127.916569,37.967203,8256.647952000001,43.107,9.151,321.954,0.8679020888729352
148.9833,127.91655,37.967216,8256.363573600001,43.175,9.148,322.032,0.8679020888729352
149.0,127.916531,37.967229,8256.0795,43.244,9.144,322.109,0.8679020888729352
149.0166,127.916512,37.967243,8255.7957312,43.313,9.141,322.187,0.8679020888729352
149.0333,127.916493,37.967256,8255.512572,43.383,9.138,322.265,0.8679020888729352
149.05,127.916474,37.96727,8255.229717600001,43.454,9.134,322.343,0.8679020888729352
149.0666,127.916455,37.967284,8254.9474728,43.526,9.131,322.421,0.8679020888729352
149.0833,127.916436,37.967297,8254.665532800002,43.598,9.128,322.5,0.8679020888729352
149.1,127.916417,37.967311,8254.3838976,43.671,9.125,322.578,0.8679020888729352
149.1166,127.916398,37.967324,8254.1025672,43.744,9.121,322.656,0.8679020888729352
149.1333,127.916379,37.967338,8253.8218464,43.818,9.118,322.735,0.8679020888729352
149.15,127.91636,37.967352,8253.5414304,43.892,9.115,322.813,0.8679020888729352
149.1666,127.916341,37.967365,8253.2613192,43.967,9.112,322.892,0.8679020888729352
149.1833,127.916322,37.967379,8252.9818176,44.042,9.109,322.971,0.8679020888729352
149.2,127.916303,37.967393,8252.7026208,44.118,9.106,323.05,0.8679020888729352
149.2166,127.916284,37.967407,8252.4237288,44.194,9.103,323.13,0.8679020888729352
149.2333,127.916265,37.967421,8252.1454464,44.271,9.1,323.209,0.8679020888729352
149.25,127.916246,37.967434,8251.867468800001,44.348,9.097,323.288,0.8679020888729352
149.2666,127.916227,37.967448,8251.589796,44.425,9.094,323.368,0.8679020888729352
149.2833,127.916208,37.967462,8251.312732800001,44.502,9.091,323.448,0.8679020888729352
149.3,127.916189,37.967476,8251.035974400002,44.579,9.088,323.528,0.8679020888729352
149.3166,127.916171,37.96749,8250.7595208,44.657,9.085,323.609,0.8679020888729352
149.3333,127.916152,37.967504,8250.4836768,44.735,9.082,323.689,0.8679020888729352
149.35,127.916133,37.967518,8250.2081376,44.812,9.08,323.77,0.8679020888729352
149.3666,127.916114,37.967532,8249.9329032,44.89,9.077,323.851,0.8679020888729352
149.3833,127.916095,37.967546,8249.6582784,44.968,9.074,323.932,0.8679020888729352
149.4,127.916076,37.96756,8249.3839584,45.046,9.072,324.013,0.8679020888729352
149.4166,127.916058,37.967574,8249.1099432,45.123,9.069,324.094,0.8679020888729352
149.4333,127.916039,37.967588,8248.8365376,45.201,9.066,324.176,0.8679020888729352
149.45,127.91602,37.967602,8248.563436800001,45.278,9.064,324.258,0.8679020888729352
149.4666,127.916001,37.967616,8248.2906408,45.356,9.061,324.34,0.8679020888729352
149.4833,127.915982,37.967631,8248.0184544,45.433,9.059,324.423,0.8679020888729352
149.5,127.915964,37.967645,8247.7465728,45.509,9.057,324.505,0.8679020888729352
149.5166,127.915945,37.967659,8247.4753008,45.586,9.054,324.588,0.8679020888729352
149.5333,127.915926,37.967673,8247.2040288,45.662,9.052,324.671,0.8679020888729352
149.55,127.915908,37.967688,8246.9336712,45.738,9.05,324.754,0.8679020888729352
149.5666,127.915889,37.967702,8246.6633136,45.814,9.048,324.838,0.8679020888729352
149.5833,127.91587,37.967716,8246.393565600001,45.889,9.045,324.922,0.8679020888729352
149.6,127.915851,37.967731,8246.1241224,45.963,9.043,325.005,0.8679020888729352
149.6166,127.915833,37.967745,8245.8552888,46.037,9.041,325.09,0.8679020888729352
149.6333,127.915814,37.96776,8245.5864552,46.111,9.039,325.174,0.8679020888729352
149.65,127.915795,37.967774,8245.318536,46.184,9.037,325.258,0.8679020888729352
149.6666,127.915777,37.967788,8245.0506168,46.257,9.034,325.343,0.8679020888729352
149.6833,127.915758,37.967803,8244.7833072,46.329,9.032,325.428,0.8679020888729352
149.7,127.91574,37.967817,8244.5166072,46.4,9.03,325.513,0.8679020888729352
149.7166,127.915721,37.967832,8244.2499072,46.471,9.028,325.598,0.8679020888729352
149.7333,127.915702,37.967847,8243.9841216,46.542,9.026,325.684,0.8679020888729352
149.75,127.915684,37.967861,8243.718336,46.611,9.024,325.77,0.8679020888729352
149.7666,127.915665,37.967876,8243.453160000001,46.68,9.022,325.855,0.8679020888729352
149.7833,127.915647,37.96789,8243.1882888,46.749,9.019,325.941,0.8679020888729352
149.8,127.915628,37.967905,8242.9237224,46.817,9.017,326.028,0.8679020888729352
149.8166,127.91561,37.96792,8242.659765600001,46.884,9.015,326.114,0.8679020888729352
149.8333,127.915591,37.967935,8242.3964184,46.95,9.013,326.201,0.8679020888729352
149.85,127.915573,37.967949,8242.1330712,47.016,9.011,326.287,0.8679020888729352
149.8666,127.915554,37.967964,8241.870333600002,47.081,9.009,326.374,0.8679020888729352
149.8833,127.915536,37.967979,8241.608205600001,47.146,9.006,326.461,0.8679020888729352
149.9,127.915517,37.967994,8241.346382400001,47.21,9.004,326.549,0.8679020888729352
149.9166,127.915499,37.968009,8241.084864,47.273,9.002,326.636,0.8679020888729352
149.9333,127.91548,37.968023,8240.8236504,47.336,9.0,326.723,0.8679020888729352
149.95,127.915462,37.968038,8240.5630464,47.398,8.998,326.811,0.8679020888729352
149.9666,127.915444,37.968053,8240.303052000001,47.459,8.995,326.899,0.8679020888729352
149.9833,127.915425,37.968068,8240.0430576,47.519,8.993,326.987,0.8679020888729352
150.0,127.915407,37.968083,8239.7836728,47.579,8.991,327.075,0.8679020888729352
150.0166,127.915389,37.968098,8239.5248976,47.639,8.989,327.163,0.8679020888729352
150.0333,127.91537,37.968113,8239.2664272,47.698,8.986,327.251,0.8679020888729352
150.05,127.915352,37.968128,8239.0082616,47.756,8.984,327.34,0.8679020888729352
150.0666,127.915334,37.968143,8238.750400800001,47.813,8.982,327.428,0.8679020888729352
150.0833,127.915315,37.968159,8238.4931496,47.87,8.98,327.517,0.8679020888729352
150.1,127.915297,37.968174,8238.236508,47.927,8.977,327.606,0.8679020888729352
150.1166,127.915279,37.968189,8237.979866399999,47.982,8.975,327.695,0.8679020888729352
150.1333,127.915261,37.968204,8237.7241392,48.038,8.973,327.784,0.8679020888729352
150.15,127.915242,37.968219,8237.468412,48.093,8.97,327.873,0.8679020888729352
150.1666,127.915224,37.968235,8237.2132944,48.147,8.968,327.962,0.8679020888729352
150.1833,127.915206,37.96825,8236.9584816,48.201,8.966,328.051,0.8679020888729352
150.2,127.915188,37.968265,8236.7042784,48.254,8.963,328.141,0.8679020888729352
150.2166,127.91517,37.96828,8236.45038,48.307,8.961,328.23,0.8679020888729352
150.2333,127.915151,37.968296,8236.1970912,48.36,8.959,328.32,0.8679020888729352
150.25,127.915133,37.968311,8235.944107199999,48.412,8.956,328.41,0.8679020888729352
150.2666,127.915115,37.968327,8235.691428,48.464,8.954,328.499,0.8679020888729352
150.2833,127.915097,37.968342,8235.4393584,48.515,8.952,328.589,0.8679020888729352
150.3,127.915079,37.968357,8235.1875936,48.566,8.949,328.679,0.8679020888729352
150.3166,127.915061,37.968373,8234.9361336,48.617,8.947,328.769,0.8679020888729352
150.3333,127.915043,37.968388,8234.6852832,48.668,8.944,328.859,0.8679020888729352
150.35,127.915025,37.968404,8234.4347376,48.718,8.942,328.949,0.8679020888729352
150.3666,127.915007,37.96842,8234.1848016,48.768,8.94,329.039,0.8679020888729352
150.3833,127.914989,37.968435,8233.9351704,48.818,8.937,329.13,0.8679020888729352
150.4,127.914971,37.968451,8233.685844,48.867,8.935,329.22,0.8679020888729352
150.4166,127.914953,37.968466,8233.4371272,48.916,8.933,329.31,0.8679020888729352
150.4333,127.914935,37.968482,8233.189020000002,48.966,8.93,329.401,0.8679020888729352
150.45,127.914917,37.968498,8232.9409128,49.015,8.928,329.491,0.8679020888729352
150.4666,127.914899,37.968513,8232.693415200001,49.064,8.926,329.582,0.8679020888729352
150.4833,127.914881,37.968529,8232.4465272,49.113,8.924,329.672,0.8679020888729352
150.5,127.914863,37.968545,8232.199944,49.161,8.921,329.763,0.8679020888729352
150.5166,127.914845,37.968561,8231.9536656,49.21,8.919,329.854,0.8679020888729352
150.5333,127.914828,37.968577,8231.707996800002,49.259,8.917,329.945,0.8679020888729352
150.55,127.91481,37.968593,8231.462632800001,49.307,8.914,330.035,0.8679020888729352
150.5666,127.914792,37.968608,8231.2178784,49.356,8.912,330.126,0.8679020888729352
150.5833,127.914774,37.968624,8230.973124,49.405,8.91,330.217,0.8679020888729352
150.6,127.914756,37.96864,8230.729284000001,49.453,8.908,330.308,0.8679020888729352
150.6166,127.914739,37.968656,8230.4857488,49.502,8.905,330.399,0.8679020888729352
150.6333,127.914721,37.968672,8230.2425184,49.551,8.903,330.49,0.8679020888729352
150.65,127.914703,37.968688,8229.9995928,49.6,8.901,330.581,0.8679020888729352
150.6666,127.914685,37.968704,8229.7572768,49.649,8.899,330.672,0.8679020888729352
150.6833,127.914668,37.96872,8229.5155704,49.698,8.897,330.763,0.8679020888729352
150.7,127.91465,37.968736,8229.2741688,49.747,8.895,330.855,0.8679020888729352
150.7166,127.914632,37.968753,8229.033072,49.796,8.892,330.946,0.8679020888729352
150.7333,127.914615,37.968769,8228.7925848,49.846,8.89,331.037,0.8679020888729352
150.75,127.914597,37.968785,8228.5524024,49.895,8.888,331.128,0.8679020888729352
150.7666,127.91458,37.968801,8228.312524800001,49.945,8.886,331.22,0.8679020888729352
150.7833,127.914562,37.968817,8228.0732568,49.995,8.884,331.311,0.8679020888729352
150.8,127.914545,37.968834,8227.8342936,50.045,8.882,331.402,0.8679020888729352
150.8166,127.914527,37.96885,8227.595940000001,50.095,8.88,331.494,0.8679020888729352
150.8333,127.91451,37.968866,8227.357891200001,50.146,8.878,331.585,0.8679020888729352
150.85,127.914492,37.968882,8227.120452000001,50.196,8.876,331.677,0.8679020888729352
150.8666,127.914475,37.968899,8226.8833176,50.247,8.874,331.768,0.8679020888729352
150.8833,127.914457,37.968915,8226.646488,50.298,8.872,331.86,0.8679020888729352
150.9,127.91444,37.968932,8226.410268,50.349,8.87,331.952,0.8679020888729352
150.9166,127.914422,37.968948,8226.1746576,50.4,8.868,332.043,0.8679020888729352
150.9333,127.914405,37.968965,8225.939047200001,50.452,8.865,332.135,0.8679020888729352
150.95,127.914388,37.968981,8225.7040464,50.504,8.863,332.227,0.8679020888729352
150.9666,127.91437,37.968998,8225.4696552,50.556,8.861,332.319,0.8679020888729352
150.9833,127.914353,37.969014,8225.2355688,50.608,8.859,332.411,0.8679020888729352
151.0,127.914336,37.969031,8225.0017872,50.66,8.858,332.503,0.8679020888729352
151.0166,127.914318,37.969047,8224.7686152,50.712,8.856,332.595,0.8679020888729352
151.0333,127.914301,37.969064,8224.535748,50.765,8.854,332.687,0.8679020888729352
151.05,127.914284,37.969081,8224.3034904,50.818,8.852,332.779,0.8679020888729352
151.0666,127.914267,37.969097,8224.0715376,50.871,8.85,332.871,0.8679020888729352
151.0833,127.914249,37.969114,8223.8401944,50.924,8.848,332.963,0.8679020888729352
151.1,127.914232,37.969131,8223.609156,50.977,8.846,333.055,0.8679020888729352
151.1166,127.914215,37.969147,8223.378422400001,51.031,8.844,333.147,0.8679020888729352
151.1333,127.914198,37.969164,8223.1482984,51.085,8.842,333.24,0.8679020888729352
151.15,127.914181,37.969181,8222.918479200001,51.138,8.84,333.332,0.8679020888729352
151.1666,127.914164,37.969198,8222.689269600001,51.192,8.838,333.425,0.8679020888729352
151.1833,127.914147,37.969215,8222.460364800001,51.246,8.836,333.517,0.8679020888729352
151.2,127.91413,37.969232,8222.2317648,51.3,8.834,333.61,0.8679020888729352
151.2166,127.914113,37.969249,8222.0037744,51.355,8.832,333.702,0.8679020888729352
151.2333,127.914096,37.969265,8221.7760888,51.409,8.83,333.795,0.8679020888729352
151.25,127.914079,37.969282,8221.5490128,51.463,8.828,333.888,0.8679020888729352
151.2666,127.914062,37.969299,8221.3222416,51.518,8.826,333.981,0.8679020888729352
151.2833,127.914045,37.969316,8221.09608,51.572,8.824,334.073,0.8679020888729352
151.3,127.914028,37.969334,8220.870223200001,51.627,8.822,334.166,0.8679020888729352
151.3166,127.914011,37.969351,8220.6446712,51.681,8.82,334.259,0.8679020888729352
151.3333,127.913994,37.969368,8220.419728800001,51.736,8.818,334.352,0.8679020888729352
151.35,127.913977,37.969385,8220.195091200001,51.791,8.816,334.446,0.8679020888729352
151.3666,127.913961,37.969402,8219.9710632,51.845,8.814,334.539,0.8679020888729352
151.3833,127.913944,37.969419,8219.74734,51.9,8.812,334.632,0.8679020888729352
151.4,127.913927,37.969436,8219.5242264,51.954,8.81,334.725,0.8679020888729352
151.4166,127.91391,37.969454,8219.3014176,52.009,8.808,334.819,0.8679020888729352
151.4333,127.913894,37.969471,8219.0789136,52.063,8.806,334.912,0.8679020888729352
151.45,127.913877,37.969488,8218.8570192,52.117,8.803,335.006,0.8679020888729352
151.4666,127.91386,37.969506,8218.635429599999,52.171,8.801,335.099,0.8679020888729352
151.4833,127.913844,37.969523,8218.4144496,52.225,8.799,335.193,0.8679020888729352
151.5,127.913827,37.96954,8218.1937744,52.279,8.797,335.287,0.8679020888729352
151.5166,127.91381,37.969558,8217.9737088,52.333,8.795,335.381,0.8679020888729352
151.5333,127.913794,37.969575,8217.7536432,52.387,8.793,335.475,0.8679020888729352
151.55,127.913777,37.969593,8217.534492,52.441,8.79,335.569,0.8679020888729352
151.5666,127.913761,37.96961,8217.3156456,52.494,8.788,335.663,0.8679020888729352
151.5833,127.913744,37.969628,8217.097104,52.548,8.786,335.757,0.8679020888729352
151.6,127.913728,37.969645,8216.878867200001,52.601,8.784,335.851,0.8679020888729352
151.6166,127.913711,37.969663,8216.66124,52.654,8.782,335.946,0.8679020888729352
151.6333,127.913695,37.96968,8216.4442224,52.706,8.779,336.04,0.8679020888729352
151.65,127.913679,37.969698,8216.227509600001,52.759,8.777,336.134,0.8679020888729352
151.6666,127.913662,37.969715,8216.011101600001,52.811,8.775,336.229,0.8679020888729352
151.6833,127.913646,37.969733,8215.7949984,52.863,8.772,336.324,0.8679020888729352
151.7,127.91363,37.969751,8215.5798096,52.915,8.77,336.418,0.8679020888729352
151.7166,127.913613,37.969769,8215.3646208,52.966,8.768,336.513,0.8679020888729352
151.7333,127.913597,37.969786,8215.1500416,53.018,8.765,336.608,0.8679020888729352
151.75,127.913581,37.969804,8214.9357672,53.069,8.763,336.703,0.8679020888729352
151.7666,127.913565,37.969822,8214.7221024,53.119,8.761,336.798,0.8679020888729352
151.7833,127.913548,37.96984,8214.508742400001,53.17,8.758,336.893,0.8679020888729352
151.8,127.913532,37.969858,8214.295992000001,53.22,8.756,336.988,0.8679020888729352
151.8166,127.913516,37.969875,8214.083546400001,53.27,8.753,337.084,0.8679020888729352
151.8333,127.9135,37.969893,8213.8714056,53.32,8.751,337.179,0.8679020888729352
151.85,127.913484,37.969911,8213.6598744,53.369,8.748,337.275,0.8679020888729352
151.8666,127.913468,37.969929,8213.448648,53.418,8.746,337.37,0.8679020888729352
151.8833,127.913452,37.969947,8213.2377264,53.466,8.744,337.466,0.8679020888729352
151.9,127.913436,37.969965,8213.027414400001,53.515,8.741,337.561,0.8679020888729352
151.9166,127.91342,37.969983,8212.817712,53.563,8.739,337.657,0.8679020888729352
151.9333,127.913404,37.970001,8212.6083144,53.61,8.736,337.753,0.8679020888729352
151.95,127.913388,37.970019,8212.3992216,53.658,8.733,337.849,0.8679020888729352
151.9666,127.913372,37.970038,8212.1907384,53.705,8.731,337.945,0.8679020888729352
151.9833,127.913356,37.970056,8211.98256,53.751,8.728,338.041,0.8679020888729352
152.0,127.913341,37.970074,8211.7746864,53.798,8.726,338.137,0.8679020888729352
152.0166,127.913325,37.970092,8211.5674224,53.844,8.723,338.233,0.8679020888729352
152.0333,127.913309,37.97011,8211.3604632,53.889,8.721,338.33,0.8679020888729352
152.05,127.913293,37.970128,8211.1541136,53.935,8.718,338.426,0.8679020888729352
152.0666,127.913278,37.970147,8210.9480688,53.98,8.716,338.522,0.8679020888729352
152.0833,127.913262,37.970165,8210.7423288,54.025,8.713,338.619,0.8679020888729352
152.1,127.913246,37.970183,8210.5371984,54.069,8.71,338.716,0.8679020888729352
152.1166,127.913231,37.970202,8210.3323728,54.113,8.708,338.812,0.8679020888729352
152.1333,127.913215,37.97022,8210.128156800001,54.157,8.705,338.909,0.8679020888729352
152.15,127.913199,37.970239,8209.924245600001,54.2,8.703,339.006,0.8679020888729352
152.1666,127.913184,37.970257,8209.720944,54.244,8.7,339.103,0.8679020888729352
152.1833,127.913168,37.970275,8209.5179472,54.286,8.697,339.2,0.8679020888729352
152.2,127.913153,37.970294,8209.315255200001,54.329,8.695,339.297,0.8679020888729352
152.2166,127.913137,37.970312,8209.112868,54.371,8.692,339.394,0.8679020888729352
152.2333,127.913122,37.970331,8208.9113952,54.413,8.69,339.491,0.8679020888729352
152.25,127.913107,37.97035,8208.709922400001,54.455,8.687,339.588,0.8679020888729352
152.2666,127.913091,37.970368,8208.5090592,54.496,8.685,339.686,0.8679020888729352
152.2833,127.913076,37.970387,8208.3085008,54.537,8.682,339.783,0.8679020888729352
152.3,127.913061,37.970405,8208.108552000002,54.578,8.679,339.88,0.8679020888729352
152.3166,127.913045,37.970424,8207.908908,54.618,8.677,339.978,0.8679020888729352
152.3333,127.91303,37.970443,8207.7095688,54.659,8.674,340.075,0.8679020888729352
152.35,127.913015,37.970461,8207.5108392,54.699,8.672,340.173,0.8679020888729352
152.3666,127.913,37.97048,8207.312719200001,54.738,8.669,340.271,0.8679020888729352
152.3833,127.912984,37.970499,8207.1145992,54.778,8.667,340.368,0.8679020888729352
152.4,127.912969,37.970518,8206.9170888,54.817,8.664,340.466,0.8679020888729352
152.4166,127.912954,37.970537,8206.720188000001,54.856,8.662,340.564,0.8679020888729352
152.4333,127.912939,37.970555,8206.523592000001,54.894,8.659,340.662,0.8679020888729352
152.45,127.912924,37.970574,8206.327300800001,54.933,8.657,340.76,0.8679020888729352
152.4666,127.912909,37.970593,8206.131619200001,54.971,8.654,340.858,0.8679020888729352
152.4833,127.912894,37.970612,8205.936242400001,55.009,8.652,340.956,0.8679020888729352
152.5,127.912879,37.970631,8205.7411704,55.047,8.65,341.054,0.8679020888729352
152.5166,127.912864,37.97065,8205.546708,55.084,8.647,341.152,0.8679020888729352
152.5333,127.912849,37.970669,8205.3528552,55.122,8.645,341.251,0.8679020888729352
152.55,127.912835,37.970688,8205.1590024,55.159,8.643,341.349,0.8679020888729352
152.5666,127.91282,37.970707,8204.966064,55.196,8.64,341.447,0.8679020888729352
152.5833,127.912805,37.970726,8204.7731256,55.233,8.638,341.546,0.8679020888729352
152.6,127.91279,37.970745,8204.5807968,55.269,8.636,341.644,0.8679020888729352
152.6166,127.912776,37.970765,8204.3887728,55.306,8.633,341.743,0.8679020888729352
152.6333,127.912761,37.970784,8204.1973584,55.342,8.631,341.841,0.8679020888729352
152.65,127.912746,37.970803,8204.0062488,55.378,8.629,341.94,0.8679020888729352
152.6666,127.912732,37.970822,8203.8157488,55.414,8.627,342.039,0.8679020888729352
152.6833,127.912717,37.970841,8203.6255536,55.45,8.624,342.137,0.8679020888729352
152.7,127.912703,37.970861,8203.4356632,55.486,8.622,342.236,0.8679020888729352
152.7166,127.912688,37.97088,8203.2463824,55.521,8.62,342.335,0.8679020888729352
152.7333,127.912674,37.970899,8203.057406400001,55.557,8.618,342.434,0.8679020888729352
152.75,127.912659,37.970919,8202.86904,55.592,8.616,342.533,0.8679020888729352
152.7666,127.912645,37.970938,8202.680978400002,55.627,8.614,342.632,0.8679020888729352
152.7833,127.91263,37.970957,8202.4932216,55.662,8.612,342.731,0.8679020888729352
152.8,127.912616,37.970977,8202.306074400001,55.697,8.61,342.83,0.8679020888729352
152.8166,127.912602,37.970996,8202.119232000001,55.732,8.608,342.929,0.8679020888729352
152.8333,127.912587,37.971016,8201.9329992,55.766,8.606,343.028,0.8679020888729352
152.85,127.912573,37.971035,8201.7470712,55.801,8.604,343.128,0.8679020888729352
152.8666,127.912559,37.971055,8201.561448,55.835,8.602,343.227,0.8679020888729352
152.8833,127.912545,37.971074,8201.3764344,55.869,8.6,343.326,0.8679020888729352
152.9,127.912531,37.971094,8201.1920304,55.903,8.599,343.426,0.8679020888729352
152.9166,127.912516,37.971113,8201.0076264,55.937,8.597,343.525,0.8679020888729352
152.9333,127.912502,37.971133,8200.823832,55.971,8.595,343.624,0.8679020888729352
152.95,127.912488,37.971153,8200.640647200002,56.005,8.593,343.724,0.8679020888729352
152.9666,127.912474,37.971172,8200.4577672,56.038,8.592,343.824,0.8679020888729352
152.9833,127.91246,37.971192,8200.275192000001,56.072,8.59,343.923,0.8679020888729352
153.0,127.912446,37.971212,8200.0932264,56.105,8.588,344.023,0.8679020888729352
153.0166,127.912432,37.971231,8199.911565600001,56.139,8.587,344.123,0.8679020888729352
153.0333,127.912419,37.971251,8199.7305144,56.172,8.585,344.222,0.8679020888729352
153.05,127.912405,37.971271,8199.549768,56.205,8.583,344.322,0.8679020888729352
153.0666,127.912391,37.971291,8199.369631200001,56.238,8.582,344.422,0.8679020888729352
153.0833,127.912377,37.971311,8199.1894944,56.271,8.58,344.522,0.8679020888729352
153.1,127.912363,37.971331,8199.010272,56.303,8.579,344.622,0.8679020888729352
153.1166,127.91235,37.97135,8198.831354400001,56.336,8.577,344.722,0.8679020888729352
153.1333,127.912336,37.97137,8198.6527416,56.369,8.576,344.822,0.8679020888729352
153.15,127.912323,37.97139,8198.4744336,56.401,8.575,344.922,0.8679020888729352
153.1666,127.912309,37.97141,8198.2967352,56.433,8.573,345.022,0.8679020888729352
153.1833,127.912295,37.97143,8198.1196464,56.465,8.572,345.122,0.8679020888729352
153.2,127.912282,37.97145,8197.9428624,56.497,8.571,345.223,0.8679020888729352
153.2166,127.912268,37.97147,8197.766383200002,56.529,8.57,345.323,0.8679020888729352
153.2333,127.912255,37.97149,8197.5905136,56.561,8.568,345.423,0.8679020888729352
153.25,127.912242,37.971511,8197.4149488,56.592,8.567,345.524,0.8679020888729352
153.2666,127.912228,37.971531,8197.2399936,56.624,8.566,345.624,0.8679020888729352
153.2833,127.912215,37.971551,8197.0653432,56.655,8.565,345.724,0.8679020888729352
153.3,127.912202,37.971571,8196.890997600001,56.686,8.564,345.825,0.8679020888729352
153.3166,127.912188,37.971591,8196.7172616,56.717,8.563,345.926,0.8679020888729352
153.3333,127.912175,37.971611,8196.5441352,56.748,8.562,346.026,0.8679020888729352
153.35,127.912162,37.971632,8196.3713136,56.779,8.561,346.127,0.8679020888729352
153.3666,127.912149,37.971652,8196.198796800001,56.809,8.56,346.228,0.8679020888729352
153.3833,127.912136,37.971672,8196.0268896,56.84,8.559,346.328,0.8679020888729352
153.4,127.912123,37.971693,8195.8552872,56.87,8.558,346.429,0.8679020888729352
153.4166,127.91211,37.971713,8195.6842944,56.9,8.557,346.53,0.8679020888729352
153.4333,127.912097,37.971733,8195.513606400002,56.93,8.556,346.631,0.8679020888729352
153.45,127.912084,37.971754,8195.343223200001,56.959,8.556,346.732,0.8679020888729352
153.4666,127.912071,37.971774,8195.1734496,56.989,8.555,346.833,0.8679020888729352
153.4833,127.912058,37.971794,8195.0042856,57.018,8.554,346.934,0.8679020888729352
153.5,127.912045,37.971815,8194.8354264,57.047,8.553,347.035,0.8679020888729352
153.5166,127.912032,37.971835,8194.666872,57.076,8.553,347.136,0.8679020888729352
153.5333,127.912019,37.971856,8194.4989272,57.105,8.552,347.237,0.8679020888729352
153.55,127.912007,37.971876,8194.3312872,57.133,8.552,347.339,0.8679020888729352
153.5666,127.911994,37.971897,8194.1642568,57.161,8.551,347.44,0.8679020888729352
153.5833,127.911981,37.971918,8193.9975312,57.189,8.551,347.541,0.8679020888729352
153.6,127.911969,37.971938,8193.8314152,57.217,8.55,347.643,0.8679020888729352
153.6166,127.911956,37.971959,8193.665604,57.245,8.55,347.744,0.8679020888729352
153.6333,127.911944,37.971979,8193.500097600001,57.272,8.549,347.846,0.8679020888729352
153.65,127.911931,37.972,8193.3355056,57.299,8.549,347.947,0.8679020888729352
153.6666,127.911919,37.972021,8193.1709136,57.326,8.549,348.049,0.8679020888729352
153.6833,127.911906,37.972042,8193.0069312,57.352,8.548,348.151,0.8679020888729352
153.7,127.911894,37.972062,8192.8435584,57.379,8.548,348.252,0.8679020888729352
153.7166,127.911882,37.972083,8192.6804904,57.405,8.548,348.354,0.8679020888729352
153.7333,127.911869,37.972104,8192.5177272,57.431,8.548,348.456,0.8679020888729352
153.75,127.911857,37.972125,8192.3555736,57.457,8.548,348.558,0.8679020888729352
153.7666,127.911845,37.972146,8192.193724800001,57.482,8.548,348.66,0.8679020888729352
153.7833,127.911833,37.972166,8192.0324856,57.507,8.548,348.761,0.8679020888729352
153.8,127.911821,37.972187,8191.871856000001,57.532,8.548,348.863,0.8679020888729352
153.8166,127.911808,37.972208,8191.7115312000005,57.557,8.548,348.965,0.8679020888729352
153.8333,127.911796,37.972229,8191.551511200001,57.581,8.548,349.068,0.8679020888729352
153.85,127.911784,37.97225,8191.392100800001,57.605,8.548,349.17,0.8679020888729352
153.8666,127.911772,37.972271,8191.2329952,57.629,8.548,349.272,0.8679020888729352
153.8833,127.911761,37.972292,8191.0744992,57.653,8.548,349.374,0.8679020888729352
153.9,127.911749,37.972313,8190.916612800001,57.676,8.549,349.476,0.8679020888729352
153.9166,127.911737,37.972334,8190.7590312,57.699,8.549,349.579,0.8679020888729352
153.9333,127.911725,37.972355,8190.601754400001,57.722,8.549,349.681,0.8679020888729352
153.95,127.911713,37.972376,8190.445087200001,57.744,8.55,349.783,0.8679020888729352
153.9666,127.911701,37.972397,8190.2890296,57.766,8.55,349.886,0.8679020888729352
153.9833,127.91169,37.972419,8190.1332768,57.788,8.551,349.988,0.8679020888729352
154.0,127.911678,37.97244,8189.977828800001,57.81,8.551,350.091,0.8679020888729352
154.0166,127.911667,37.972461,8189.8229904,57.831,8.552,350.194,0.8679020888729352
154.0333,127.911655,37.972482,8189.6687616,57.852,8.552,350.296,0.8679020888729352
154.05,127.911644,37.972503,8189.514837600001,57.873,8.553,350.399,0.8679020888729352
154.0666,127.911632,37.972525,8189.3612184,57.894,8.554,350.502,0.8679020888729352
154.0833,127.911621,37.972546,8189.208208800001,57.914,8.555,350.604,0.8679020888729352
154.1,127.911609,37.972567,8189.055808800001,57.934,8.556,350.707,0.8679020888729352
154.1166,127.911598,37.972589,8188.903713600001,57.954,8.557,350.81,0.8679020888729352
154.1333,127.911587,37.97261,8188.752228,57.973,8.558,350.913,0.8679020888729352
154.15,127.911575,37.972631,8188.601047200001,57.992,8.559,351.016,0.8679020888729352
154.1666,127.911564,37.972653,8188.450476,58.011,8.56,351.119,0.8679020888729352
154.1833,127.911553,37.972674,8188.300514400001,58.03,8.561,351.222,0.8679020888729352
154.2,127.911542,37.972696,8188.1508576,58.048,8.562,351.325,0.8679020888729352
154.2166,127.911531,37.972717,8188.001505600001,58.066,8.563,351.428,0.8679020888729352
154.2333,127.91152,37.972738,8187.8527632000005,58.084,8.565,351.531,0.8679020888729352
154.25,127.911509,37.97276,8187.7046304000005,58.102,8.566,351.634,0.8679020888729352
154.2666,127.911498,37.972782,8187.5568023999995,58.119,8.567,351.738,0.8679020888729352
154.2833,127.911487,37.972803,8187.409584000001,58.136,8.569,351.841,0.8679020888729352
154.3,127.911476,37.972825,8187.262670400001,58.153,8.57,351.944,0.8679020888729352
154.3166,127.911465,37.972846,8187.1163664,58.17,8.572,352.047,0.8679020888729352
154.3333,127.911454,37.972868,8186.970672,58.186,8.574,352.151,0.8679020888729352
154.35,127.911444,37.972889,8186.8252824,58.202,8.575,352.254,0.8679020888729352
154.3666,127.911433,37.972911,8186.680197600001,58.218,8.577,352.358,0.8679020888729352
154.3833,127.911422,37.972933,8186.536027200001,58.234,8.579,352.461,0.8679020888729352
154.4,127.911412,37.972955,8186.3921616,58.249,8.581,352.565,0.8679020888729352
154.4166,127.911401,37.972976,8186.2486008000005,58.264,8.583,352.668,0.8679020888729352
154.4333,127.911391,37.972998,8186.1056496,58.279,8.585,352.772,0.8679020888729352
154.45,127.91138,37.97302,8185.963308,58.294,8.587,352.876,0.8679020888729352
154.4666,127.91137,37.973042,8185.8212712,58.308,8.589,352.979,0.8679020888729352
154.4833,127.911359,37.973063,8185.679844,58.322,8.592,353.083,0.8679020888729352
154.5,127.911349,37.973085,8185.5390264,58.336,8.594,353.187,0.8679020888729352
154.5166,127.911339,37.973107,8185.3985136,58.35,8.596,353.29,0.8679020888729352
154.5333,127.911329,37.973129,8185.258610400001,58.363,8.599,353.394,0.8679020888729352
154.55,127.911318,37.973151,8185.119012,58.376,8.601,353.498,0.8679020888729352
154.5666,127.911308,37.973173,8184.980328000001,58.388,8.604,353.602,0.8679020888729352
154.5833,127.911298,37.973195,8184.841644,58.4,8.607,353.706,0.8679020888729352
154.6,127.911288,37.973217,8184.703874400001,58.412,8.609,353.81,0.8679020888729352
154.6166,127.911278,37.973239,8184.566409600001,58.424,8.612,353.914,0.8679020888729352
154.6333,127.911268,37.973261,8184.429554400001,58.435,8.615,354.018,0.8679020888729352
154.65,127.911258,37.973283,8184.293004,58.445,8.618,354.122,0.8679020888729352
154.6666,127.911248,37.973305,8184.157368,58.456,8.621,354.226,0.8679020888729352
154.6833,127.911238,37.973327,8184.022036800001,58.465,8.624,354.33,0.8679020888729352
154.7,127.911229,37.973349,8183.887010400001,58.475,8.627,354.434,0.8679020888729352
154.7166,127.911219,37.973371,8183.7528984,58.484,8.631,354.538,0.8679020888729352
154.7333,127.911209,37.973393,8183.6190912,58.491,8.634,354.642,0.8679020888729352
154.75,127.9112,37.973415,8183.4858936,58.498,8.638,354.747,0.8679020888729352
154.7666,127.91119,37.973437,8183.353305600001,58.504,8.641,354.851,0.8679020888729352
154.7833,127.91118,37.973459,8183.2210224,58.509,8.645,354.955,0.8679020888729352
154.8,127.911171,37.973482,8183.0896536,58.512,8.649,355.059,0.8679020888729352
154.8166,127.911161,37.973504,8182.9585896,58.515,8.652,355.163,0.8679020888729352
154.8333,127.911152,37.973526,8182.8281352,58.518,8.656,355.268,0.8679020888729352
154.85,127.911143,37.973548,8182.6979856,58.52,8.661,355.372,0.8679020888729352
154.8666,127.911133,37.973571,8182.568750400001,58.521,8.665,355.476,0.8679020888729352
154.8833,127.911124,37.973593,8182.4398200000005,58.522,8.669,355.581,0.8679020888729352
154.9,127.911115,37.973615,8182.3114992,58.522,8.673,355.685,0.8679020888729352
154.9166,127.911106,37.973638,8182.183788000001,58.522,8.678,355.79,0.8679020888729352
154.9333,127.911097,37.97366,8182.0563816,58.522,8.682,355.894,0.8679020888729352
154.95,127.911088,37.973682,8181.9298896,58.522,8.687,355.999,0.8679020888729352
154.9666,127.911079,37.973705,8181.8037024,58.522,8.692,356.103,0.8679020888729352
154.9833,127.91107,37.973727,8181.678124800001,58.522,8.697,356.208,0.8679020888729352
155.0,127.911061,37.97375,8181.552852000001,58.521,8.702,356.312,0.8679020888729352
155.0166,127.911052,37.973772,8181.4284936,58.521,8.707,356.417,0.8679020888729352
155.0333,127.911043,37.973795,8181.30444,58.521,8.712,356.522,0.8679020888729352
155.05,127.911034,37.973817,8181.180996000001,58.521,8.717,356.626,0.8679020888729352
155.0666,127.911025,37.97384,8181.0581616,58.521,8.723,356.731,0.8679020888729352
155.0833,127.911017,37.973862,8180.9359368000005,58.521,8.728,356.836,0.8679020888729352
155.1,127.911008,37.973885,8180.8143216,58.522,8.734,356.941,0.8679020888729352
155.1166,127.910999,37.973907,8180.693011200001,58.523,8.739,357.046,0.8679020888729352
155.1333,127.910991,37.97393,8180.572615200001,58.522,8.745,357.15,0.8679020888729352
155.15,127.910982,37.973952,8180.452828800001,58.519,8.751,357.255,0.8679020888729352
155.1666,127.910974,37.973975,8180.3333472,58.515,8.758,357.36,0.8679020888729352
155.1833,127.910966,37.973998,8180.21478,58.509,8.764,357.464,0.8679020888729352
155.2,127.910957,37.97402,8180.096822400001,58.502,8.77,357.569,0.8679020888729352
155.2166,127.910949,37.974043,8179.979474400001,58.494,8.777,357.674,0.8679020888729352
155.2333,127.910941,37.974066,8179.862736,58.484,8.783,357.779,0.8679020888729352
155.25,127.910933,37.974088,8179.7466072,58.472,8.79,357.883,0.8679020888729352
155.2666,127.910924,37.974111,8179.631088000001,58.459,8.797,357.988,0.8679020888729352
155.2833,127.910916,37.974134,8179.516483200001,58.445,8.805,358.093,0.8679020888729352
155.3,127.910908,37.974157,8179.402183200001,58.429,8.812,358.197,0.8679020888729352
155.3166,127.9109,37.97418,8179.288797600001,58.412,8.819,358.302,0.8679020888729352
155.3333,127.910892,37.974202,8179.1757168,58.393,8.827,358.407,0.8679020888729352
155.35,127.910884,37.974225,8179.0635504,58.373,8.835,358.511,0.8679020888729352
155.3666,127.910877,37.974248,8178.9519936,58.352,8.843,358.616,0.8679020888729352
155.3833,127.910869,37.974271,8178.841351200001,58.33,8.851,358.721,0.8679020888729352
155.4,127.910861,37.974294,8178.731013600001,58.307,8.859,358.825,0.8679020888729352
155.4166,127.910853,37.974317,8178.6215904,58.283,8.868,358.93,0.8679020888729352
155.4333,127.910846,37.97434,8178.512472,58.27,8.876,359.035,0.8679020888729352
155.45,127.910838,37.974363,8178.4036584000005,58.268,8.884,359.14,0.8679020888729352
155.4666,127.910831,37.974385,8178.2954544,58.278,8.892,359.246,0.8679020888729352
155.4833,127.910823,37.974408,8178.1875552,58.299,8.9,359.352,0.8679020888729352
155.5,127.910816,37.974431,8178.079656000001,58.332,8.909,359.458,0.8679020888729352
155.5166,127.910808,37.974454,8177.9723664,58.375,8.917,359.564,0.8679020888729352
155.5333,127.910801,37.974477,8177.865076800001,58.429,8.925,359.671,0.8679020888729352
155.55,127.910794,37.9745,8177.758092000001,58.494,8.933,359.778,0.8679020888729352
155.5666,127.910786,37.974524,8177.651412,58.569,8.941,359.885,0.8679020888729352
155.5833,127.910779,37.974547,8177.545341600001,58.655,8.948,359.992,0.8679020888729352
155.6,127.910772,37.97457,8177.4392712,58.75,8.956,0.099,0.8679020888729352
155.6166,127.910765,37.974593,8177.3335056000005,58.856,8.963,0.207,0.8679020888729352
155.6333,127.910758,37.974616,8177.2280448,58.959,8.971,0.314,0.8679020888729352
155.65,127.910751,37.974639,8177.1231936,59.059,8.979,0.421,0.8679020888729352
155.6666,127.910744,37.974662,8177.018952000001,59.155,8.986,0.528,0.8679020888729352
155.6833,127.910737,37.974685,8176.915624800001,59.249,8.994,0.634,0.8679020888729352
155.7,127.91073,37.974709,8176.8126024,59.34,9.002,0.741,0.8679020888729352
155.7166,127.910723,37.974732,8176.7104944,59.427,9.009,0.847,0.8679020888729352
155.7333,127.910716,37.974755,8176.6086912,59.51,9.016,0.953,0.8679020888729352
155.75,127.91071,37.974778,8176.5078023999995,59.59,9.024,1.059,0.8679020888729352
155.7666,127.910703,37.974802,8176.4075232000005,59.666,9.031,1.165,0.8679020888729352
155.7833,127.910696,37.974825,8176.3078536,59.739,9.037,1.271,0.8679020888729352
155.8,127.91069,37.974848,8176.2087936,59.808,9.044,1.376,0.8679020888729352
155.8166,127.910683,37.974871,8176.1103432,59.874,9.051,1.482,0.8679020888729352
155.8333,127.910677,37.974895,8176.012197600001,59.936,9.057,1.588,0.8679020888729352
155.85,127.91067,37.974918,8175.9149664,59.995,9.063,1.694,0.8679020888729352
155.8666,127.910664,37.974941,8175.8183448,60.05,9.069,1.8,0.8679020888729352
155.8833,127.910658,37.974965,8175.722332800001,60.102,9.075,1.906,0.8679020888729352
155.9,127.910651,37.974988,8175.6266256,60.15,9.08,2.012,0.8679020888729352
155.9166,127.910645,37.975011,8175.5318328,60.195,9.086,2.119,0.8679020888729352
155.9333,127.910639,37.975035,8175.437344800001,60.238,9.091,2.225,0.8679020888729352
155.95,127.910633,37.975058,8175.3437712,60.277,9.096,2.332,0.8679020888729352
155.9666,127.910627,37.975082,8175.2505024,60.314,9.101,2.439,0.8679020888729352
155.9833,127.910621,37.975105,8175.1578432,60.348,9.106,2.546,0.8679020888729352
156.0,127.910615,37.975129,8175.0654888,60.379,9.111,2.653,0.8679020888729352
156.0166,127.910609,37.975152,8174.9740488,60.408,9.115,2.76,0.8679020888729352
156.0333,127.910603,37.975176,8174.8829136,60.434,9.119,2.867,0.8679020888729352
156.05,127.910598,37.975199,8174.792388000001,60.459,9.124,2.975,0.8679020888729352
156.0666,127.910592,37.975223,8174.702472,60.481,9.128,3.083,0.8679020888729352
156.0833,127.910586,37.975246,8174.613165600001,60.502,9.132,3.191,0.8679020888729352
156.1,127.910581,37.97527,8174.524164,60.521,9.136,3.299,0.8679020888729352
156.1166,127.910575,37.975293,8174.435772,60.539,9.14,3.407,0.8679020888729352
156.1333,127.91057,37.975317,8174.3479896,60.555,9.144,3.516,0.8679020888729352
156.15,127.910564,37.975341,8174.260512,60.57,9.147,3.625,0.8679020888729352
156.1666,127.910559,37.975364,8174.173644,60.585,9.151,3.733,0.8679020888729352
156.1833,127.910553,37.975388,8174.0873856,60.599,9.154,3.842,0.8679020888729352
156.2,127.910548,37.975411,8174.001432,60.611,9.158,3.951,0.8679020888729352
156.2166,127.910543,37.975435,8173.916392800001,60.624,9.161,4.061,0.8679020888729352
156.2333,127.910538,37.975459,8173.8313536000005,60.636,9.165,4.17,0.8679020888729352
156.25,127.910533,37.975482,8173.746924000001,60.648,9.168,4.279,0.8679020888729352
156.2666,127.910528,37.975506,8173.663104,60.661,9.171,4.389,0.8679020888729352
156.2833,127.910523,37.97553,8173.5798936,60.675,9.175,4.499,0.8679020888729352
156.3,127.910518,37.975554,8173.496988000001,60.688,9.178,4.609,0.8679020888729352
156.3166,127.910513,37.975577,8173.4143872,60.702,9.181,4.719,0.8679020888729352
156.3333,127.910508,37.975601,8173.332396000001,60.717,9.184,4.829,0.8679020888729352
156.35,127.910503,37.975625,8173.251014400001,60.733,9.187,4.939,0.8679020888729352
156.3666,127.910498,37.975649,8173.169937600001,60.75,9.19,5.049,0.8679020888729352
156.3833,127.910494,37.975672,8173.089470400001,60.768,9.193,5.159,0.8679020888729352
156.4,127.910489,37.975696,8173.009308,60.788,9.196,5.27,0.8679020888729352
156.4166,127.910484,37.97572,8172.929755200001,60.808,9.199,5.38,0.8679020888729352
156.4333,127.91048,37.975744,8172.8505072,60.829,9.202,5.49,0.8679020888729352
156.45,127.910475,37.975768,8172.7718688,60.852,9.205,5.601,0.8679020888729352
156.4666,127.910471,37.975792,8172.69384,60.877,9.208,5.711,0.8679020888729352
156.4833,127.910467,37.975815,8172.616116,60.903,9.211,5.822,0.8679020888729352
156.5,127.910462,37.975839,8172.538696800001,60.93,9.214,5.933,0.8679020888729352
156.5166,127.910458,37.975863,8172.461887200001,60.958,9.217,6.043,0.8679020888729352
156.5333,127.910454,37.975887,8172.385382400001,60.988,9.22,6.154,0.8679020888729352
156.55,127.91045,37.975911,8172.309487200001,61.02,9.223,6.265,0.8679020888729352
156.5666,127.910446,37.975935,8172.234201600001,61.053,9.225,6.375,0.8679020888729352
156.5833,127.910441,37.975959,8172.158916,61.087,9.228,6.486,0.8679020888729352
156.6,127.910437,37.975983,8172.0845448,61.123,9.231,6.597,0.8679020888729352
156.6166,127.910434,37.976007,8172.0104784000005,61.16,9.234,6.708,0.8679020888729352
156.6333,127.91043,37.976031,8171.9367168,61.198,9.236,6.818,0.8679020888729352
156.65,127.910426,37.976055,8171.863564800001,61.237,9.239,6.929,0.8679020888729352
156.6666,127.910422,37.976079,8171.7907176,61.278,9.241,7.04,0.8679020888729352
156.6833,127.910418,37.976103,8171.7184799999995,61.32,9.244,7.151,0.8679020888729352
156.7,127.910415,37.976127,8171.646547200001,61.363,9.246,7.262,0.8679020888729352
156.7166,127.910411,37.976151,8171.575224000001,61.407,9.248,7.373,0.8679020888729352
156.7333,127.910407,37.976175,8171.504205600001,61.452,9.251,7.484,0.8679020888729352
156.75,127.910404,37.976199,8171.433796800001,61.498,9.253,7.595,0.8679020888729352
156.7666,127.910401,37.976223,8171.3636928000005,61.545,9.255,7.706,0.8679020888729352
156.7833,127.910397,37.976247,8171.2941984,61.592,9.257,7.817,0.8679020888729352
156.8,127.910394,37.976271,8171.2250088,61.64,9.259,7.928,0.8679020888729352
156.8166,127.910391,37.976295,8171.156124000001,61.689,9.261,8.039,0.8679020888729352
156.8333,127.910387,37.97632,8171.0878488,61.738,9.263,8.15,0.8679020888729352
156.85,127.910384,37.976344,8171.020183200001,61.788,9.265,8.261,0.8679020888729352
156.8666,127.910381,37.976368,8170.9528224000005,61.838,9.266,8.372,0.8679020888729352
156.8833,127.910378,37.976392,8170.8857664,61.887,9.268,8.483,0.8679020888729352
156.9,127.910375,37.976416,8170.8193200000005,61.938,9.269,8.594,0.8679020888729352
156.9166,127.910372,37.97644,8170.7531784,61.988,9.27,8.706,0.8679020888729352
156.9333,127.910369,37.976464,8170.687646400001,62.038,9.272,8.817,0.8679020888729352
156.95,127.910366,37.976489,8170.622419200001,62.088,9.273,8.928,0.8679020888729352
156.9666,127.910364,37.976513,8170.557496800001,62.137,9.274,9.04,0.8679020888729352
156.9833,127.910361,37.976537,8170.493184000001,62.186,9.275,9.151,0.8679020888729352
157.0,127.910358,37.976561,8170.4294808,62.235,9.276,9.263,0.8679020888729352
157.0166,127.910356,37.976585,8170.366082400001,62.284,9.276,9.374,0.8679020888729352
157.0333,127.910353,37.97661,8170.3029888,62.332,9.277,9.486,0.8679020888729352
157.05,127.910351,37.976634,8170.2405048,62.379,9.278,9.598,0.8679020888729352
157.0666,127.910348,37.976658,8170.1783256,62.425,9.278,9.709,0.8679020888729352
157.0833,127.910346,37.976683,8170.116756,62.47,9.278,9.821,0.8679020888729352
157.1,127.910343,37.976707,8170.055491200001,62.515,9.279,9.933,0.8679020888729352
157.1166,127.910341,37.976731,8169.9945312,62.559,9.279,10.045,0.8679020888729352
157.1333,127.910339,37.976755,8169.9341808,62.602,9.279,10.157,0.8679020888729352
157.15,127.910337,37.97678,8169.8741352,62.643,9.279,10.269,0.8679020888729352
157.1666,127.910335,37.976804,8169.8146992,62.683,9.279,10.381,0.8679020888729352
157.1833,127.910333,37.976828,8169.7555680000005,62.722,9.278,10.494,0.8679020888729352
157.2,127.910331,37.976853,8169.6970464000005,62.76,9.278,10.606,0.8679020888729352
157.2166,127.910329,37.976877,8169.6388296,62.797,9.278,10.718,0.8679020888729352
157.2333,127.910327,37.976901,8169.5809176,62.833,9.277,10.831,0.8679020888729352
157.25,127.910325,37.976926,8169.523615200001,62.867,9.277,10.943,0.8679020888729352
157.2666,127.910323,37.97695,8169.4666176,62.901,9.276,11.056,0.8679020888729352
157.2833,127.910322,37.976974,8169.409924800001,62.933,9.275,11.169,0.8679020888729352
157.3,127.91032,37.976999,8169.353841600001,62.964,9.275,11.281,0.8679020888729352
157.3166,127.910319,37.977023,8169.2980632,62.994,9.274,11.394,0.8679020888729352
157.3333,127.910317,37.977048,8169.2425896,63.023,9.273,11.507,0.8679020888729352
157.35,127.910316,37.977072,8169.1877256,63.051,9.272,11.62,0.8679020888729352
157.3666,127.910314,37.977096,8169.1331664,63.078,9.271,11.733,0.8679020888729352
157.3833,127.910313,37.977121,8169.0792168,63.104,9.27,11.847,0.8679020888729352
157.4,127.910312,37.977145,8169.0255720000005,63.13,9.269,11.96,0.8679020888729352
157.4166,127.91031,37.97717,8168.972232,63.155,9.268,12.073,0.8679020888729352
157.4333,127.910309,37.977194,8168.9191968000005,63.179,9.267,12.186,0.8679020888729352
157.45,127.910308,37.977219,8168.8667712,63.203,9.265,12.3,0.8679020888729352
157.4666,127.910307,37.977243,8168.814650400001,63.226,9.264,12.414,0.8679020888729352
157.4833,127.910306,37.977268,8168.7628343999995,63.249,9.263,12.527,0.8679020888729352
157.5,127.910305,37.977292,8168.7113232,63.272,9.262,12.641,0.8679020888729352
157.5166,127.910304,37.977317,8168.6604216000005,63.294,9.26,12.755,0.8679020888729352
157.5333,127.910304,37.977341,8168.609824800001,63.316,9.259,12.868,0.8679020888729352
157.55,127.910303,37.977366,8168.559837600001,63.338,9.258,12.982,0.8679020888729352
157.5666,127.910302,37.97739,8168.509850400001,63.359,9.256,13.096,0.8679020888729352
157.5833,127.910302,37.977415,8168.4604728,63.381,9.255,13.21,0.8679020888729352
157.6,127.910301,37.977439,8168.4114,63.403,9.253,13.324,0.8679020888729352
157.6166,127.910301,37.977464,8168.362632,63.425,9.252,13.438,0.8679020888729352
157.6333,127.9103,37.977488,8168.3144736,63.447,9.25,13.553,0.8679020888729352
157.65,127.9103,37.977513,8168.2663152000005,63.47,9.249,13.667,0.8679020888729352
157.6666,127.910299,37.977537,8168.2187664,63.493,9.247,13.781,0.8679020888729352
157.6833,127.910299,37.977562,8168.1715224,63.516,9.246,13.895,0.8679020888729352
157.7,127.910299,37.977586,8168.1245832,63.539,9.244,14.01,0.8679020888729352
157.7166,127.910299,37.977611,8168.078253600001,63.563,9.243,14.124,0.8679020888729352
157.7333,127.910299,37.977636,8168.031924000001,63.588,9.241,14.238,0.8679020888729352
157.75,127.910299,37.97766,8167.986204000001,63.613,9.24,14.353,0.8679020888729352
157.7666,127.910299,37.977685,8167.9407888,63.639,9.238,14.467,0.8679020888729352
157.7833,127.910299,37.977709,8167.895678400001,63.666,9.237,14.582,0.8679020888729352
157.8,127.910299,37.977734,8167.850872800001,63.693,9.235,14.696,0.8679020888729352
157.8166,127.910299,37.977758,8167.8066768,63.721,9.234,14.811,0.8679020888729352
157.8333,127.910299,37.977783,8167.7624808,63.749,9.232,14.926,0.8679020888729352
157.85,127.9103,37.977808,8167.7188944,63.778,9.231,15.04,0.8679020888729352
157.8666,127.9103,37.977832,8167.675612800001,63.809,9.229,15.155,0.8679020888729352
157.8833,127.910301,37.977857,8167.632636,63.839,9.227,15.27,0.8679020888729352
157.9,127.910301,37.977882,8167.589964000001,63.871,9.226,15.384,0.8679020888729352
157.9166,127.910302,37.977906,8167.547596800001,63.903,9.224,15.499,0.8679020888729352
157.9333,127.910302,37.977931,8167.5055344,63.937,9.222,15.614,0.8679020888729352
157.95,127.910303,37.977955,8167.4640816,63.971,9.22,15.729,0.8679020888729352
157.9666,127.910304,37.97798,8167.422628800001,64.006,9.219,15.844,0.8679020888729352
157.9833,127.910304,37.978005,8167.3817856000005,64.042,9.217,15.959,0.8679020888729352
158.0,127.910305,37.978029,8167.340942400001,64.079,9.215,16.074,0.8679020888729352
158.0166,127.910306,37.978054,8167.3007088,64.116,9.213,16.189,0.8679020888729352
158.0333,127.910307,37.978079,8167.26078,64.155,9.211,16.304,0.8679020888729352
158.05,127.910308,37.978103,8167.220851200001,64.194,9.209,16.419,0.8679020888729352
158.0666,127.910309,37.978128,8167.1815320000005,64.235,9.207,16.534,0.8679020888729352
158.0833,127.910311,37.978153,8167.1425176,64.276,9.205,16.649,0.8679020888729352
158.1,127.910312,37.978177,8167.103808,64.318,9.203,16.764,0.8679020888729352
158.1166,127.910313,37.978202,8167.0654032,64.36,9.201,16.879,0.8679020888729352
158.1333,127.910314,37.978227,8167.0273032000005,64.404,9.199,16.994,0.8679020888729352
158.15,127.910316,37.978252,8166.9892032,64.448,9.196,17.11,0.8679020888729352
158.1666,127.910317,37.978276,8166.9517128,64.493,9.194,17.225,0.8679020888729352
158.1833,127.910319,37.978301,8166.9145272000005,64.539,9.191,17.34,0.8679020888729352
158.2,127.91032,37.978326,8166.8776464,64.586,9.189,17.456,0.8679020888729352
158.2166,127.910322,37.97835,8166.841070400001,64.633,9.186,17.571,0.8679020888729352
158.2333,127.910324,37.978375,8166.8047992,64.681,9.184,17.687,0.8679020888729352
158.25,127.910326,37.9784,8166.7685280000005,64.729,9.181,17.802,0.8679020888729352
158.2666,127.910327,37.978424,8166.7328664,64.779,9.178,17.918,0.8679020888729352
158.2833,127.910329,37.978449,8166.697204800001,64.829,9.175,18.033,0.8679020888729352
158.3,127.910331,37.978474,8166.6621528,64.879,9.172,18.149,0.8679020888729352
158.3166,127.910333,37.978499,8166.6271008,64.93,9.169,18.265,0.8679020888729352
158.3333,127.910335,37.978523,8166.5923536,64.982,9.165,18.381,0.8679020888729352
158.35,127.910338,37.978548,8166.5579112000005,65.034,9.162,18.497,0.8679020888729352
158.3666,127.91034,37.978573,8166.523773600001,65.087,9.158,18.612,0.8679020888729352
158.3833,127.910342,37.978597,8166.4899408,65.14,9.155,18.728,0.8679020888729352
158.4,127.910344,37.978622,8166.4564128,65.194,9.151,18.845,0.8679020888729352
158.4166,127.910347,37.978647,8166.4228848,65.248,9.147,18.961,0.8679020888729352
158.4333,127.910349,37.978672,8166.3899664,65.302,9.143,19.077,0.8679020888729352
158.45,127.910352,37.978696,8166.357048,65.357,9.139,19.193,0.8679020888729352
158.4666,127.910354,37.978721,8166.3244343999995,65.413,9.135,19.31,0.8679020888729352
158.4833,127.910357,37.978746,8166.2918208,65.468,9.13,19.426,0.8679020888729352
158.5,127.91036,37.978771,8166.2598168,65.524,9.126,19.542,0.8679020888729352
158.5166,127.910362,37.978795,8166.2278128,65.58,9.121,19.659,0.8679020888729352
158.5333,127.910365,37.97882,8166.1961136,65.637,9.116,19.776,0.8679020888729352
158.55,127.910368,37.978845,8166.164719200001,65.693,9.111,19.892,0.8679020888729352
158.5666,127.910371,37.97887,8166.133324800001,65.75,9.106,20.009,0.8679020888729352
158.5833,127.910374,37.978894,8166.1022352,65.806,9.101,20.126,0.8679020888729352
158.6,127.910377,37.978919,8166.071450400001,65.863,9.095,20.243,0.8679020888729352
158.6166,127.91038,37.978944,8166.040970400001,65.919,9.09,20.36,0.8679020888729352
158.6333,127.910383,37.978969,8166.0104904,65.975,9.084,20.477,0.8679020888729352
158.65,127.910386,37.978993,8165.9803152,66.031,9.078,20.594,0.8679020888729352
158.6666,127.91039,37.979018,8165.950444800001,66.086,9.072,20.711,0.8679020888729352
158.6833,127.910393,37.979043,8165.920574400001,66.14,9.066,20.828,0.8679020888729352
158.7,127.910397,37.979068,8165.8910088,66.194,9.06,20.946,0.8679020888729352
158.7166,127.9104,37.979092,8165.861748,66.247,9.054,21.063,0.8679020888729352
158.7333,127.910404,37.979117,8165.8324872,66.3,9.047,21.181,0.8679020888729352
158.75,127.910407,37.979142,8165.8035312,66.351,9.04,21.298,0.8679020888729352
158.7666,127.910411,37.979167,8165.77488,66.402,9.034,21.416,0.8679020888729352
158.7833,127.910415,37.979191,8165.746228800001,66.451,9.027,21.533,0.8679020888729352
158.8,127.910419,37.979216,8165.7178824,66.5,9.02,21.651,0.8679020888729352
158.8166,127.910422,37.979241,8165.689840800001,66.547,9.013,21.769,0.8679020888729352
158.8333,127.910426,37.979266,8165.6617992,66.594,9.005,21.887,0.8679020888729352
158.85,127.91043,37.97929,8165.6340624,66.639,8.998,22.005,0.8679020888729352
158.8666,127.910434,37.979315,8165.6063256,66.683,8.99,22.123,0.8679020888729352
158.8833,127.910438,37.97934,8165.5788936,66.726,8.983,22.241,0.8679020888729352
158.9,127.910443,37.979365,8165.5517664,66.767,8.975,22.359,0.8679020888729352
158.9166,127.910447,37.979389,8165.5246392,66.808,8.967,22.477,0.8679020888729352
158.9333,127.910451,37.979414,8165.497512,66.848,8.959,22.596,0.8679020888729352
158.95,127.910456,37.979439,8165.470994400001,66.886,8.951,22.714,0.8679020888729352
158.9666,127.91046,37.979464,8165.444172,66.923,8.943,22.833,0.8679020888729352
158.9833,127.910465,37.979488,8165.4179592,66.959,8.935,22.951,0.8679020888729352
159.0,127.910469,37.979513,8165.391441600001,66.994,8.927,23.07,0.8679020888729352
159.0166,127.910474,37.979538,8165.365533600001,67.028,8.918,23.188,0.8679020888729352
159.0333,127.910478,37.979563,8165.3396256,67.06,8.91,23.307,0.8679020888729352
159.05,127.910483,37.979587,8165.3137176,67.092,8.901,23.426,0.8679020888729352
159.0666,127.910488,37.979612,8165.2881144,67.123,8.893,23.545,0.8679020888729352
159.0833,127.910493,37.979637,8165.2625112000005,67.153,8.884,23.664,0.8679020888729352
159.1,127.910498,37.979661,8165.237212800001,67.181,8.875,23.783,0.8679020888729352
159.1166,127.910503,37.979686,8165.211914400001,67.21,8.867,23.902,0.8679020888729352
159.1333,127.910508,37.979711,8165.1869208,67.237,8.858,24.021,0.8679020888729352
159.15,127.910513,37.979736,8165.161927200001,67.263,8.849,24.14,0.8679020888729352
159.1666,127.910518,37.97976,8165.136933600001,67.289,8.84,24.259,0.8679020888729352
159.1833,127.910524,37.979785,8165.112244800001,67.314,8.831,24.378,0.8679020888729352
159.2,127.910529,37.97981,8165.087860800001,67.338,8.822,24.498,0.8679020888729352
159.2166,127.910534,37.979834,8165.063172,67.362,8.813,24.617,0.8679020888729352
159.2333,127.91054,37.979859,8165.039092800001,67.385,8.804,24.736,0.8679020888729352
159.25,127.910545,37.979884,8165.0147088,67.407,8.796,24.856,0.8679020888729352
159.2666,127.910551,37.979909,8164.9906296,67.429,8.787,24.975,0.8679020888729352
159.2833,127.910557,37.979933,8164.9668552,67.45,8.778,25.095,0.8679020888729352
159.3,127.910562,37.979958,8164.9430808,67.471,8.769,25.214,0.8679020888729352
159.3166,127.910568,37.979983,8164.919306400001,67.491,8.76,25.334,0.8679020888729352
159.3333,127.910574,37.980007,8164.8955320000005,67.511,8.751,25.454,0.8679020888729352
159.35,127.91058,37.980032,8164.8720624,67.531,8.742,25.573,0.8679020888729352
159.3666,127.910586,37.980057,8164.848897600001,67.55,8.733,25.693,0.8679020888729352
159.3833,127.910592,37.980081,8164.825732800001,67.569,8.724,25.813,0.8679020888729352
159.4,127.910598,37.980106,8164.802568,67.587,8.715,25.932,0.8679020888729352
159.4166,127.910604,37.980131,8164.7794032,67.605,8.706,26.052,0.8679020888729352
159.4333,127.91061,37.980155,8164.7565432,67.623,8.697,26.172,0.8679020888729352
159.45,127.910617,37.98018,8164.733683200001,67.64,8.688,26.291,0.8679020888729352
159.4666,127.910623,37.980205,8164.711128000001,67.656,8.679,26.411,0.8679020888729352
159.4833,127.910629,37.980229,8164.688572800001,67.672,8.67,26.531,0.8679020888729352
159.5,127.910636,37.980254,8164.6660176000005,67.688,8.662,26.651,0.8679020888729352
159.5166,127.910642,37.980278,8164.6437672,67.704,8.653,26.771,0.8679020888729352
159.5333,127.910649,37.980303,8164.6215168,67.718,8.644,26.89,0.8679020888729352
159.55,127.910656,37.980328,8164.5992664,67.732,8.636,27.01,0.8679020888729352
159.5666,127.910662,37.980352,8164.5773208,67.745,8.627,27.13,0.8679020888729352
159.5833,127.910669,37.980377,8164.5553752,67.758,8.619,27.25,0.8679020888729352
159.6,127.910676,37.980401,8164.5337344,67.771,8.61,27.37,0.8679020888729352
159.6166,127.910683,37.980426,8164.5120936,67.782,8.602,27.49,0.8679020888729352
159.6333,127.91069,37.980451,8164.4904528,67.794,8.594,27.609,0.8679020888729352
159.65,127.910697,37.980475,8164.4691168,67.804,8.586,27.729,0.8679020888729352
159.6666,127.910704,37.9805,8164.4477808,67.814,8.577,27.849,0.8679020888729352
159.6833,127.910712,37.980524,8164.4264448,67.823,8.569,27.969,0.8679020888729352
159.7,127.910719,37.980549,8164.4054136,67.832,8.561,28.089,0.8679020888729352
159.7166,127.910726,37.980573,8164.3843824000005,67.84,8.553,28.209,0.8679020888729352
159.7333,127.910734,37.980598,8164.363656,67.848,8.546,28.329,0.8679020888729352
159.75,127.910741,37.980623,8164.3429295999995,67.856,8.538,28.449,0.8679020888729352
159.7666,127.910749,37.980647,8164.3222032,67.863,8.53,28.568,0.8679020888729352
159.7833,127.910756,37.980672,8164.3014768,67.869,8.522,28.688,0.8679020888729352
159.8,127.910764,37.980696,8164.281055200001,67.876,8.515,28.808,0.8679020888729352
159.8166,127.910772,37.980721,8164.260938400001,67.882,8.507,28.928,0.8679020888729352
159.8333,127.910779,37.980745,8164.2405168000005,67.888,8.5,29.048,0.8679020888729352
159.85,127.910787,37.98077,8164.2204,67.894,8.493,29.168,0.8679020888729352
159.8666,127.910795,37.980794,8164.200283200001,67.9,8.486,29.288,0.8679020888729352
159.8833,127.910803,37.980819,8164.1804712,67.906,8.478,29.408,0.8679020888729352
159.9,127.910811,37.980843,8164.160659200001,67.911,8.471,29.529,0.8679020888729352
159.9166,127.910819,37.980868,8164.140847200001,67.918,8.464,29.649,0.8679020888729352
159.9333,127.910827,37.980892,8164.121340000001,67.924,8.458,29.769,0.8679020888729352
159.95,127.910836,37.980916,8164.101832800001,67.931,8.451,29.889,0.8679020888729352
159.9666,127.910844,37.980941,8164.0823256,67.938,8.444,30.009,0.8679020888729352
159.9833,127.910852,37.980965,8164.062818400001,67.945,8.438,30.129,0.8679020888729352
160.0,127.910861,37.98099,8164.043616,67.953,8.431,30.249,0.8679020888729352
160.0166,127.910869,37.981014,8164.0244136,67.962,8.424,30.37,0.8679020888729352
160.0333,127.910878,37.981039,8164.005516,67.971,8.418,30.49,0.8679020888729352
160.05,127.910887,37.981063,8163.9866184,67.981,8.412,30.61,0.8679020888729352
160.0666,127.910895,37.981087,8163.9677208,67.991,8.406,30.73,0.8679020888729352
160.0833,127.910904,37.981112,8163.9488232,68.003,8.399,30.851,0.8679020888729352
160.1,127.910913,37.981136,8163.9299256,68.015,8.393,30.971,0.8679020888729352
160.1166,127.910922,37.98116,8163.9113328,68.028,8.387,31.091,0.8679020888729352
160.1333,127.910931,37.981185,8163.89274,68.041,8.381,31.212,0.8679020888729352
160.15,127.91094,37.981209,8163.874452000001,68.056,8.375,31.332,0.8679020888729352
160.1666,127.910949,37.981233,8163.855859200001,68.072,8.369,31.453,0.8679020888729352
160.1833,127.910958,37.981258,8163.8375712,68.088,8.363,31.573,0.8679020888729352
160.2,127.910967,37.981282,8163.819588000001,68.105,8.358,31.693,0.8679020888729352
160.2166,127.910977,37.981306,8163.8013,68.123,8.352,31.814,0.8679020888729352
160.2333,127.910986,37.981331,8163.7833168,68.142,8.346,31.934,0.8679020888729352
160.25,127.910995,37.981355,8163.765333600001,68.162,8.341,32.055,0.8679020888729352
160.2666,127.911005,37.981379,8163.747350400001,68.183,8.335,32.175,0.8679020888729352
160.2833,127.911014,37.981403,8163.7293672000005,68.205,8.329,32.296,0.8679020888729352
160.3,127.911024,37.981428,8163.7116888,68.228,8.324,32.417,0.8679020888729352
160.3166,127.911034,37.981452,8163.6940104000005,68.251,8.318,32.537,0.8679020888729352
160.3333,127.911043,37.981476,8163.676332,68.276,8.313,32.658,0.8679020888729352
160.35,127.911053,37.9815,8163.6586536,68.302,8.307,32.779,0.8679020888729352
160.3666,127.911063,37.981524,8163.6409752,68.328,8.301,32.899,0.8679020888729352
160.3833,127.911073,37.981549,8163.623601600001,68.356,8.296,33.02,0.8679020888729352
160.4,127.911083,37.981573,8163.606228000001,68.384,8.29,33.141,0.8679020888729352
160.4166,127.911093,37.981597,8163.5888544,68.413,8.285,33.262,0.8679020888729352
160.4333,127.911103,37.981621,8163.5714808,68.443,8.279,33.383,0.8679020888729352
160.45,127.911114,37.981645,8163.554412,68.475,8.273,33.503,0.8679020888729352
160.4666,127.911124,37.981669,8163.537038400001,68.507,8.268,33.624,0.8679020888729352
160.4833,127.911134,37.981693,8163.519969600001,68.54,8.262,33.745,0.8679020888729352
160.5,127.911145,37.981718,8163.502900800001,68.575,8.256,33.866,0.8679020888729352
160.5166,127.911155,37.981742,8163.485832,68.61,8.251,33.987,0.8679020888729352
160.5333,127.911166,37.981766,8163.4687632000005,68.646,8.245,34.109,0.8679020888729352
160.55,127.911176,37.98179,8163.4516944,68.684,8.239,34.23,0.8679020888729352
160.5666,127.911187,37.981814,8163.4346256,68.723,8.233,34.351,0.8679020888729352
160.5833,127.911198,37.981838,8163.417556800001,68.763,8.227,34.472,0.8679020888729352
160.6,127.911208,37.981862,8163.400488000001,68.805,8.221,34.594,0.8679020888729352
160.6166,127.911219,37.981886,8163.383724000001,68.847,8.214,34.715,0.8679020888729352
160.6333,127.91123,37.98191,8163.3666552,68.891,8.208,34.837,0.8679020888729352
160.65,127.911241,37.981934,8163.349586400001,68.936,8.202,34.958,0.8679020888729352
160.6666,127.911252,37.981958,8163.332822400001,68.983,8.195,35.08,0.8679020888729352
160.6833,127.911263,37.981982,8163.3157536,69.031,8.188,35.201,0.8679020888729352
160.7,127.911274,37.982006,8163.2986848,69.08,8.182,35.323,0.8679020888729352
160.7166,127.911286,37.98203,8163.2819208,69.13,8.175,35.445,0.8679020888729352
160.7333,127.911297,37.982054,8163.264852000001,69.182,8.168,35.567,0.8679020888729352
160.75,127.911308,37.982078,8163.2477832,69.236,8.161,35.689,0.8679020888729352
160.7666,127.91132,37.982102,8163.230714400001,69.291,8.153,35.811,0.8679020888729352
160.7833,127.911331,37.982125,8163.213645600001,69.347,8.146,35.933,0.8679020888729352
160.8,127.911343,37.982149,8163.196272,69.405,8.138,36.055,0.8679020888729352
160.8166,127.911355,37.982173,8163.1792032,69.464,8.13,36.177,0.8679020888729352
160.8333,127.911366,37.982197,8163.1618296,69.524,8.122,36.299,0.8679020888729352
160.85,127.911378,37.982221,8163.144760800001,69.585,8.114,36.422,0.8679020888729352
160.8666,127.91139,37.982245,8163.127387200001,69.647,8.106,36.544,0.8679020888729352
160.8833,127.911402,37.982268,8163.109708800001,69.71,8.097,36.667,0.8679020888729352
160.9,127.911414,37.982292,8163.0923352,69.775,8.088,36.789,0.8679020888729352
160.9166,127.911426,37.982316,8163.074656800001,69.84,8.079,36.912,0.8679020888729352
160.9333,127.911438,37.98234,8163.057283200001,69.905,8.07,37.034,0.8679020888729352
160.95,127.91145,37.982363,8163.0396048,69.971,8.061,37.157,0.8679020888729352
160.9666,127.911462,37.982387,8163.0216216,70.038,8.051,37.28,0.8679020888729352
160.9833,127.911474,37.982411,8163.003943199999,70.105,8.042,37.403,0.8679020888729352
161.0,127.911487,37.982435,8162.985960000001,70.172,8.032,37.526,0.8679020888729352
161.0166,127.911499,37.982458,8162.967672000001,70.239,8.021,37.649,0.8679020888729352
161.0333,127.911512,37.982482,8162.9496888,70.306,8.011,37.772,0.8679020888729352
161.05,127.911524,37.982506,8162.931400800001,70.371,8.0,37.895,0.8679020888729352
161.0666,127.911537,37.982529,8162.9131128,70.435,7.99,38.018,0.8679020888729352
161.0833,127.911549,37.982553,8162.894824800001,70.498,7.979,38.141,0.8679020888729352
161.1,127.911562,37.982576,8162.8762320000005,70.559,7.968,38.264,0.8679020888729352
161.1166,127.911575,37.9826,8162.8576392,70.62,7.956,38.388,0.8679020888729352
161.1333,127.911588,37.982624,8162.8390464,70.678,7.945,38.511,0.8679020888729352
161.15,127.911601,37.982647,8162.8201488,70.734,7.933,38.634,0.8679020888729352
161.1666,127.911614,37.982671,8162.8012512000005,70.788,7.921,38.758,0.8679020888729352
161.1833,127.911627,37.982694,8162.7823536000005,70.839,7.909,38.881,0.8679020888729352
161.2,127.91164,37.982718,8162.763151200001,70.889,7.897,39.005,0.8679020888729352
161.2166,127.911653,37.982741,8162.7439488,70.936,7.884,39.128,0.8679020888729352
161.2333,127.911666,37.982765,8162.724746400001,70.981,7.871,39.252,0.8679020888729352
161.25,127.91168,37.982788,8162.7052392,71.023,7.859,39.376,0.8679020888729352
161.2666,127.911693,37.982811,8162.685732000001,71.063,7.846,39.5,0.8679020888729352
161.2833,127.911707,37.982835,8162.665920000001,71.1,7.833,39.624,0.8679020888729352
161.3,127.91172,37.982858,8162.646108,71.135,7.82,39.748,0.8679020888729352
161.3166,127.911734,37.982882,8162.626296,71.168,7.806,39.872,0.8679020888729352
161.3333,127.911747,37.982905,8162.606179200001,71.199,7.793,39.996,0.8679020888729352
161.35,127.911761,37.982928,8162.5857576,71.227,7.779,40.12,0.8679020888729352
161.3666,127.911775,37.982952,8162.565336000001,71.253,7.766,40.245,0.8679020888729352
161.3833,127.911789,37.982975,8162.5449144,71.277,7.752,40.369,0.8679020888729352
161.4,127.911803,37.982998,8162.524188000001,71.299,7.738,40.494,0.8679020888729352
161.4166,127.911817,37.983021,8162.503156800001,71.319,7.724,40.618,0.8679020888729352
161.4333,127.911831,37.983045,8162.4821256,71.338,7.71,40.743,0.8679020888729352
161.45,127.911845,37.983068,8162.461094400001,71.355,7.696,40.868,0.8679020888729352
161.4666,127.911859,37.983091,8162.4397584,71.371,7.682,40.993,0.8679020888729352
161.4833,127.911873,37.983114,8162.4181176,71.385,7.668,41.118,0.8679020888729352
161.5,127.911888,37.983137,8162.3964768000005,71.398,7.653,41.243,0.8679020888729352
161.5166,127.911902,37.98316,8162.3745312,71.41,7.639,41.368,0.8679020888729352
161.5333,127.911916,37.983184,8162.352585600001,71.422,7.625,41.493,0.8679020888729352
161.55,127.911931,37.983207,8162.3303352,71.432,7.61,41.618,0.8679020888729352
161.5666,127.911945,37.98323,8162.30778,71.442,7.596,41.743,0.8679020888729352
161.5833,127.91196,37.983253,8162.285224800001,71.452,7.582,41.868,0.8679020888729352
161.6,127.911975,37.983276,8162.262364800001,71.461,7.567,41.994,0.8679020888729352
161.6166,127.91199,37.983299,8162.239504800001,71.47,7.553,42.119,0.8679020888729352
161.6333,127.912004,37.983322,8162.21634,71.478,7.539,42.244,0.8679020888729352
161.65,127.912019,37.983345,8162.192870400001,71.487,7.525,42.37,0.8679020888729352
161.6666,127.912034,37.983368,8162.1690960000005,71.496,7.51,42.495,0.8679020888729352
161.6833,127.912049,37.983391,8162.1453216,71.506,7.496,42.621,0.8679020888729352
161.7,127.912064,37.983414,8162.1212424000005,71.515,7.482,42.746,0.8679020888729352
161.7166,127.912079,37.983437,8162.0971632,71.525,7.468,42.872,0.8679020888729352
161.7333,127.912095,37.983459,8162.072779200001,71.535,7.453,42.997,0.8679020888729352
161.75,127.91211,37.983482,8162.048090400001,71.545,7.439,43.123,0.8679020888729352
161.7666,127.912125,37.983505,8162.0230968000005,71.556,7.425,43.248,0.8679020888729352
161.7833,127.912141,37.983528,8161.9981032000005,71.567,7.411,43.374,0.8679020888729352
161.8,127.912156,37.983551,8161.972804800001,71.578,7.397,43.499,0.8679020888729352
161.8166,127.912172,37.983573,8161.947506400001,71.59,7.383,43.625,0.8679020888729352
161.8333,127.912187,37.983596,8161.9219032,71.601,7.369,43.75,0.8679020888729352
161.85,127.912203,37.983619,8161.8959952000005,71.611,7.356,43.876,0.8679020888729352
161.8666,127.912219,37.983642,8161.870087200001,71.621,7.342,44.001,0.8679020888729352
161.8833,127.912235,37.983664,8161.843569600001,71.63,7.328,44.126,0.8679020888729352
161.9,127.91225,37.983687,8161.817356800001,71.639,7.315,44.252,0.8679020888729352
161.9166,127.912266,37.98371,8161.7905344,71.647,7.302,44.377,0.8679020888729352
161.9333,127.912282,37.983732,8161.7640168,71.654,7.288,44.503,0.8679020888729352
161.95,127.912298,37.983755,8161.7368896,71.658,7.275,44.628,0.8679020888729352
161.9666,127.912315,37.983777,8161.7097624,71.662,7.262,44.753,0.8679020888729352
161.9833,127.912331,37.9838,8161.6823304,71.664,7.249,44.878,0.8679020888729352
162.0,127.912347,37.983822,8161.6548984,71.664,7.236,45.004,0.8679020888729352
162.0166,127.912363,37.983845,8161.6271616,71.664,7.223,45.129,0.8679020888729352
162.0333,127.91238,37.983867,8161.599424800001,71.661,7.211,45.254,0.8679020888729352
162.05,127.912396,37.98389,8161.571383200001,71.656,7.198,45.379,0.8679020888729352
162.0666,127.912413,37.983912,8161.543036800001,71.649,7.186,45.504,0.8679020888729352
162.0833,127.912429,37.983935,8161.5146904,71.64,7.174,45.63,0.8679020888729352
162.1,127.912446,37.983957,8161.4860392,71.629,7.162,45.755,0.8679020888729352
162.1166,127.912463,37.983979,8161.457388000001,71.616,7.15,45.88,0.8679020888729352
162.1333,127.912479,37.984002,8161.428432000001,71.602,7.138,46.005,0.8679020888729352
162.15,127.912496,37.984024,8161.3994760000005,71.586,7.126,46.13,0.8679020888729352
162.1666,127.912513,37.984046,8161.3702152000005,71.567,7.115,46.255,0.8679020888729352
162.1833,127.91253,37.984068,8161.340954400001,71.548,7.104,46.38,0.8679020888729352
162.2,127.912547,37.984091,8161.3113888,71.527,7.093,46.506,0.8679020888729352
162.2166,127.912564,37.984113,8161.2815184,71.504,7.082,46.631,0.8679020888729352
162.2333,127.912581,37.984135,8161.2516479999995,71.481,7.071,46.756,0.8679020888729352
162.25,127.912599,37.984157,8161.221777600001,71.456,7.06,46.881,0.8679020888729352
162.2666,127.912616,37.984179,8161.1916024,71.431,7.05,47.007,0.8679020888729352
162.2833,127.912633,37.984201,8161.161122400001,71.405,7.04,47.132,0.8679020888729352
162.3,127.912651,37.984223,8161.1306424,71.379,7.03,47.257,0.8679020888729352
162.3166,127.912668,37.984245,8161.0998576,71.352,7.02,47.383,0.8679020888729352
162.3333,127.912686,37.984267,8161.069072800001,71.325,7.01,47.508,0.8679020888729352
162.35,127.912703,37.984289,8161.037983200001,71.298,7.001,47.633,0.8679020888729352
162.3666,127.912721,37.984311,8161.0068936,71.272,6.992,47.759,0.8679020888729352
162.3833,127.912739,37.984333,8160.9754992,71.245,6.983,47.884,0.8679020888729352
162.4,127.912757,37.984355,8160.944104800001,71.22,6.974,48.01,0.8679020888729352
162.4166,127.912775,37.984377,8160.912405600001,71.194,6.965,48.135,0.8679020888729352
162.4333,127.912793,37.984399,8160.8804016,71.169,6.957,48.261,0.8679020888729352
162.45,127.912811,37.984421,8160.848397600001,71.146,6.948,48.387,0.8679020888729352
162.4666,127.912829,37.984442,8160.8163936,71.123,6.94,48.512,0.8679020888729352
162.4833,127.912847,37.984464,8160.7840848,71.101,6.932,48.638,0.8679020888729352
162.5,127.912865,37.984486,8160.751776,71.08,6.925,48.763,0.8679020888729352
162.5166,127.912883,37.984508,8160.7191624,71.06,6.917,48.889,0.8679020888729352
162.5333,127.912902,37.984529,8160.686244,71.057,6.909,49.01,0.8679020888729352
162.55,127.91292,37.984551,8160.652716,71.069,6.899,49.125,0.8679020888729352
162.5666,127.912938,37.984573,8160.618883200001,71.097,6.886,49.228,0.8679020888729352
162.5833,127.912957,37.984594,8160.5847456,71.139,6.868,49.318,0.8679020888729352
162.6,127.912975,37.984616,8160.5496936,71.194,6.845,49.39,0.8679020888729352
162.6166,127.912994,37.984637,8160.514032,71.263,6.817,49.446,0.8679020888729352
162.6333,127.913013,37.984659,8160.478065600001,71.345,6.784,49.486,0.8679020888729352
162.65,127.913031,37.984681,8160.4411848,71.441,6.747,49.512,0.8679020888729352
162.6666,127.91305,37.984702,8160.4036944,71.55,6.706,49.525,0.8679020888729352
162.6833,127.913069,37.984724,8160.3658992,71.671,6.662,49.526,0.8679020888729352
162.7,127.913088,37.984745,8160.3271896,71.805,6.615,49.517,0.8679020888729352
162.7166,127.913107,37.984766,8160.287870400001,71.95,6.564,49.497,0.8679020888729352
162.7333,127.913126,37.984788,8160.247941600001,72.088,6.511,49.471,0.8679020888729352
162.75,127.913145,37.984809,8160.207708,72.217,6.456,49.443,0.8679020888729352
162.7666,127.913164,37.984831,8160.1668648,72.338,6.401,49.416,0.8679020888729352
162.7833,127.913183,37.984852,8160.125412,72.452,6.348,49.394,0.8679020888729352
162.8,127.913202,37.984873,8160.0839592,72.558,6.297,49.382,0.8679020888729352
162.8166,127.913221,37.984895,8160.0418968,72.659,6.249,49.385,0.8679020888729352
162.8333,127.913241,37.984916,8159.9995296,72.753,6.206,49.403,0.8679020888729352
162.85,127.91326,37.984937,8159.9565528,72.841,6.166,49.435,0.8679020888729352
162.8666,127.91328,37.984958,8159.9132712,72.923,6.13,49.482,0.8679020888729352
162.8833,127.913299,37.98498,8159.8696848,72.999,6.096,49.541,0.8679020888729352
162.9,127.913319,37.985001,8159.8254888,73.069,6.066,49.611,0.8679020888729352
162.9166,127.913338,37.985022,8159.780683200001,73.134,6.038,49.693,0.8679020888729352
162.9333,127.913358,37.985043,8159.7355728,73.194,6.012,49.784,0.8679020888729352
162.95,127.913378,37.985064,8159.6898528,73.249,5.989,49.884,0.8679020888729352
162.9666,127.913397,37.985085,8159.6435232,73.3,5.967,49.993,0.8679020888729352
162.9833,127.913417,37.985106,8159.596584000001,73.347,5.947,50.109,0.8679020888729352
163.0,127.913437,37.985127,8159.5493400000005,73.389,5.928,50.232,0.8679020888729352
163.0166,127.913457,37.985148,8159.5014864,73.428,5.91,50.362,0.8679020888729352
163.0333,127.913477,37.985169,8159.453023200001,73.463,5.894,50.497,0.8679020888729352
163.05,127.913497,37.98519,8159.4039504,73.497,5.878,50.637,0.8679020888729352
163.0666,127.913518,37.985211,8159.354268,73.528,5.864,50.781,0.8679020888729352
163.0833,127.913538,37.985232,8159.3042808,73.556,5.85,50.93,0.8679020888729352
163.1,127.913558,37.985253,8159.253379200001,73.583,5.837,51.083,0.8679020888729352
163.1166,127.913578,37.985274,8159.202172800001,73.607,5.824,51.238,0.8679020888729352
163.1333,127.913599,37.985294,8159.150356800001,73.631,5.812,51.397,0.8679020888729352
163.15,127.913619,37.985315,8159.0979312,73.655,5.8,51.558,0.8679020888729352
163.1666,127.91364,37.985336,8159.044896,73.679,5.788,51.721,0.8679020888729352
163.1833,127.91366,37.985357,8158.991251200001,73.703,5.777,51.886,0.8679020888729352
163.2,127.913681,37.985377,8158.936996800001,73.727,5.766,52.053,0.8679020888729352
163.2166,127.913702,37.985398,8158.8821328,73.75,5.755,52.22,0.8679020888729352
163.2333,127.913723,37.985419,8158.8266592,73.777,5.744,52.389,0.8679020888729352
163.25,127.913743,37.985439,8158.770576,73.805,5.734,52.559,0.8679020888729352
163.2666,127.913764,37.98546,8158.714188000001,73.837,5.723,52.729,0.8679020888729352
163.2833,127.913785,37.985481,8158.6568856,73.87,5.712,52.9,0.8679020888729352
163.3,127.913806,37.985501,8158.598973600001,73.906,5.701,53.071,0.8679020888729352
163.3166,127.913827,37.985522,8158.540756800001,73.944,5.69,53.242,0.8679020888729352
163.3333,127.913848,37.985542,8158.4816256,73.985,5.679,53.412,0.8679020888729352
163.35,127.913869,37.985563,8158.4218848,74.031,5.668,53.583,0.8679020888729352
163.3666,127.913891,37.985583,8158.3615344,74.08,5.656,53.753,0.8679020888729352
163.3833,127.913912,37.985604,8158.300574400001,74.133,5.644,53.923,0.8679020888729352
163.4,127.913933,37.985624,8158.2393096000005,74.189,5.633,54.092,0.8679020888729352
163.4166,127.913955,37.985644,8158.1771304,74.248,5.621,54.261,0.8679020888729352
163.4333,127.913976,37.985665,8158.1143416,74.31,5.608,54.429,0.8679020888729352
163.45,127.913998,37.985685,8158.0509432,74.376,5.595,54.596,0.8679020888729352
163.4666,127.914019,37.985705,8157.98724,74.445,5.583,54.763,0.8679020888729352
163.4833,127.914041,37.985725,8157.9226224,74.517,5.569,54.928,0.8679020888729352
163.5,127.914063,37.985746,8157.857395200001,74.592,5.556,55.093,0.8679020888729352
163.5166,127.914084,37.985766,8157.7915584,74.669,5.542,55.256,0.8679020888729352
163.5333,127.914106,37.985786,8157.725112,74.749,5.528,55.419,0.8679020888729352
163.55,127.914128,37.985806,8157.658056000001,74.831,5.513,55.581,0.8679020888729352
163.5666,127.91415,37.985826,8157.5906952000005,74.915,5.498,55.741,0.8679020888729352
163.5833,127.914172,37.985846,8157.5221152,75.001,5.483,55.901,0.8679020888729352
163.6,127.914194,37.985866,8157.4532304,75.088,5.468,56.06,0.8679020888729352
163.6166,127.914216,37.985886,8157.383736000001,75.178,5.452,56.218,0.8679020888729352
163.6333,127.914238,37.985906,8157.313632,75.268,5.435,56.374,0.8679020888729352
163.65,127.914261,37.985926,8157.2429184,75.36,5.418,56.53,0.8679020888729352
163.6666,127.914283,37.985946,8157.1712904000005,75.454,5.401,56.685,0.8679020888729352
163.6833,127.914305,37.985966,8157.0990528,75.548,5.383,56.839,0.8679020888729352
163.7,127.914328,37.985985,8157.026510400001,75.643,5.365,56.992,0.8679020888729352
163.7166,127.91435,37.986005,8156.9530536,75.739,5.347,57.144,0.8679020888729352
163.7333,127.914373,37.986025,8156.878682400001,75.835,5.328,57.295,0.8679020888729352
163.75,127.914395,37.986045,8156.804006400001,75.93,5.308,57.445,0.8679020888729352
163.7666,127.914418,37.986064,8156.7287208,76.024,5.289,57.595,0.8679020888729352
163.7833,127.914441,37.986084,8156.6525208,76.118,5.268,57.744,0.8679020888729352
163.8,127.914463,37.986104,8156.575711200001,76.211,5.248,57.891,0.8679020888729352
163.8166,127.914486,37.986123,8156.4979872,76.302,5.227,58.038,0.8679020888729352
163.8333,127.914509,37.986143,8156.4199584,76.387,5.205,58.185,0.8679020888729352
163.85,127.914532,37.986162,8156.34132,76.463,5.184,58.33,0.8679020888729352
163.8666,127.914555,37.986182,8156.262072,76.532,5.162,58.475,0.8679020888729352
163.8833,127.914578,37.986201,8156.181909600001,76.593,5.14,58.619,0.8679020888729352
163.9,127.914601,37.98622,8156.101137600001,76.648,5.118,58.762,0.8679020888729352
163.9166,127.914624,37.98624,8156.019756000001,76.695,5.095,58.904,0.8679020888729352
163.9333,127.914648,37.986259,8155.938069600001,76.728,5.073,59.046,0.8679020888729352
163.95,127.914671,37.986278,8155.8554688,76.746,5.051,59.187,0.8679020888729352
163.9666,127.914694,37.986298,8155.7725632,76.75,5.029,59.327,0.8679020888729352
163.9833,127.914718,37.986317,8155.688743199999,76.741,5.007,59.467,0.8679020888729352
164.0,127.914741,37.986336,8155.604618400001,76.719,4.985,59.606,0.8679020888729352
164.0166,127.914765,37.986355,8155.519579200001,76.685,4.964,59.745,0.8679020888729352
164.0333,127.914788,37.986374,8155.4342352,76.635,4.942,59.883,0.8679020888729352
164.05,127.914812,37.986393,8155.3482816000005,76.57,4.922,60.021,0.8679020888729352
164.0666,127.914836,37.986412,8155.2617184,76.491,4.902,60.158,0.8679020888729352
164.0833,127.91486,37.986431,8155.174850400001,76.398,4.882,60.295,0.8679020888729352
164.1,127.914884,37.98645,8155.087068000001,76.293,4.863,60.431,0.8679020888729352
164.1166,127.914908,37.986469,8154.9989808,76.176,4.844,60.567,0.8679020888729352
164.1333,127.914932,37.986487,8154.9102840000005,76.046,4.827,60.703,0.8679020888729352
164.15,127.914956,37.986506,8154.8212824,75.902,4.81,60.838,0.8679020888729352
164.1666,127.91498,37.986525,8154.7316712,75.747,4.794,60.973,0.8679020888729352
164.1833,127.915004,37.986543,8154.6414504,75.58,4.779,61.107,0.8679020888729352
164.2,127.915028,37.986562,8154.550924800001,75.403,4.765,61.242,0.8679020888729352
164.2166,127.915052,37.98658,8154.4597896000005,75.216,4.752,61.375,0.8679020888729352
164.2333,127.915077,37.986599,8154.3680448000005,75.008,4.743,61.508,0.8679020888729352
164.25,127.915101,37.986617,8154.275995200001,74.778,4.737,61.64,0.8679020888729352
164.2666,127.915126,37.986636,8154.183640800001,74.528,4.735,61.771,0.8679020888729352
164.2833,127.91515,37.986654,8154.0912864,74.258,4.736,61.901,0.8679020888729352
164.3,127.915175,37.986672,8153.998627200001,73.97,4.739,62.03,0.8679020888729352
164.3166,127.9152,37.986691,8153.9056632,73.664,4.746,62.159,0.8679020888729352
164.3333,127.915224,37.986709,8153.8126992,73.325,4.755,62.282,0.8679020888729352
164.35,127.915249,37.986727,8153.7197352,72.952,4.764,62.396,0.8679020888729352
164.3666,127.915274,37.986745,8153.6267712,72.545,4.773,62.498,0.8679020888729352
164.3833,127.915299,37.986763,8153.5338071999995,72.106,4.78,62.584,0.8679020888729352
164.4,127.915324,37.986781,8153.441148,71.635,4.783,62.65,0.8679020888729352
164.4166,127.915349,37.986799,8153.3484888,71.132,4.783,62.697,0.8679020888729352
164.4333,127.915374,37.986817,8153.2564392,70.6,4.78,62.727,0.8679020888729352
164.45,127.915399,37.986835,8153.1643896000005,70.038,4.773,62.741,0.8679020888729352
164.4666,127.915425,37.986852,8153.0726448000005,69.449,4.764,62.74,0.8679020888729352
164.4833,127.91545,37.98687,8152.9815096,68.833,4.752,62.726,0.8679020888729352
164.5,127.915475,37.986888,8152.890679200001,68.191,4.738,62.701,0.8679020888729352
164.5166,127.915501,37.986905,8152.8004584,67.525,4.721,62.664,0.8679020888729352
164.5333,127.915526,37.986923,8152.710542400001,66.842,4.702,62.618,0.8679020888729352
164.55,127.915552,37.98694,8152.621236,66.142,4.681,62.563,0.8679020888729352
164.5666,127.915578,37.986958,8152.5322344,65.428,4.658,62.5,0.8679020888729352
164.5833,127.915603,37.986975,8152.443537600001,64.702,4.633,62.43,0.8679020888729352
164.6,127.915629,37.986993,8152.3557552,63.964,4.607,62.354,0.8679020888729352
164.6166,127.915655,37.98701,8152.2682776,63.217,4.579,62.273,0.8679020888729352
164.6333,127.915681,37.987027,8152.181714400001,62.454,4.55,62.186,0.8679020888729352
164.65,127.915706,37.987045,8152.096065600001,61.677,4.52,62.094,0.8679020888729352
164.6666,127.915732,37.987062,8152.0110264,60.887,4.489,61.997,0.8679020888729352
164.6833,127.915758,37.987079,8151.926596800001,60.086,4.456,61.897,0.8679020888729352
164.7,127.915784,37.987096,8151.843386400001,59.274,4.423,61.794,0.8679020888729352
164.7166,127.915811,37.987113,8151.7607856,58.453,4.388,61.687,0.8679020888729352
164.7333,127.915837,37.98713,8151.679404,57.618,4.353,61.577,0.8679020888729352
164.75,127.915863,37.987147,8151.598936800001,56.771,4.317,61.465,0.8679020888729352
164.7666,127.915889,37.987164,8151.5196888,55.912,4.28,61.35,0.8679020888729352
164.7833,127.915915,37.987181,8151.4413552000005,55.041,4.242,61.234,0.8679020888729352
164.8,127.915942,37.987198,8151.3642408000005,54.16,4.204,61.115,0.8679020888729352
164.8166,127.915968,37.987215,8151.2880408,53.267,4.165,60.995,0.8679020888729352
164.8333,127.915995,37.987231,8151.213364800001,52.365,4.126,60.874,0.8679020888729352
164.85,127.916021,37.987248,8151.1396032,51.453,4.086,60.751,0.8679020888729352
164.8666,127.916048,37.987265,8151.067365600001,50.531,4.045,60.627,0.8679020888729352
164.8833,127.916074,37.987282,8150.996042400001,49.6,4.003,60.503,0.8679020888729352
164.9,127.916101,37.987298,8150.925938400001,48.66,3.961,60.378,0.8679020888729352
164.9166,127.916127,37.987315,8150.8573584000005,47.711,3.918,60.252,0.8679020888729352
164.9333,127.916154,37.987332,8150.789997600001,46.754,3.875,60.126,0.8679020888729352
164.95,127.916181,37.987348,8150.723551200001,45.787,3.831,60.0,0.8679020888729352
164.9666,127.916208,37.987365,8150.658628800001,44.813,3.786,59.873,0.8679020888729352
164.9833,127.916234,37.987381,8150.5952304,43.83,3.74,59.747,0.8679020888729352
165.0,127.916261,37.987398,8150.532746400001,42.839,3.695,59.62,0.8679020888729352
165.0166,127.916288,37.987414,8150.4717864,41.84,3.648,59.494,0.8679020888729352
165.0333,127.916315,37.987431,8150.4120456,40.833,3.602,59.369,0.8679020888729352
165.05,127.916342,37.987447,8150.353524000001,39.819,3.555,59.244,0.8679020888729352
165.0666,127.916369,37.987464,8150.2965264,38.796,3.508,59.121,0.8679020888729352
165.0833,127.916396,37.98748,8150.240748,37.765,3.46,58.997,0.8679020888729352
165.1,127.916423,37.987497,8150.1861888,36.726,3.413,58.875,0.8679020888729352
165.1166,127.91645,37.987513,8150.1328488,35.68,3.365,58.754,0.8679020888729352
165.1333,127.916477,37.987529,8150.081032800001,34.626,3.317,58.634,0.8679020888729352
165.15,127.916505,37.987546,8150.0301312,33.563,3.268,58.516,0.8679020888729352
165.1666,127.916532,37.987562,8149.9807536,32.493,3.22,58.398,0.8679020888729352
165.1833,127.916559,37.987578,8149.9325952,31.415,3.171,58.282,0.8679020888729352
165.2,127.916586,37.987595,8149.885656,30.329,3.123,58.167,0.8679020888729352
165.2166,127.916614,37.987611,8149.839936,29.235,3.074,58.053,0.8679020888729352
165.2333,127.916641,37.987627,8149.7954352,28.133,3.025,57.941,0.8679020888729352
165.25,127.916668,37.987644,8149.7521536,27.023,2.976,57.83,0.8679020888729352
165.2666,127.916696,37.98766,8149.7100912000005,25.904,2.927,57.721,0.8679020888729352
165.2833,127.916723,37.987676,8149.669248,24.778,2.878,57.613,0.8679020888729352
165.3,127.916751,37.987692,8149.6293192,23.643,2.829,57.506,0.8679020888729352
165.3166,127.916778,37.987709,8149.590609600001,22.5,2.779,57.401,0.8679020888729352
165.3333,127.916805,37.987725,8149.553119200001,21.349,2.73,57.298,0.8679020888729352
165.35,127.916833,37.987741,8149.516543199999,20.19,2.68,57.196,0.8679020888729352
165.3666,127.916861,37.987757,8149.4808816,19.022,2.63,57.095,0.8679020888729352
165.3833,127.916888,37.987774,8149.4464392,17.846,2.581,56.996,0.8679020888729352
165.4,127.916916,37.98779,8149.412606400001,16.662,2.53,56.899,0.8679020888729352
165.4166,127.916943,37.987806,8149.379992800001,15.469,2.48,56.804,0.8679020888729352
165.4333,127.916971,37.987822,8149.3485984,14.269,2.43,56.71,0.8679020888729352
165.45,127.916998,37.987839,8149.317508800001,13.06,2.379,56.617,0.8679020888729352
165.4666,127.917026,37.987855,8149.287638400001,11.843,2.328,56.527,0.8679020888729352
165.4833,127.917054,37.987871,8149.258682400001,10.618,2.276,56.438,0.8679020888729352
165.5,127.917082,37.987887,8149.2303360000005,9.386,2.225,56.35,0.8679020888729352
165.5166,127.917109,37.987903,8149.2025992,8.145,2.173,56.265,0.8679020888729352
165.5333,127.917137,37.98792,8149.175776800001,6.896,2.12,56.181,0.8679020888729352
165.55,127.917165,37.987936,8149.1498688,5.64,2.068,56.099,0.8679020888729352
165.5666,127.917192,37.987952,8149.124265600001,4.376,2.015,56.019,0.8679020888729352
165.5833,127.91722,37.987968,8149.099272,3.104,1.962,55.94,0.8679020888729352
165.6,127.917248,37.987985,8149.075192800001,1.825,1.908,55.863,0.8679020888729352
165.6166,127.917276,37.988001,8149.0514184,0.538,1.854,55.788,0.8679020888729352
165.6333,127.917304,37.988017,8149.027948800001,-0.755,1.8,55.715,0.8679020888729352
165.65,127.917332,37.988033,8149.0050888,-2.056,1.745,55.644,0.8679020888729352
165.6666,127.917359,37.98805,8148.982838400001,-3.365,1.691,55.574,0.8679020888729352
165.6833,127.917387,37.988066,8148.960892800001,-4.681,1.636,55.506,0.8679020888729352
165.7,127.917415,37.988082,8148.939252000001,-6.004,1.58,55.44,0.8679020888729352
165.7166,127.917443,37.988098,8148.917916,-7.334,1.525,55.375,0.8679020888729352
165.7333,127.917471,37.988115,8148.89658,-8.672,1.469,55.313,0.8679020888729352
165.75,127.917499,37.988131,8148.8758536000005,-10.015,1.412,55.252,0.8679020888729352
165.7666,127.917527,37.988147,8148.8551272,-11.366,1.356,55.193,0.8679020888729352
165.7833,127.917555,37.988164,8148.8344008,-12.723,1.299,55.136,0.8679020888729352
165.8,127.917583,37.98818,8148.813979200001,-14.087,1.243,55.08,0.8679020888729352
165.8166,127.917611,37.988196,8148.7932528,-15.457,1.185,55.027,0.8679020888729352
165.8333,127.917639,37.988213,8148.7728312,-16.834,1.133,54.973,0.8679020888729352
165.85,127.917667,37.988229,8148.752409600001,-18.217,1.084,54.921,0.8679020888729352
165.8666,127.917695,37.988245,8148.7319880000005,-19.606,1.039,54.868,0.8679020888729352
165.8833,127.917723,37.988262,8148.7115664,-21.002,0.997,54.816,0.8679020888729352
165.9,127.917751,37.988278,8148.69084,-22.403,0.959,54.764,0.8679020888729352
165.9166,127.917779,37.988295,8148.6701136,-23.81,0.923,54.713,0.8679020888729352
165.9333,127.917807,37.988311,8148.6490824,-25.223,0.894,54.659,0.8679020888729352
165.95,127.917835,37.988328,8148.6280512,-26.641,0.873,54.604,0.8679020888729352
165.9666,127.917863,37.988344,8148.6067152000005,-28.065,0.859,54.545,0.8679020888729352
165.9833,127.917891,37.98836,8148.585379200001,-29.495,0.852,54.485,0.8679020888729352
166.0,127.917919,37.988377,8148.563738400001,-30.929,0.85,54.421,0.8679020888729352
166.0166,127.917947,37.988393,8148.541792800001,-32.368,0.853,54.356,0.8679020888729352
166.0333,127.917975,37.98841,8148.519542400001,-33.812,0.864,54.285,0.8679020888729352
166.05,127.918003,37.988426,8148.496987200001,-35.261,0.884,54.209,0.8679020888729352
166.0666,127.918031,37.988443,8148.474432000001,-36.714,0.912,54.126,0.8679020888729352
166.0833,127.918059,37.98846,8148.451572,-38.17,0.947,54.039,0.8679020888729352
166.1,127.918087,37.988476,8148.4281024,-39.631,0.988,53.946,0.8679020888729352
166.1166,127.918115,37.988493,8148.4046328,-41.095,1.033,53.848,0.8679020888729352
166.1333,127.918143,37.988509,8148.3808584,-42.563,1.087,53.741,0.8679020888729352
166.15,127.918171,37.988526,8148.356779200001,-44.033,1.148,53.626,0.8679020888729352
166.1666,127.918199,37.988543,8148.3323952,-45.507,1.216,53.502,0.8679020888729352
166.1833,127.918227,37.988559,8148.307401600001,-46.983,1.289,53.369,0.8679020888729352
166.2,127.918255,37.988576,8148.282408,-48.461,1.366,53.229,0.8679020888729352
166.2166,127.918283,37.988593,8148.2568048,-49.941,1.447,53.082,0.8679020888729352
166.2333,127.918311,37.98861,8148.2312016000005,-51.423,1.533,52.923,0.8679020888729352
166.25,127.918339,37.988626,8148.2049888,-52.906,1.624,52.753,0.8679020888729352
166.2666,127.918367,37.988643,8148.178776,-54.39,1.719,52.571,0.8679020888729352
166.2833,127.918395,37.98866,8148.1519536000005,-55.875,1.816,52.38,0.8679020888729352
166.3,127.918423,37.988677,8148.1245216,-57.36,1.915,52.179,0.8679020888729352
166.3166,127.918451,37.988694,8148.0967848,-58.845,2.015,51.969,0.8679020888729352
166.3333,127.918479,37.988711,8148.068438400001,-60.314,2.117,51.747,0.8679020888729352
166.35,127.918507,37.988728,8148.0394824,-61.766,2.221,51.512,0.8679020888729352
166.3666,127.918535,37.988745,8148.009612,-63.202,2.326,51.266,0.8679020888729352
166.3833,127.918563,37.988762,8147.9788272000005,-64.622,2.431,51.008,0.8679020888729352
166.4,127.918591,37.988779,8147.947128000001,-66.027,2.534,50.741,0.8679020888729352
166.4166,127.918619,37.988796,8147.9148192,-67.416,2.635,50.465,0.8679020888729352
166.4333,127.918647,37.988813,8147.8812912,-68.772,2.734,50.176,0.8679020888729352
166.45,127.918675,37.98883,8147.846544,-70.093,2.833,49.875,0.8679020888729352
166.4666,127.918703,37.988847,8147.810882400001,-71.383,2.929,49.563,0.8679020888729352
166.4833,127.918731,37.988864,8147.774001600001,-72.641,3.022,49.24,0.8679020888729352
166.5,127.918759,37.988881,8147.735901600001,-73.869,3.11,48.909,0.8679020888729352
166.5166,127.918787,37.988899,8147.696582400001,-75.068,3.193,48.57,0.8679020888729352
166.5333,127.918815,37.988916,8147.656044,-76.222,3.272,48.219,0.8679020888729352
166.55,127.918843,37.988933,8147.6139816,-77.333,3.347,47.858,0.8679020888729352
166.5666,127.91887,37.988951,8147.5707,-78.403,3.416,47.487,0.8679020888729352
166.5833,127.918898,37.988968,8147.5258944,-79.433,3.479,47.108,0.8679020888729352
166.6,127.918926,37.988985,8147.479869600001,-80.424,3.536,46.723,0.8679020888729352
166.6166,127.918954,37.989003,8147.4323208,-81.379,3.585,46.333,0.8679020888729352
166.6333,127.918982,37.98902,8147.383248,-82.286,3.628,45.939,0.8679020888729352
166.65,127.91901,37.989038,8147.3326512,-83.147,3.663,45.542,0.8679020888729352
166.6666,127.919037,37.989055,8147.2802256,-83.965,3.692,45.143,0.8679020888729352
166.6833,127.919065,37.989073,8147.2265808,-84.741,3.713,44.743,0.8679020888729352
166.7,127.919093,37.989091,8147.171412,-85.476,3.727,44.343,0.8679020888729352
166.7166,127.919121,37.989108,8147.114414400001,-86.173,3.733,43.944,0.8679020888729352
166.7333,127.919148,37.989126,8147.055588000001,-86.824,3.732,43.547,0.8679020888729352
166.75,127.919176,37.989144,8146.995237600001,-87.433,3.725,43.152,0.8679020888729352
166.7666,127.919204,37.989162,8146.9330584,-88.001,3.711,42.76,0.8679020888729352
166.7833,127.919232,37.989179,8146.869050400001,-88.529,3.69,42.371,0.8679020888729352
166.8,127.919259,37.989197,8146.8032136,-89.02,3.663,41.986,0.8679020888729352
166.8166,127.919287,37.989215,8146.735548,-89.474,3.63,41.606,0.8679020888729352
166.8333,127.919314,37.989233,8146.6663584,-89.913,3.59,41.231,0.8679020888729352
166.85,127.919342,37.989251,8146.5950352,-90.338,3.543,40.86,0.8679020888729352
166.8666,127.919369,37.989269,8146.521883200001,-90.75,3.491,40.495,0.8679020888729352
166.8833,127.919397,37.989287,8146.446597600001,-91.149,3.432,40.136,0.8679020888729352
166.9,127.919424,37.989306,8146.3691784,-91.536,3.367,39.783,0.8679020888729352
166.9166,127.919452,37.989324,8146.2899304,-91.912,3.298,39.436,0.8679020888729352
166.9333,127.919479,37.989342,8146.2085488,-92.269,3.224,39.095,0.8679020888729352
166.95,127.919506,37.98936,8146.1247288,-92.607,3.145,38.76,0.8679020888729352
166.9666,127.919533,37.989379,8146.0387752,-92.928,3.063,38.43,0.8679020888729352
166.9833,127.919561,37.989397,8145.950688000001,-93.232,2.977,38.107,0.8679020888729352
167.0,127.919588,37.989416,8145.8601624,-93.52,2.887,37.79,0.8679020888729352
167.0166,127.919615,37.989434,8145.7671984,-93.792,2.795,37.478,0.8679020888729352
167.0333,127.919642,37.989453,8145.6721008,-94.044,2.699,37.171,0.8679020888729352
167.05,127.919669,37.989472,8145.57426,-94.276,2.601,36.87,0.8679020888729352
167.0666,127.919696,37.98949,8145.4739808,-94.49,2.5,36.574,0.8679020888729352
167.0833,127.919723,37.989509,8145.371263200001,-94.685,2.398,36.283,0.8679020888729352
167.1,127.91975,37.989528,8145.2661072,-94.863,2.293,35.996,0.8679020888729352
167.1166,127.919776,37.989547,8145.158208,-95.024,2.187,35.715,0.8679020888729352
167.1333,127.919803,37.989566,8145.047565600001,-95.167,2.079,35.438,0.8679020888729352
167.15,127.91983,37.989585,8144.9344848,-95.291,1.97,35.166,0.8679020888729352
167.1666,127.919856,37.989604,8144.8186608000005,-95.398,1.86,34.898,0.8679020888729352
167.1833,127.919883,37.989623,8144.7000936,-95.489,1.749,34.634,0.8679020888729352
167.2,127.91991,37.989642,8144.5787832000005,-95.565,1.637,34.374,0.8679020888729352
167.2166,127.919936,37.989661,8144.4547296,-95.626,1.524,34.118,0.8679020888729352
167.2333,127.919962,37.98968,8144.327932800001,-95.672,1.411,33.867,0.8679020888729352
167.25,127.919989,37.9897,8144.198088000001,-95.703,1.297,33.618,0.8679020888729352
167.2666,127.920015,37.989719,8144.065500000001,-95.721,1.184,33.374,0.8679020888729352
167.2833,127.920041,37.989739,8143.9301688000005,-95.727,1.07,33.132,0.8679020888729352
167.3,127.920068,37.989758,8143.7920944,-95.721,0.956,32.894,0.8679020888729352
167.3166,127.920094,37.989778,8143.650972,-95.704,0.843,32.66,0.8679020888729352
167.3333,127.92012,37.989797,8143.5068016000005,-95.677,0.729,32.428,0.8679020888729352
167.35,127.920146,37.989817,8143.359888000001,-95.641,0.617,32.199,0.8679020888729352
167.3666,127.920172,37.989837,8143.2099264,-95.596,0.504,31.973,0.8679020888729352
167.3833,127.920198,37.989857,8143.0572216,-95.544,0.392,31.75,0.8679020888729352
167.4,127.920223,37.989876,8142.901468800001,-95.485,0.281,31.53,0.8679020888729352
167.4166,127.920249,37.989896,8142.742668000001,-95.419,0.17,31.312,0.8679020888729352
167.4333,127.920275,37.989916,8142.5808192,-95.35,0.06,31.096,0.8679020888729352
167.45,127.9203,37.989936,8142.4162272,-95.276,-0.049,30.883,0.8679020888729352
167.4666,127.920326,37.989956,8142.248587200001,-95.2,-0.157,30.672,0.8679020888729352
167.4833,127.920351,37.989976,8142.0778992000005,-95.121,-0.265,30.463,0.8679020888729352
167.5,127.920377,37.989997,8141.904468000001,-95.04,-0.372,30.256,0.8679020888729352
167.5166,127.920402,37.990017,8141.7279888,-94.958,-0.478,30.051,0.8679020888729352
167.5333,127.920427,37.990037,8141.548156800001,-94.876,-0.583,29.848,0.8679020888729352
167.55,127.920453,37.990058,8141.3655816,-94.795,-0.687,29.647,0.8679020888729352
167.5666,127.920478,37.990078,8141.1799584,-94.717,-0.79,29.447,0.8679020888729352
167.5833,127.920503,37.990099,8140.991592,-94.639,-0.892,29.249,0.8679020888729352
167.6,127.920528,37.990119,8140.7998728,-94.565,-0.993,29.053,0.8679020888729352
167.6166,127.920553,37.99014,8140.605105600001,-94.492,-1.092,28.858,0.8679020888729352
167.6333,127.920577,37.99016,8140.4075952,-94.424,-1.191,28.664,0.8679020888729352
167.65,127.920602,37.990181,8140.2070368,-94.361,-1.289,28.471,0.8679020888729352
167.6666,127.920627,37.990202,8140.0034304,-94.302,-1.386,28.28,0.8679020888729352
167.6833,127.920652,37.990223,8139.796776,-94.248,-1.482,28.09,0.8679020888729352
167.7,127.920676,37.990244,8139.587073600001,-94.2,-1.577,27.901,0.8679020888729352
167.7166,127.920701,37.990265,8139.374323200001,-94.156,-1.671,27.713,0.8679020888729352
167.7333,127.920725,37.990286,8139.158524800001,-94.118,-1.764,27.526,0.8679020888729352
167.75,127.920749,37.990307,8138.939678400001,-94.087,-1.856,27.34,0.8679020888729352
167.7666,127.920773,37.990328,8138.7180888,-94.062,-1.947,27.155,0.8679020888729352
167.7833,127.920798,37.990349,8138.493146400001,-94.044,-2.037,26.97,0.8679020888729352
167.8,127.920822,37.99037,8138.265156,-94.032,-2.127,26.786,0.8679020888729352
167.8166,127.920846,37.990392,8138.0344224,-94.025,-2.215,26.603,0.8679020888729352
167.8333,127.92087,37.990413,8137.800336,-94.025,-2.303,26.421,0.8679020888729352
167.85,127.920893,37.990434,8137.563201600001,-94.032,-2.39,26.239,0.8679020888729352
167.8666,127.920917,37.990456,8137.323019200001,-94.044,-2.477,26.058,0.8679020888729352
167.8833,127.920941,37.990477,8137.0797888,-94.063,-2.562,25.878,0.8679020888729352
167.9,127.920964,37.990499,8136.833510400001,-94.088,-2.647,25.698,0.8679020888729352
167.9166,127.920988,37.990521,8136.584184000001,-94.118,-2.732,25.518,0.8679020888729352
167.9333,127.921011,37.990542,8136.3318096,-94.153,-2.816,25.339,0.8679020888729352
167.95,127.921035,37.990564,8136.076082400001,-94.193,-2.899,25.16,0.8679020888729352
167.9666,127.921058,37.990586,8135.8173072,-94.239,-2.982,24.982,0.8679020888729352
167.9833,127.921081,37.990608,8135.555484000001,-94.289,-3.064,24.804,0.8679020888729352
168.0,127.921104,37.99063,8135.2906128,-94.343,-3.146,24.626,0.8679020888729352
168.0166,127.921128,37.990652,8135.0223888,-94.401,-3.228,24.449,0.8679020888729352
168.0333,127.92115,37.990674,8134.750812,-94.462,-3.309,24.272,0.8679020888729352
168.05,127.921173,37.990696,8134.476492000001,-94.527,-3.39,24.096,0.8679020888729352
168.0666,127.921196,37.990718,8134.198514400001,-94.594,-3.471,23.919,0.8679020888729352
168.0833,127.921219,37.99074,8133.9177936,-94.664,-3.552,23.743,0.8679020888729352
168.1,127.921242,37.990762,8133.633415200001,-94.736,-3.632,23.567,0.8679020888729352
168.1166,127.921264,37.990785,8133.3459888,-94.81,-3.712,23.392,0.8679020888729352
168.1333,127.921287,37.990807,8133.055514400001,-94.885,-3.792,23.216,0.8679020888729352
168.15,127.921309,37.990829,8132.761382400001,-94.961,-3.872,23.041,0.8679020888729352
168.1666,127.921331,37.990852,8132.4642023999995,-95.037,-3.952,22.866,0.8679020888729352
168.1833,127.921354,37.990874,8132.1636696000005,-95.114,-4.031,22.691,0.8679020888729352
168.2,127.921376,37.990897,8131.8600888,-95.191,-4.111,22.517,0.8679020888729352
168.2166,127.921398,37.990919,8131.5528504,-95.268,-4.191,22.342,0.8679020888729352
168.2333,127.92142,37.990942,8131.2422592,-95.344,-4.27,22.168,0.8679020888729352
168.25,127.921442,37.990965,8130.928620000001,-95.419,-4.35,21.994,0.8679020888729352
168.2666,127.921464,37.990988,8130.611323200001,-95.492,-4.429,21.82,0.8679020888729352
168.2833,127.921485,37.99101,8130.2909784,-95.564,-4.509,21.646,0.8679020888729352
168.3,127.921507,37.991033,8129.966976,-95.635,-4.589,21.473,0.8679020888729352
168.3166,127.921529,37.991056,8129.6396208,-95.704,-4.668,21.3,0.8679020888729352
168.3333,127.92155,37.991079,8129.3089128,-95.771,-4.748,21.126,0.8679020888729352
168.35,127.921572,37.991102,8128.974852000001,-95.835,-4.828,20.953,0.8679020888729352
168.3666,127.921593,37.991125,8128.637133600001,-95.897,-4.908,20.78,0.8679020888729352
168.3833,127.921614,37.991148,8128.2960624,-95.956,-4.988,20.607,0.8679020888729352
168.4,127.921635,37.991172,8127.951638400001,-96.013,-5.068,20.435,0.8679020888729352
168.4166,127.921657,37.991195,8127.603556800001,-96.068,-5.148,20.262,0.8679020888729352
168.4333,127.921678,37.991218,8127.2518176,-96.12,-5.228,20.09,0.8679020888729352
168.45,127.921698,37.991241,8126.8970304,-96.168,-5.309,19.917,0.8679020888729352
168.4666,127.921719,37.991265,8126.5382808,-96.214,-5.389,19.745,0.8679020888729352
168.4833,127.92174,37.991288,8126.176483200001,-96.256,-5.47,19.573,0.8679020888729352
168.5,127.921761,37.991312,8125.8107232,-96.296,-5.55,19.401,0.8679020888729352
168.5166,127.921781,37.991335,8125.441610400001,-96.334,-5.631,19.229,0.8679020888729352
168.5333,127.921802,37.991359,8125.06884,-96.368,-5.711,19.058,0.8679020888729352
168.55,127.921822,37.991382,8124.692412,-96.399,-5.792,18.886,0.8679020888729352
168.5666,127.921843,37.991406,8124.3126312,-96.428,-5.873,18.715,0.8679020888729352
168.5833,127.921863,37.99143,8123.928888,-96.454,-5.953,18.543,0.8679020888729352
168.6,127.921883,37.991453,8123.541792000001,-96.477,-6.034,18.372,0.8679020888729352
168.6166,127.921903,37.991477,8123.151038400001,-96.498,-6.115,18.201,0.8679020888729352
168.6333,127.921923,37.991501,8122.7566272,-96.517,-6.196,18.03,0.8679020888729352
168.65,127.921943,37.991525,8122.3585584,-96.533,-6.276,17.859,0.8679020888729352
168.6666,127.921963,37.991549,8121.956832000001,-96.546,-6.357,17.688,0.8679020888729352
168.6833,127.921982,37.991573,8121.551448,-96.558,-6.438,17.517,0.8679020888729352
168.7,127.922002,37.991597,8121.142406400001,-96.568,-6.518,17.347,0.8679020888729352
168.7166,127.922022,37.991621,8120.7297072,-96.576,-6.599,17.176,0.8679020888729352
168.7333,127.922041,37.991645,8120.313045600001,-96.583,-6.68,17.005,0.8679020888729352
168.75,127.92206,37.991669,8119.8930312,-96.588,-6.76,16.835,0.8679020888729352
168.7666,127.92208,37.991694,8119.4690544000005,-96.591,-6.84,16.664,0.8679020888729352
168.7833,127.922099,37.991718,8119.0414200000005,-96.593,-6.921,16.493,0.8679020888729352
168.8,127.922118,37.991742,8118.610128,-96.594,-7.001,16.322,0.8679020888729352
168.8166,127.922137,37.991766,8118.175178400001,-96.594,-7.081,16.152,0.8679020888729352
168.8333,127.922156,37.991791,8117.7362664,-96.593,-7.161,15.981,0.8679020888729352
168.85,127.922174,37.991815,8117.2936968,-96.592,-7.241,15.81,0.8679020888729352
168.8666,127.922193,37.99184,8116.847469600001,-96.589,-7.321,15.639,0.8679020888729352
168.8833,127.922212,37.991864,8116.3975848,-96.586,-7.401,15.468,0.8679020888729352
168.9,127.92223,37.991889,8115.943432800001,-96.583,-7.481,15.297,0.8679020888729352
168.9166,127.922249,37.991914,8115.485928000001,-96.58,-7.56,15.126,0.8679020888729352
168.9333,127.922267,37.991938,8115.024460800001,-96.576,-7.639,14.955,0.8679020888729352
168.95,127.922285,37.991963,8114.559336,-96.572,-7.719,14.784,0.8679020888729352
168.9666,127.922303,37.991988,8114.0902488,-96.568,-7.798,14.612,0.8679020888729352
168.9833,127.922321,37.992013,8113.617504,-96.564,-7.877,14.441,0.8679020888729352
169.0,127.922339,37.992037,8113.1407968,-96.56,-7.956,14.269,0.8679020888729352
169.0166,127.922357,37.992062,8112.660432000001,-96.557,-8.034,14.097,0.8679020888729352
169.0333,127.922375,37.992087,8112.176104800001,-96.554,-8.113,13.926,0.8679020888729352
169.05,127.922392,37.992112,8111.688120000001,-96.551,-8.191,13.753,0.8679020888729352
169.0666,127.92241,37.992137,8111.196172800001,-96.548,-8.27,13.581,0.8679020888729352
169.0833,127.922427,37.992162,8110.7002632,-96.546,-8.348,13.409,0.8679020888729352
169.1,127.922445,37.992187,8110.200696000001,-96.545,-8.426,13.236,0.8679020888729352
169.1166,127.922462,37.992213,8109.6971664,-96.544,-8.504,13.063,0.8679020888729352
169.1333,127.922479,37.992238,8109.189979200001,-96.543,-8.582,12.89,0.8679020888729352
169.15,127.922496,37.992263,8108.6788295999995,-96.543,-8.659,12.717,0.8679020888729352
169.1666,127.922513,37.992288,8108.1637176,-96.543,-8.737,12.543,0.8679020888729352
169.1833,127.92253,37.992314,8107.6446432,-96.544,-8.814,12.37,0.8679020888729352
169.2,127.922546,37.992339,8107.121911200001,-96.546,-8.891,12.196,0.8679020888729352
169.2166,127.922563,37.992364,8106.5952168,-96.548,-8.969,12.022,0.8679020888729352
169.2333,127.922579,37.99239,8106.064560000001,-96.551,-9.046,11.847,0.8679020888729352
169.25,127.922596,37.992415,8105.530245600001,-96.554,-9.123,11.672,0.8679020888729352
169.2666,127.922612,37.992441,8104.991968800001,-96.558,-9.2,11.498,0.8679020888729352
169.2833,127.922628,37.992466,8104.4497296,-96.562,-9.276,11.322,0.8679020888729352
169.3,127.922644,37.992492,8103.903528000001,-96.566,-9.353,11.147,0.8679020888729352
169.3166,127.92266,37.992518,8103.3536688,-96.572,-9.43,10.971,0.8679020888729352
169.3333,127.922676,37.992543,8102.799847200001,-96.56,-9.505,10.795,0.8679020888729352
169.35,127.922692,37.992569,8102.2420632,-96.533,-9.579,10.618,0.8679020888729352
169.3666,127.922708,37.992595,8101.6806216,-96.489,-9.652,10.441,0.8679020888729352
169.3833,127.922724,37.99262,8101.1155224,-96.43,-9.723,10.263,0.8679020888729352
169.4,127.922739,37.992646,8100.546460800001,-96.357,-9.794,10.085,0.8679020888729352
169.4166,127.922755,37.992672,8099.973741600001,-96.27,-9.864,9.906,0.8679020888729352
169.4333,127.92277,37.992698,8099.397364800001,-96.17,-9.934,9.726,0.8679020888729352
169.45,127.922785,37.992724,8098.8170256,-96.059,-10.002,9.546,0.8679020888729352
169.4666,127.9228,37.99275,8098.233028800001,-95.936,-10.07,9.367,0.8679020888729352
169.4833,127.922816,37.992776,8097.645374400001,-95.803,-10.137,9.187,0.8679020888729352
169.5,127.922831,37.992802,8097.0537576,-95.66,-10.203,9.007,0.8679020888729352
169.5166,127.922846,37.992828,8096.458483200001,-95.508,-10.269,8.827,0.8679020888729352
169.5333,127.92286,37.992854,8095.859551200001,-95.348,-10.333,8.647,0.8679020888729352
169.55,127.922875,37.99288,8095.2569616,-95.182,-10.397,8.467,0.8679020888729352
169.5666,127.92289,37.992906,8094.650714400001,-95.008,-10.461,8.287,0.8679020888729352
169.5833,127.922904,37.992932,8094.0405048,-94.829,-10.523,8.108,0.8679020888729352
169.6,127.922919,37.992959,8093.4269424,-94.645,-10.585,7.928,0.8679020888729352
169.6166,127.922933,37.992985,8092.8094176,-94.456,-10.645,7.749,0.8679020888729352
169.6333,127.922947,37.993011,8092.18854,-94.264,-10.705,7.57,0.8679020888729352
169.65,127.922962,37.993038,8091.5640048000005,-94.069,-10.764,7.391,0.8679020888729352
169.6666,127.922976,37.993064,8090.935812,-93.872,-10.822,7.213,0.8679020888729352
169.6833,127.92299,37.99309,8090.3039616,-93.673,-10.879,7.035,0.8679020888729352
169.7,127.923004,37.993117,8089.6687584,-93.473,-10.935,6.857,0.8679020888729352
169.7166,127.923017,37.993143,8089.029897600001,-93.272,-10.99,6.679,0.8679020888729352
169.7333,127.923031,37.99317,8088.387379200001,-93.071,-11.044,6.501,0.8679020888729352
169.75,127.923045,37.993196,8087.741508,-92.871,-11.098,6.324,0.8679020888729352
169.7666,127.923058,37.993223,8087.092284000001,-92.672,-11.15,6.146,0.8679020888729352
169.7833,127.923072,37.993249,8086.4394024,-92.474,-11.201,5.969,0.8679020888729352
169.8,127.923085,37.993276,8085.783168,-92.277,-11.251,5.792,0.8679020888729352
169.8166,127.923098,37.993303,8085.1235808,-92.083,-11.3,5.616,0.8679020888729352
169.8333,127.923111,37.993329,8084.4606408,-91.891,-11.348,5.439,0.8679020888729352
169.85,127.923124,37.993356,8083.794348,-91.703,-11.396,5.263,0.8679020888729352
169.8666,127.923137,37.993383,8083.1247023999995,-91.518,-11.442,5.086,0.8679020888729352
169.8833,127.92315,37.99341,8082.451704,-91.336,-11.487,4.91,0.8679020888729352
169.9,127.923162,37.993436,8081.7753528,-91.158,-11.531,4.734,0.8679020888729352
169.9166,127.923175,37.993463,8081.0959536,-90.983,-11.574,4.558,0.8679020888729352
169.9333,127.923187,37.99349,8080.413201600001,-90.813,-11.617,4.381,0.8679020888729352
169.95,127.9232,37.993517,8079.727096800001,-90.647,-11.658,4.205,0.8679020888729352
169.9666,127.923212,37.993544,8079.037944,-90.487,-11.699,4.029,0.8679020888729352
169.9833,127.923224,37.993571,8078.345438400001,-90.33,-11.738,3.853,0.8679020888729352
170.0,127.923236,37.993598,8077.6498848,-90.179,-11.777,3.677,0.8679020888729352
170.0166,127.923248,37.993625,8076.951283200001,-90.031,-11.815,3.501,0.8679020888729352
170.0333,127.92326,37.993652,8076.2493288000005,-89.889,-11.852,3.325,0.8679020888729352
170.05,127.923272,37.993679,8075.5443264000005,-89.752,-11.888,3.149,0.8679020888729352
170.0666,127.923283,37.993706,8074.836276,-89.621,-11.924,2.973,0.8679020888729352
170.0833,127.923295,37.993733,8074.125177600001,-89.494,-11.958,2.797,0.8679020888729352
170.1,127.923306,37.99376,8073.4110312,-89.372,-11.992,2.621,0.8679020888729352
170.1166,127.923318,37.993788,8072.6938368,-89.254,-12.026,2.445,0.8679020888729352
170.1333,127.923329,37.993815,8071.9735944,-89.142,-12.058,2.268,0.8679020888729352
170.15,127.92334,37.993842,8071.250304,-89.034,-12.09,2.092,0.8679020888729352
170.1666,127.923351,37.993869,8070.524270400001,-88.932,-12.122,1.916,0.8679020888729352
170.1833,127.923362,37.993897,8069.7951888,-88.834,-12.152,1.739,0.8679020888729352
170.2,127.923373,37.993924,8069.062754400001,-88.74,-12.183,1.562,0.8679020888729352
170.2166,127.923383,37.993951,8068.3278816,-88.65,-12.212,1.386,0.8679020888729352
170.2333,127.923394,37.993979,8067.589656000001,-88.565,-12.242,1.209,0.8679020888729352
170.25,127.923404,37.994006,8066.8486872,-88.484,-12.27,1.032,0.8679020888729352
170.2666,127.923415,37.994034,8066.1049752,-88.407,-12.299,0.855,0.8679020888729352
170.2833,127.923425,37.994061,8065.358215200001,-88.334,-12.326,0.678,0.8679020888729352
170.3,127.923435,37.994088,8064.608712,-88.264,-12.354,0.501,0.8679020888729352
170.3166,127.923445,37.994116,8063.856160800001,-88.197,-12.381,0.324,0.8679020888729352
170.3333,127.923455,37.994144,8063.1005616,-88.133,-12.408,0.147,0.8679020888729352
170.35,127.923465,37.994171,8062.342524000001,-88.073,-12.434,359.97,0.8679020888729352
170.3666,127.923475,37.994199,8061.5814384000005,-88.016,-12.46,359.792,0.8679020888729352
170.3833,127.923484,37.994226,8060.817304800001,-87.961,-12.486,359.615,0.8679020888729352
170.4,127.923494,37.994254,8060.0507328,-87.908,-12.512,359.437,0.8679020888729352
170.4166,127.923503,37.994282,8059.2811128,-87.858,-12.537,359.26,0.8679020888729352
170.4333,127.923513,37.994309,8058.508749600001,-87.81,-12.562,359.082,0.8679020888729352
170.45,127.923522,37.994337,8057.7336432,-87.763,-12.587,358.904,0.8679020888729352
170.4666,127.923531,37.994365,8056.9554888,-87.718,-12.612,358.726,0.8679020888729352
170.4833,127.92354,37.994392,8056.174896,-87.675,-12.636,358.548,0.8679020888729352
170.5,127.923549,37.99442,8055.3912552,-87.633,-12.661,358.37,0.8679020888729352
170.5166,127.923558,37.994448,8054.6048712,-87.592,-12.685,358.192,0.8679020888729352
170.5333,127.923566,37.994476,8053.815744,-87.552,-12.709,358.014,0.8679020888729352
170.55,127.923575,37.994504,8053.023873600001,-87.512,-12.733,357.836,0.8679020888729352
170.5666,127.923583,37.994532,8052.229260000001,-87.473,-12.757,357.658,0.8679020888729352
170.5833,127.923592,37.994559,8051.4319032,-87.435,-12.781,357.48,0.8679020888729352
170.6,127.9236,37.994587,8050.632108,-87.397,-12.804,357.301,0.8679020888729352
170.6166,127.923608,37.994615,8049.829264800001,-87.359,-12.828,357.123,0.8679020888729352
170.6333,127.923616,37.994643,8049.023678400001,-87.32,-12.852,356.944,0.8679020888729352
170.65,127.923624,37.994671,8048.2153488,-87.282,-12.875,356.766,0.8679020888729352
170.6666,127.923632,37.994699,8047.4045808,-87.244,-12.899,356.587,0.8679020888729352
170.6833,127.923639,37.994727,8046.590764800001,-87.205,-12.922,356.409,0.8679020888729352
170.7,127.923647,37.994755,8045.7745104000005,-87.166,-12.945,356.23,0.8679020888729352
170.7166,127.923654,37.994783,8044.9555128,-87.126,-12.969,356.052,0.8679020888729352
170.7333,127.923662,37.994811,8044.133772,-87.086,-12.992,355.873,0.8679020888729352
170.75,127.923669,37.994839,8043.309288,-87.044,-13.015,355.694,0.8679020888729352
170.7666,127.923676,37.994867,8042.482060800001,-87.003,-13.039,355.515,0.8679020888729352
170.7833,127.923683,37.994896,8041.652395200001,-86.96,-13.062,355.337,0.8679020888729352
170.8,127.92369,37.994924,8040.819986400001,-86.916,-13.085,355.158,0.8679020888729352
170.8166,127.923697,37.994952,8039.9851392,-86.872,-13.108,354.979,0.8679020888729352
170.8333,127.923704,37.99498,8039.147548800001,-86.826,-13.131,354.8,0.8679020888729352
170.85,127.92371,37.995008,8038.3072152,-86.78,-13.154,354.621,0.8679020888729352
170.8666,127.923717,37.995036,8037.464138400001,-86.732,-13.177,354.442,0.8679020888729352
170.8833,127.923723,37.995065,8036.618623200001,-86.684,-13.2,354.263,0.8679020888729352
170.9,127.923729,37.995093,8035.7706696000005,-86.634,-13.223,354.084,0.8679020888729352
170.9166,127.923736,37.995121,8034.9196680000005,-86.583,-13.246,353.905,0.8679020888729352
170.9333,127.923742,37.995149,8034.0665328000005,-86.532,-13.268,353.726,0.8679020888729352
170.95,127.923747,37.995178,8033.210654400001,-86.479,-13.291,353.547,0.8679020888729352
170.9666,127.923753,37.995206,8032.3520328,-86.425,-13.314,353.368,0.8679020888729352
170.9833,127.923759,37.995234,8031.4909728,-86.37,-13.336,353.189,0.8679020888729352
171.0,127.923765,37.995263,8030.627474400001,-86.314,-13.359,353.01,0.8679020888729352
171.0166,127.92377,37.995291,8029.7612328000005,-86.257,-13.381,352.831,0.8679020888729352
171.0333,127.923775,37.995319,8028.8925528,-86.199,-13.403,352.651,0.8679020888729352
171.05,127.923781,37.995348,8028.0214344,-86.141,-13.426,352.472,0.8679020888729352
171.0666,127.923786,37.995376,8027.1475728000005,-86.081,-13.448,352.293,0.8679020888729352
171.0833,127.923791,37.995405,8026.271272800001,-86.021,-13.47,352.114,0.8679020888729352
171.1,127.923796,37.995433,8025.3925344,-85.959,-13.491,351.934,0.8679020888729352
171.1166,127.923801,37.995462,8024.5113576,-85.897,-13.513,351.755,0.8679020888729352
171.1333,127.923805,37.99549,8023.627742400001,-85.834,-13.535,351.575,0.8679020888729352
171.15,127.92381,37.995518,8022.741384000001,-85.771,-13.556,351.396,0.8679020888729352
171.1666,127.923814,37.995547,8021.852892000001,-85.707,-13.578,351.216,0.8679020888729352
171.1833,127.923819,37.995575,8020.961656800001,-85.642,-13.599,351.037,0.8679020888729352
171.2,127.923823,37.995604,8020.068288,-85.576,-13.62,350.857,0.8679020888729352
171.2166,127.923827,37.995632,8019.172176,-85.51,-13.641,350.677,0.8679020888729352
171.2333,127.923831,37.995661,8018.2739304,-85.444,-13.662,350.498,0.8679020888729352
171.25,127.923835,37.99569,8017.372941600001,-85.377,-13.683,350.318,0.8679020888729352
171.2666,127.923839,37.995718,8016.4698192000005,-85.31,-13.703,350.138,0.8679020888729352
171.2833,127.923843,37.995747,8015.564258400001,-85.242,-13.724,349.958,0.8679020888729352
171.3,127.923846,37.995775,8014.6562592,-85.174,-13.744,349.778,0.8679020888729352
171.3166,127.92385,37.995804,8013.7458216,-85.106,-13.764,349.598,0.8679020888729352
171.3333,127.923853,37.995832,8012.833250400001,-85.038,-13.784,349.418,0.8679020888729352
171.35,127.923856,37.995861,8011.918240800001,-84.969,-13.803,349.238,0.8679020888729352
171.3666,127.923859,37.99589,8011.0007928,-84.9,-13.823,349.058,0.8679020888729352
171.3833,127.923862,37.995918,8010.081211200001,-84.832,-13.842,348.878,0.8679020888729352
171.4,127.923865,37.995947,8009.1591912,-84.763,-13.861,348.697,0.8679020888729352
171.4166,127.923868,37.995976,8008.2347328000005,-84.693,-13.88,348.517,0.8679020888729352
171.4333,127.923871,37.996004,8007.308140800001,-84.624,-13.899,348.336,0.8679020888729352
171.45,127.923873,37.996033,8006.379415200001,-84.555,-13.918,348.156,0.8679020888729352
171.4666,127.923876,37.996062,8005.4482512,-84.486,-13.936,347.975,0.8679020888729352
171.4833,127.923878,37.99609,8004.5146488,-84.417,-13.955,347.795,0.8679020888729352
171.5,127.92388,37.996119,8003.5792176,-84.348,-13.973,347.614,0.8679020888729352
171.5166,127.923882,37.996148,8002.641348,-84.279,-13.991,347.433,0.8679020888729352
171.5333,127.923884,37.996176,8001.70104,-84.21,-14.009,347.252,0.8679020888729352
171.55,127.923886,37.996205,8000.7589032,-84.142,-14.026,347.071,0.8679020888729352
171.5666,127.923888,37.996234,7999.814328,-84.073,-14.044,346.89,0.8679020888729352
171.5833,127.923889,37.996262,7998.8676192,-84.005,-14.061,346.709,0.8679020888729352
171.6,127.923891,37.996291,7997.918472,-83.937,-14.078,346.528,0.8679020888729352
171.6166,127.923892,37.99632,7996.967496,-83.869,-14.095,346.347,0.8679020888729352
171.6333,127.923894,37.996349,7996.0143864,-83.801,-14.112,346.165,0.8679020888729352
171.65,127.923895,37.996377,7995.058838400001,-83.734,-14.129,345.984,0.8679020888729352
171.6666,127.923896,37.996406,7994.1014616,-83.667,-14.145,345.802,0.8679020888729352
171.6833,127.923897,37.996435,7993.1416464,-83.6,-14.161,345.621,0.8679020888729352
171.7,127.923897,37.996464,7992.1800023999995,-83.534,-14.177,345.439,0.8679020888729352
171.7166,127.923898,37.996492,7991.215920000001,-83.467,-14.193,345.257,0.8679020888729352
171.7333,127.923899,37.996521,7990.250008800001,-83.401,-14.209,345.076,0.8679020888729352
171.75,127.923899,37.99655,7989.281964000001,-83.335,-14.224,344.894,0.8679020888729352
171.7666,127.923899,37.996579,7988.3117856,-83.27,-14.24,344.712,0.8679020888729352
171.7833,127.9239,37.996607,7987.339778400001,-83.205,-14.255,344.53,0.8679020888729352
171.8,127.9239,37.996636,7986.365332800001,-83.14,-14.27,344.348,0.8679020888729352
171.8166,127.9239,37.996665,7985.3890584,-83.075,-14.285,344.166,0.8679020888729352
171.8333,127.9239,37.996694,7984.410955200001,-83.011,-14.299,343.983,0.8679020888729352
171.85,127.923899,37.996723,7983.4304136,-82.946,-14.314,343.801,0.8679020888729352
171.8666,127.923899,37.996751,7982.4480432,-82.882,-14.328,343.619,0.8679020888729352
171.8833,127.923899,37.99678,7981.463844,-82.819,-14.342,343.436,0.8679020888729352
171.9,127.923898,37.996809,7980.477511200001,-82.755,-14.356,343.254,0.8679020888729352
171.9166,127.923897,37.996838,7979.489044800001,-82.692,-14.369,343.071,0.8679020888729352
171.9333,127.923896,37.996867,7978.4987496,-82.629,-14.383,342.888,0.8679020888729352
171.95,127.923895,37.996895,7977.5066256,-82.567,-14.396,342.706,0.8679020888729352
171.9666,127.923894,37.996924,7976.512368000001,-82.504,-14.409,342.523,0.8679020888729352
171.9833,127.923893,37.996953,7975.5162816,-82.442,-14.422,342.34,0.8679020888729352
172.0,127.923892,37.996982,7974.5180616,-82.38,-14.435,342.157,0.8679020888729352
172.0166,127.92389,37.99701,7973.5180128,-82.318,-14.447,341.974,0.8679020888729352
172.0333,127.923889,37.997039,7972.5161352000005,-82.256,-14.459,341.791,0.8679020888729352
172.05,127.923887,37.997068,7971.512428800001,-82.194,-14.471,341.608,0.8679020888729352
172.0666,127.923885,37.997097,7970.5068936,-82.133,-14.483,341.425,0.8679020888729352
172.0833,127.923883,37.997126,7969.499224800001,-82.071,-14.495,341.241,0.8679020888729352
172.1,127.923881,37.997154,7968.489727200001,-82.01,-14.507,341.058,0.8679020888729352
172.1166,127.923879,37.997183,7967.4787056000005,-81.948,-14.518,340.875,0.8679020888729352
172.1333,127.923877,37.997212,7966.4655504,-81.887,-14.529,340.691,0.8679020888729352
172.15,127.923875,37.997241,7965.4505664,-81.826,-14.54,340.508,0.8679020888729352
172.1666,127.923872,37.99727,7964.4337536,-81.765,-14.551,340.324,0.8679020888729352
172.1833,127.92387,37.997298,7963.415112,-81.704,-14.562,340.141,0.8679020888729352
172.2,127.923867,37.997327,7962.394641600001,-81.643,-14.572,339.957,0.8679020888729352
172.2166,127.923864,37.997356,7961.372647200001,-81.583,-14.583,339.773,0.8679020888729352
172.2333,127.923861,37.997385,7960.348519200001,-81.522,-14.593,339.59,0.8679020888729352
172.25,127.923858,37.997413,7959.3228672000005,-81.461,-14.603,339.406,0.8679020888729352
172.2666,127.923855,37.997442,7958.2953864,-81.4,-14.612,339.222,0.8679020888729352
172.2833,127.923851,37.997471,7957.2660768000005,-81.339,-14.622,339.038,0.8679020888729352
172.3,127.923848,37.9975,7956.2352432,-81.278,-14.631,338.854,0.8679020888729352
172.3166,127.923845,37.997528,7955.2025808,-81.218,-14.64,338.67,0.8679020888729352
172.3333,127.923841,37.997557,7954.1680896,-81.157,-14.649,338.486,0.8679020888729352
172.35,127.923837,37.997586,7953.131769600001,-81.096,-14.658,338.302,0.8679020888729352
172.3666,127.923833,37.997614,7952.0939256,-81.035,-14.667,338.118,0.8679020888729352
172.3833,127.923829,37.997643,7951.0545576,-80.974,-14.675,337.934,0.8679020888729352
172.4,127.923825,37.997672,7950.013360800001,-80.913,-14.683,337.75,0.8679020888729352
172.4166,127.923821,37.9977,7948.9703352,-80.851,-14.691,337.565,0.8679020888729352
172.4333,127.923816,37.997729,7947.9260904,-80.79,-14.699,337.381,0.8679020888729352
172.45,127.923812,37.997758,7946.879712,-80.729,-14.707,337.197,0.8679020888729352
172.4666,127.923807,37.997787,7945.8321144,-80.667,-14.714,337.012,0.8679020888729352
172.4833,127.923802,37.997815,7944.782688000001,-80.606,-14.721,336.828,0.8679020888729352
172.5,127.923798,37.997844,7943.7314328,-80.544,-14.728,336.644,0.8679020888729352
172.5166,127.923793,37.997872,7942.6789584,-80.482,-14.735,336.459,0.8679020888729352
172.5333,127.923788,37.997901,7941.6246552,-80.42,-14.742,336.275,0.8679020888729352
172.55,127.923782,37.99793,7940.568828,-80.358,-14.748,336.09,0.8679020888729352
172.5666,127.923777,37.997958,7939.5114768,-80.296,-14.754,335.906,0.8679020888729352
172.5833,127.923771,37.997987,7938.452601600001,-80.234,-14.76,335.721,0.8679020888729352
172.6,127.923766,37.998016,7937.3922024,-80.172,-14.766,335.536,0.8679020888729352
172.6166,127.92376,37.998044,7936.3299744000005,-80.11,-14.772,335.352,0.8679020888729352
172.6333,127.923754,37.998073,7935.2665272,-80.048,-14.777,335.167,0.8679020888729352
172.65,127.923748,37.998101,7934.201556000001,-79.985,-14.783,334.982,0.8679020888729352
172.6666,127.923742,37.99813,7933.135060800001,-79.923,-14.788,334.798,0.8679020888729352
172.6833,127.923736,37.998158,7932.0670416,-79.861,-14.793,334.613,0.8679020888729352
172.7,127.92373,37.998187,7930.9974984,-79.798,-14.797,334.428,0.8679020888729352
172.7166,127.923724,37.998215,7929.9264312000005,-79.736,-14.802,334.243,0.8679020888729352
172.7333,127.923717,37.998244,7928.8541448000005,-79.674,-14.806,334.059,0.8679020888729352
172.75,127.92371,37.998272,7927.7800296,-79.612,-14.81,333.874,0.8679020888729352
172.7666,127.923704,37.998301,7926.705000000001,-79.55,-14.814,333.689,0.8679020888729352
172.7833,127.923697,37.998329,7925.6281416,-79.488,-14.818,333.504,0.8679020888729352
172.8,127.92369,37.998358,7924.550064000001,-79.427,-14.822,333.319,0.8679020888729352
172.8166,127.923683,37.998386,7923.4704624000005,-79.365,-14.825,333.134,0.8679020888729352
172.8333,127.923675,37.998414,7922.389641600001,-79.304,-14.828,332.949,0.8679020888729352
172.85,127.923668,37.998443,7921.307296800001,-79.244,-14.831,332.764,0.8679020888729352
172.8666,127.923661,37.998471,7920.223732800001,-79.184,-14.834,332.579,0.8679020888729352
172.8833,127.923653,37.9985,7919.1386448,-79.125,-14.837,332.394,0.8679020888729352
172.9,127.923645,37.998528,7918.052337600001,-79.066,-14.84,332.209,0.8679020888729352
172.9166,127.923637,37.998556,7916.964811200001,-79.008,-14.842,332.024,0.8679020888729352
172.9333,127.923629,37.998585,7915.876065600001,-78.951,-14.844,331.839,0.8679020888729352
172.95,127.923621,37.998613,7914.785796,-78.895,-14.847,331.654,0.8679020888729352
172.9666,127.923613,37.998641,7913.6943072,-78.841,-14.849,331.468,0.8679020888729352
172.9833,127.923605,37.998669,7912.6015992,-78.787,-14.851,331.283,0.8679020888729352
173.0,127.923596,37.998698,7911.507672000001,-78.735,-14.853,331.098,0.8679020888729352
173.0166,127.923588,37.998726,7910.4122208,-78.683,-14.854,330.912,0.8679020888729352
173.0333,127.923579,37.998754,7909.3158552,-78.634,-14.856,330.727,0.8679020888729352
173.05,127.92357,37.998782,7908.218270400001,-78.587,-14.858,330.541,0.8679020888729352
173.0666,127.923561,37.998811,7907.1194663999995,-78.542,-14.859,330.356,0.8679020888729352
173.0833,127.923552,37.998839,7906.0194432,-78.499,-14.861,330.17,0.8679020888729352
173.1,127.923543,37.998867,7904.918200800001,-78.458,-14.863,329.985,0.8679020888729352
173.1166,127.923534,37.998895,7903.8157392,-78.419,-14.864,329.799,0.8679020888729352
173.1333,127.923524,37.998923,7902.7123632,-78.384,-14.866,329.613,0.8679020888729352
173.15,127.923515,37.998951,7901.6074632,-78.352,-14.867,329.427,0.8679020888729352
173.1666,127.923505,37.998979,7900.5019536,-78.325,-14.869,329.241,0.8679020888729352
173.1833,127.923495,37.999007,7899.394920000001,-78.301,-14.871,329.054,0.8679020888729352
173.2,127.923486,37.999035,7898.286972,-78.28,-14.873,328.868,0.8679020888729352
173.2166,127.923476,37.999063,7897.1781096,-78.262,-14.875,328.681,0.8679020888729352
173.2333,127.923465,37.999091,7896.068028000001,-78.25,-14.878,328.495,0.8679020888729352
173.25,127.923455,37.999119,7894.957032,-78.244,-14.88,328.308,0.8679020888729352
173.2666,127.923445,37.999147,7893.8448168,-78.243,-14.883,328.121,0.8679020888729352
173.2833,127.923434,37.999175,7892.731687200001,-78.248,-14.886,327.934,0.8679020888729352
173.3,127.923423,37.999203,7891.617338400001,-78.257,-14.89,327.746,0.8679020888729352
173.3166,127.923413,37.999231,7890.5020752,-78.271,-14.893,327.558,0.8679020888729352
173.3333,127.923402,37.999258,7889.385897600001,-78.288,-14.897,327.37,0.8679020888729352
173.35,127.923391,37.999286,7888.268500800001,-78.308,-14.901,327.182,0.8679020888729352
173.3666,127.92338,37.999314,7887.1498848,-78.331,-14.905,326.993,0.8679020888729352
173.3833,127.923368,37.999342,7886.030354400001,-78.357,-14.908,326.804,0.8679020888729352
173.4,127.923357,37.999369,7884.9096048,-78.385,-14.913,326.615,0.8679020888729352
173.4166,127.923345,37.999397,7883.787940800001,-78.415,-14.917,326.425,0.8679020888729352
173.4333,127.923334,37.999425,7882.6650576,-78.445,-14.921,326.236,0.8679020888729352
173.45,127.923322,37.999452,7881.540955200001,-78.476,-14.925,326.045,0.8679020888729352
173.4666,127.92331,37.99948,7880.415938400001,-78.507,-14.93,325.855,0.8679020888729352
173.4833,127.923298,37.999507,7879.289702399999,-78.537,-14.934,325.664,0.8679020888729352
173.5,127.923286,37.999535,7878.162247200001,-78.568,-14.939,325.473,0.8679020888729352
173.5166,127.923274,37.999562,7877.033877600001,-78.599,-14.944,325.282,0.8679020888729352
173.5333,127.923261,37.99959,7875.904288799999,-78.627,-14.948,325.09,0.8679020888729352
173.55,127.923249,37.999617,7874.7734808000005,-78.654,-14.953,324.898,0.8679020888729352
173.5666,127.923236,37.999645,7873.6414536,-78.68,-14.958,324.706,0.8679020888729352
173.5833,127.923224,37.999672,7872.508512,-78.703,-14.964,324.514,0.8679020888729352
173.6,127.923211,37.9997,7871.3740464,-78.724,-14.969,324.321,0.8679020888729352
173.6166,127.923198,37.999727,7870.2386664,-78.744,-14.974,324.129,0.8679020888729352
173.6333,127.923185,37.999754,7869.1020672,-78.758,-14.98,323.936,0.8679020888729352
173.65,127.923172,37.999782,7867.9642488,-78.766,-14.985,323.743,0.8679020888729352
173.6666,127.923158,37.999809,7866.825211200001,-78.769,-14.99,323.55,0.8679020888729352
173.6833,127.923145,37.999836,7865.684954400001,-78.767,-14.995,323.356,0.8679020888729352
173.7,127.923131,37.999863,7864.543478400001,-78.76,-14.999,323.163,0.8679020888729352
173.7166,127.923118,37.99989,7863.400783200001,-78.748,-15.004,322.969,0.8679020888729352
173.7333,127.923104,37.999918,7862.2568688,-78.729,-15.009,322.776,0.8679020888729352
173.75,127.92309,37.999945,7861.1117352,-78.703,-15.013,322.582,0.8679020888729352
173.7666,127.923076,37.999972,7859.965382400001,-78.672,-15.018,322.389,0.8679020888729352
173.7833,127.923062,37.999999,7858.817810400001,-78.634,-15.022,322.195,0.8679020888729352
173.8,127.923048,38.000026,7857.669324,-78.591,-15.026,322.002,0.8679020888729352
173.8166,127.923034,38.000053,7856.519618400001,-78.543,-15.03,321.808,0.8679020888729352
173.8333,127.923019,38.00008,7855.3683888,-78.489,-15.034,321.615,0.8679020888729352
173.85,127.923005,38.000107,7854.2162448,-78.429,-15.037,321.422,0.8679020888729352
173.8666,127.92299,38.000133,7853.062881600001,-78.364,-15.041,321.229,0.8679020888729352
173.8833,127.922975,38.00016,7851.908604,-78.294,-15.044,321.036,0.8679020888729352
173.9,127.92296,38.000187,7850.7531072,-78.22,-15.047,320.843,0.8679020888729352
173.9166,127.922945,38.000214,7849.596391200001,-78.142,-15.05,320.651,0.8679020888729352
173.9333,127.92293,38.000241,7848.438760800001,-78.059,-15.052,320.458,0.8679020888729352
173.95,127.922915,38.000267,7847.279911200001,-77.973,-15.055,320.266,0.8679020888729352
173.9666,127.922899,38.000294,7846.120147200001,-77.883,-15.057,320.074,0.8679020888729352
173.9833,127.922884,38.000321,7844.959468800001,-77.79,-15.058,319.882,0.8679020888729352
174.0,127.922868,38.000347,7843.7975712,-77.695,-15.06,319.69,0.8679020888729352
174.0166,127.922853,38.000374,7842.6347592,-77.596,-15.061,319.499,0.8679020888729352
174.0333,127.922837,38.0004,7841.471032800001,-77.497,-15.062,319.307,0.8679020888729352
174.05,127.922821,38.000427,7840.306087200001,-77.395,-15.063,319.116,0.8679020888729352
174.0666,127.922805,38.000453,7839.140532,-77.293,-15.063,318.925,0.8679020888729352
174.0833,127.922789,38.00048,7837.974062400001,-77.189,-15.063,318.734,0.8679020888729352
174.1,127.922772,38.000506,7836.8063736,-77.085,-15.063,318.543,0.8679020888729352
174.1166,127.922756,38.000532,7835.6380752,-76.981,-15.062,318.353,0.8679020888729352
174.1333,127.922739,38.000559,7834.4691672,-76.877,-15.062,318.163,0.8679020888729352
174.15,127.922723,38.000585,7833.29904,-76.775,-15.06,317.972,0.8679020888729352
174.1666,127.922706,38.000611,7832.1283032,-76.673,-15.059,317.782,0.8679020888729352
174.1833,127.922689,38.000637,7830.956652000001,-76.573,-15.057,317.592,0.8679020888729352
174.2,127.922672,38.000663,7829.784391200001,-76.474,-15.055,317.403,0.8679020888729352
174.2166,127.922655,38.00069,7828.611216,-76.376,-15.052,317.213,0.8679020888729352
174.2333,127.922638,38.000716,7827.4374312,-76.282,-15.05,317.023,0.8679020888729352
174.25,127.92262,38.000742,7826.263036800001,-76.191,-15.047,316.834,0.8679020888729352
174.2666,127.922603,38.000768,7825.0880328,-76.103,-15.043,316.644,0.8679020888729352
174.2833,127.922585,38.000794,7823.912114400001,-76.019,-15.04,316.455,0.8679020888729352
174.3,127.922568,38.000819,7822.735891200001,-75.937,-15.036,316.265,0.8679020888729352
174.3166,127.92255,38.000845,7821.5587536,-75.859,-15.032,316.076,0.8679020888729352
174.3333,127.922532,38.000871,7820.381006400001,-75.784,-15.027,315.887,0.8679020888729352
174.35,127.922514,38.000897,7819.2026496,-75.711,-15.022,315.697,0.8679020888729352
174.3666,127.922496,38.000923,7818.023988000001,-75.642,-15.017,315.508,0.8679020888729352
174.3833,127.922477,38.000948,7816.844412,-75.575,-15.011,315.318,0.8679020888729352
174.4,127.922459,38.000974,7815.6642264,-75.511,-15.005,315.129,0.8679020888729352
174.4166,127.922441,38.000999,7814.483736,-75.449,-14.999,314.939,0.8679020888729352
174.4333,127.922422,38.001025,7813.3023312000005,-75.389,-14.992,314.75,0.8679020888729352
174.45,127.922403,38.00105,7812.1206216,-75.331,-14.985,314.56,0.8679020888729352
174.4666,127.922384,38.001076,7810.9383024,-75.274,-14.977,314.371,0.8679020888729352
174.4833,127.922365,38.001101,7809.755373600001,-75.218,-14.969,314.181,0.8679020888729352
174.5,127.922346,38.001127,7808.5718352,-75.163,-14.961,313.991,0.8679020888729352
174.5166,127.922327,38.001152,7807.387687200001,-75.11,-14.952,313.802,0.8679020888729352
174.5333,127.922308,38.001177,7806.2032344,-75.057,-14.943,313.612,0.8679020888729352
174.55,127.922288,38.001202,7805.018172,-75.003,-14.934,313.422,0.8679020888729352
174.5666,127.922269,38.001228,7803.8325,-74.95,-14.924,313.232,0.8679020888729352
174.5833,127.922249,38.001253,7802.6462184,-74.896,-14.913,313.042,0.8679020888729352
174.6,127.92223,38.001278,7801.459632,-74.843,-14.903,312.853,0.8679020888729352
174.6166,127.92221,38.001303,7800.2727408,-74.789,-14.892,312.663,0.8679020888729352
174.6333,127.92219,38.001328,7799.0849352000005,-74.733,-14.88,312.473,0.8679020888729352
174.65,127.92217,38.001353,7797.896824800001,-74.675,-14.868,312.283,0.8679020888729352
174.6666,127.922149,38.001378,7796.7081048,-74.615,-14.856,312.094,0.8679020888729352
174.6833,127.922129,38.001403,7795.51908,-74.553,-14.843,311.904,0.8679020888729352
174.7,127.922109,38.001427,7794.3294456,-74.49,-14.83,311.715,0.8679020888729352
174.7166,127.922088,38.001452,7793.139506400001,-74.424,-14.816,311.525,0.8679020888729352
174.7333,127.922068,38.001477,7791.9486528,-74.354,-14.802,311.336,0.8679020888729352
174.75,127.922047,38.001501,7790.7574944,-74.278,-14.787,311.147,0.8679020888729352
174.7666,127.922026,38.001526,7789.5660312,-74.198,-14.772,310.958,0.8679020888729352
174.7833,127.922005,38.001551,7788.3739584,-74.114,-14.756,310.769,0.8679020888729352
174.8,127.921984,38.001575,7787.1815808,-74.025,-14.739,310.58,0.8679020888729352
174.8166,127.921963,38.0016,7785.9885936,-73.933,-14.722,310.392,0.8679020888729352
174.8333,127.921942,38.001624,7784.794996800001,-73.834,-14.704,310.204,0.8679020888729352
174.85,127.92192,38.001648,7783.601095200001,-73.729,-14.685,310.016,0.8679020888729352
174.8666,127.921899,38.001673,7782.4068888,-73.618,-14.666,309.828,0.8679020888729352
174.8833,127.921877,38.001697,7781.212377600001,-73.501,-14.646,309.641,0.8679020888729352
174.9,127.921856,38.001721,7780.017256800001,-73.38,-14.625,309.454,0.8679020888729352
174.9166,127.921834,38.001745,7778.822136000001,-73.254,-14.603,309.268,0.8679020888729352
174.9333,127.921812,38.00177,7777.626405600001,-73.123,-14.581,309.082,0.8679020888729352
174.95,127.92179,38.001794,7776.430370400001,-72.988,-14.558,308.896,0.8679020888729352
174.9666,127.921768,38.001818,7775.2343352,-72.85,-14.535,308.711,0.8679020888729352
174.9833,127.921746,38.001842,7774.0379952,-72.708,-14.511,308.526,0.8679020888729352
175.0,127.921724,38.001866,7772.841350400001,-72.563,-14.486,308.342,0.8679020888729352
175.0166,127.921701,38.00189,7771.644705600001,-72.415,-14.46,308.158,0.8679020888729352
175.0333,127.921679,38.001913,7770.4477560000005,-72.264,-14.434,307.975,0.8679020888729352
175.05,127.921656,38.001937,7769.250806400001,-72.11,-14.407,307.792,0.8679020888729352
175.0666,127.921633,38.001961,7768.053552000001,-71.954,-14.38,307.61,0.8679020888729352
175.0833,127.921611,38.001985,7766.856297600001,-71.795,-14.351,307.428,0.8679020888729352
175.1,127.921588,38.002008,7765.659348,-71.634,-14.322,307.246,0.8679020888729352
175.1166,127.921565,38.002032,7764.4620936,-71.471,-14.293,307.065,0.8679020888729352
175.1333,127.921541,38.002055,7763.2648392,-71.305,-14.262,306.885,0.8679020888729352
175.15,127.921518,38.002079,7762.0675848,-71.136,-14.23,306.705,0.8679020888729352
175.1666,127.921495,38.002102,7760.8703304,-70.965,-14.198,306.525,0.8679020888729352
175.1833,127.921472,38.002126,7759.6733808,-70.791,-14.164,306.346,0.8679020888729352
175.2,127.921448,38.002149,7758.4761264,-70.615,-14.13,306.167,0.8679020888729352
175.2166,127.921424,38.002172,7757.2794816000005,-70.437,-14.095,305.989,0.8679020888729352
175.2333,127.921401,38.002195,7756.0822272000005,-70.257,-14.057,305.812,0.8679020888729352
175.25,127.921377,38.002219,7754.8852776,-70.075,-14.017,305.636,0.8679020888729352
175.2666,127.921353,38.002242,7753.688632800001,-69.891,-13.973,305.462,0.8679020888729352
175.2833,127.921329,38.002265,7752.491988000001,-69.704,-13.928,305.288,0.8679020888729352
175.3,127.921305,38.002288,7751.2953431999995,-69.514,-13.88,305.115,0.8679020888729352
175.3166,127.921281,38.002311,7750.0990032,-69.322,-13.831,304.944,0.8679020888729352
175.3333,127.921256,38.002334,7748.9026632000005,-69.12,-13.779,304.773,0.8679020888729352
175.35,127.921232,38.002357,7747.706323200001,-68.908,-13.725,304.603,0.8679020888729352
175.3666,127.921207,38.002379,7746.510288,-68.688,-13.669,304.435,0.8679020888729352
175.3833,127.921183,38.002402,7745.3142528,-68.458,-13.611,304.267,0.8679020888729352
175.4,127.921158,38.002425,7744.1185224,-68.219,-13.551,304.1,0.8679020888729352
175.4166,127.921133,38.002448,7742.923401600001,-67.973,-13.49,303.934,0.8679020888729352
175.4333,127.921108,38.00247,7741.7276712,-67.697,-13.428,303.775,0.8679020888729352
175.45,127.921083,38.002493,7740.5319408000005,-67.392,-13.367,303.626,0.8679020888729352
175.4666,127.921058,38.002515,7739.336210400001,-67.06,-13.305,303.487,0.8679020888729352
175.4833,127.921033,38.002538,7738.1401752,-66.702,-13.244,303.354,0.8679020888729352
175.5,127.921008,38.00256,7736.9438352,-66.32,-13.184,303.229,0.8679020888729352
175.5166,127.920983,38.002583,7735.7478,-65.915,-13.123,303.11,0.8679020888729352
175.5333,127.920958,38.002605,7734.551155200001,-65.472,-13.065,303.002,0.8679020888729352
175.55,127.920932,38.002627,7733.353900800001,-64.995,-13.01,302.911,0.8679020888729352
175.5666,127.920907,38.00265,7732.155732,-64.484,-12.96,302.837,0.8679020888729352
175.5833,127.920881,38.002672,7730.957563200001,-63.942,-12.914,302.778,0.8679020888729352
175.6,127.920856,38.002694,7729.7593944,-63.37,-12.872,302.732,0.8679020888729352
175.6166,127.92083,38.002717,7728.560616,-62.772,-12.833,302.698,0.8679020888729352
175.6333,127.920804,38.002739,7727.362447200001,-62.229,-12.806,302.677,0.8679020888729352
175.65,127.920778,38.002761,7726.1645832,-61.741,-12.791,302.673,0.8679020888729352
175.6666,127.920752,38.002783,7724.967633600001,-61.31,-12.787,302.683,0.8679020888729352
175.6833,127.920726,38.002805,7723.7709888,-60.935,-12.793,302.705,0.8679020888729352
175.7,127.9207,38.002827,7722.5755632,-60.616,-12.807,302.739,0.8679020888729352
175.7166,127.920674,38.002849,7721.3813568000005,-60.354,-12.828,302.783,0.8679020888729352
175.7333,127.920648,38.002871,7720.1868456,-60.061,-12.85,302.838,0.8679020888729352
175.75,127.920622,38.002893,7718.9926392,-59.738,-12.871,302.904,0.8679020888729352
175.7666,127.920595,38.002915,7717.7984328,-59.383,-12.892,302.978,0.8679020888729352
175.7833,127.920569,38.002937,7716.6039216,-58.997,-12.913,303.059,0.8679020888729352
175.8,127.920543,38.002959,7715.409105600001,-58.577,-12.933,303.147,0.8679020888729352
175.8166,127.920516,38.002981,7714.21368,-58.126,-12.954,303.239,0.8679020888729352
175.8333,127.920489,38.003003,7713.0170352000005,-57.641,-12.975,303.335,0.8679020888729352
175.85,127.920463,38.003024,7711.8197808,-57.124,-12.995,303.435,0.8679020888729352
175.8666,127.920436,38.003046,7710.6219168,-56.574,-13.016,303.538,0.8679020888729352
175.8833,127.920409,38.003068,7709.4234432,-55.993,-13.037,303.644,0.8679020888729352
175.9,127.920382,38.00309,7708.2240552,-55.381,-13.058,303.751,0.8679020888729352
175.9166,127.920355,38.003111,7707.0237528,-54.737,-13.08,303.86,0.8679020888729352
175.9333,127.920329,38.003133,7705.8228408,-54.063,-13.102,303.971,0.8679020888729352
175.95,127.920302,38.003155,7704.621014400001,-53.36,-13.124,304.083,0.8679020888729352
175.9666,127.920275,38.003177,7703.418578400001,-52.627,-13.147,304.196,0.8679020888729352
175.9833,127.920247,38.003198,7702.215228000001,-51.866,-13.17,304.31,0.8679020888729352
176.0,127.92022,38.00322,7701.0109632,-51.078,-13.193,304.425,0.8679020888729352
176.0166,127.920193,38.003242,7699.805784000001,-50.262,-13.217,304.541,0.8679020888729352
176.0333,127.920166,38.003263,7698.5999952,-49.421,-13.242,304.657,0.8679020888729352
176.05,127.920139,38.003285,7697.392987200001,-48.553,-13.267,304.774,0.8679020888729352
176.0666,127.920111,38.003307,7696.185369600001,-47.661,-13.293,304.891,0.8679020888729352
176.0833,127.920084,38.003328,7694.9765328,-46.744,-13.32,305.009,0.8679020888729352
176.1,127.920056,38.00335,7693.7670864,-45.803,-13.347,305.127,0.8679020888729352
176.1166,127.920029,38.003372,7692.5564208,-44.839,-13.375,305.245,0.8679020888729352
176.1333,127.920001,38.003393,7691.3448408,-43.852,-13.403,305.364,0.8679020888729352
176.15,127.919974,38.003415,7690.132041600001,-42.843,-13.432,305.483,0.8679020888729352
176.1666,127.919946,38.003437,7688.918328000001,-41.812,-13.462,305.602,0.8679020888729352
176.1833,127.919919,38.003458,7687.7033952,-40.76,-13.493,305.721,0.8679020888729352
176.2,127.919891,38.00348,7686.487548,-39.687,-13.525,305.841,0.8679020888729352
176.2166,127.919863,38.003502,7685.270176800001,-38.593,-13.558,305.961,0.8679020888729352
176.2333,127.919836,38.003523,7684.051891200001,-37.478,-13.591,306.081,0.8679020888729352
176.25,127.919808,38.003545,7682.8320816000005,-36.344,-13.626,306.201,0.8679020888729352
176.2666,127.91978,38.003567,7681.6110528,-35.19,-13.661,306.321,0.8679020888729352
176.2833,127.919752,38.003588,7680.388804800001,-34.016,-13.697,306.442,0.8679020888729352
176.3,127.919724,38.00361,7679.1650328000005,-32.822,-13.734,306.562,0.8679020888729352
176.3166,127.919696,38.003631,7677.940041600001,-31.609,-13.772,306.682,0.8679020888729352
176.3333,127.919668,38.003653,7676.7132216,-30.377,-13.811,306.802,0.8679020888729352
176.35,127.91964,38.003675,7675.485182400001,-29.126,-13.85,306.922,0.8679020888729352
176.3666,127.919612,38.003696,7674.2553144,-27.856,-13.891,307.041,0.8679020888729352
176.3833,127.919584,38.003718,7673.023922400001,-26.567,-13.931,307.16,0.8679020888729352
176.4,127.919556,38.00374,7671.791006400001,-25.259,-13.973,307.278,0.8679020888729352
176.4166,127.919528,38.003761,7670.555956800001,-23.932,-14.015,307.396,0.8679020888729352
176.4333,127.919499,38.003783,7669.319383200001,-22.587,-14.058,307.513,0.8679020888729352
176.45,127.919471,38.003805,7668.0806760000005,-21.222,-14.102,307.63,0.8679020888729352
176.4666,127.919443,38.003827,7666.8404448,-19.839,-14.147,307.746,0.8679020888729352
176.4833,127.919415,38.003848,7665.5977752,-18.437,-14.192,307.861,0.8679020888729352
176.5,127.919386,38.00387,7664.3532768000005,-17.016,-14.239,307.976,0.8679020888729352
176.5166,127.919358,38.003892,7663.10634,-15.576,-14.286,308.091,0.8679020888729352
176.5333,127.91933,38.003914,7661.857574400001,-14.118,-14.334,308.205,0.8679020888729352
176.55,127.919301,38.003935,7660.606065600001,-12.64,-14.383,308.318,0.8679020888729352
176.5666,127.919273,38.003957,7659.352423200001,-11.142,-14.433,308.43,0.8679020888729352
176.5833,127.919244,38.003979,7658.096342400001,-9.626,-14.484,308.542,0.8679020888729352
176.6,127.919216,38.004001,7656.8378232000005,-8.09,-14.537,308.653,0.8679020888729352
176.6166,127.919187,38.004022,7655.576560800001,-6.534,-14.59,308.763,0.8679020888729352
176.6333,127.919159,38.004044,7654.3125552,-4.959,-14.645,308.873,0.8679020888729352
176.65,127.91913,38.004066,7653.046111200001,-3.363,-14.701,308.982,0.8679020888729352
176.6666,127.919102,38.004088,7651.776619200001,-1.748,-14.758,309.09,0.8679020888729352
176.6833,127.919073,38.00411,7650.504079200001,-0.112,-14.816,309.197,0.8679020888729352
176.7,127.919044,38.004132,7649.228796,1.543,-14.876,309.303,0.8679020888729352
176.7166,127.919016,38.004153,7647.95016,3.219,-14.937,309.409,0.8679020888729352
176.7333,127.918987,38.004175,7646.6687808,4.915,-14.997,309.514,0.8679020888729352
176.75,127.918958,38.004197,7645.3840488000005,6.631,-15.056,309.619,0.8679020888729352
176.7666,127.91893,38.004219,7644.095964,8.367,-15.115,309.724,0.8679020888729352
176.7833,127.918901,38.004241,7642.8045264,10.123,-15.174,309.829,0.8679020888729352
176.8,127.918872,38.004263,7641.5094312,11.899,-15.234,309.933,0.8679020888729352
176.8166,127.918843,38.004285,7640.211288,13.695,-15.293,310.037,0.8679020888729352
176.8333,127.918814,38.004307,7638.9094872000005,15.509,-15.347,310.143,0.8679020888729352
176.85,127.918786,38.004329,7637.604638400001,17.343,-15.39,310.252,0.8679020888729352
176.8666,127.918757,38.004351,7636.296132,19.195,-15.424,310.365,0.8679020888729352
176.8833,127.918728,38.004373,7634.9842728,21.066,-15.449,310.481,0.8679020888729352
176.9,127.918699,38.004394,7633.668756000001,22.955,-15.469,310.6,0.8679020888729352
176.9166,127.91867,38.004416,7632.3498864,24.862,-15.484,310.722,0.8679020888729352
176.9333,127.918641,38.004438,7631.027664,26.787,-15.489,310.851,0.8679020888729352
176.95,127.918612,38.00446,7629.7020888,28.729,-15.479,310.988,0.8679020888729352
176.9666,127.918583,38.004482,7628.373160800001,30.687,-15.456,311.135,0.8679020888729352
176.9833,127.918554,38.004504,7627.04088,32.661,-15.423,311.289,0.8679020888729352
177.0,127.918525,38.004526,7625.705551200001,34.652,-15.382,311.451,0.8679020888729352
177.0166,127.918496,38.004548,7624.366564800001,36.66,-15.336,311.62,0.8679020888729352
177.0333,127.918467,38.004571,7623.0257496,38.658,-15.278,311.798,0.8679020888729352
177.05,127.918437,38.004593,7621.683105600001,40.645,-15.205,311.989,0.8679020888729352
177.0666,127.918408,38.004615,7620.3389376000005,42.621,-15.118,312.192,0.8679020888729352
177.0833,127.918379,38.004637,7618.9935504000005,44.587,-15.022,312.406,0.8679020888729352
177.1,127.91835,38.004659,7617.6463344,46.541,-14.92,312.631,0.8679020888729352
177.1166,127.918321,38.004681,7616.2975944,48.483,-14.814,312.865,0.8679020888729352
177.1333,127.918291,38.004703,7614.948549600001,50.366,-14.698,313.112,0.8679020888729352
177.15,127.918262,38.004725,7613.599200000001,52.19,-14.569,313.377,0.8679020888729352
177.1666,127.918233,38.004748,7612.2498504000005,53.956,-14.431,313.658,0.8679020888729352
177.1833,127.918204,38.00477,7610.9008056,55.667,-14.289,313.954,0.8679020888729352
177.2,127.918175,38.004792,7609.552065600001,57.327,-14.145,314.264,0.8679020888729352
177.2166,127.918145,38.004814,7608.2036304,58.94,-14.002,314.587,0.8679020888729352
177.2333,127.918116,38.004837,7606.8564144,60.472,-13.855,314.926,0.8679020888729352
177.25,127.918087,38.004859,7605.5104176,61.928,-13.705,315.284,0.8679020888729352
177.2666,127.918058,38.004882,7604.1653352,63.312,-13.554,315.658,0.8679020888729352
177.2833,127.918029,38.004904,7602.8214720000005,64.629,-13.405,316.046,0.8679020888729352
177.3,127.918,38.004927,7601.4782184000005,65.886,-13.261,316.447,0.8679020888729352
177.3166,127.917971,38.00495,7600.135574400001,67.086,-13.124,316.857,0.8679020888729352
177.3333,127.917942,38.004972,7598.7941496,68.21,-12.991,317.278,0.8679020888729352
177.35,127.917913,38.004995,7597.453944,69.262,-12.864,317.706,0.8679020888729352
177.3666,127.917884,38.005018,7596.1146528,70.247,-12.743,318.141,0.8679020888729352
177.3833,127.917855,38.005041,7594.7759712,71.173,-12.63,318.581,0.8679020888729352
177.4,127.917826,38.005064,7593.4378992,72.043,-12.527,319.025,0.8679020888729352
177.4166,127.917797,38.005087,7592.1001320000005,72.863,-12.432,319.472,0.8679020888729352
177.4333,127.917769,38.00511,7590.762669600001,73.666,-12.351,319.92,0.8679020888729352
177.45,127.91774,38.005133,7589.425512,74.457,-12.282,320.371,0.8679020888729352
177.4666,127.917711,38.005156,7588.0877448,75.237,-12.226,320.821,0.8679020888729352
177.4833,127.917683,38.005179,7586.749672800001,76.009,-12.182,321.271,0.8679020888729352
177.5,127.917654,38.005202,7585.411296,76.775,-12.149,321.72,0.8679020888729352
177.5166,127.917625,38.005226,7584.0720048,77.536,-12.127,322.166,0.8679020888729352
177.5333,127.917597,38.005249,7582.7324088000005,78.269,-12.113,322.608,0.8679020888729352
177.55,127.917568,38.005272,7581.3922032,78.975,-12.106,323.046,0.8679020888729352
177.5666,127.91754,38.005296,7580.0519976000005,79.656,-12.106,323.48,0.8679020888729352
177.5833,127.917511,38.00532,7578.7111824,80.314,-12.113,323.908,0.8679020888729352
177.6,127.917483,38.005343,7577.3694528,80.951,-12.128,324.331,0.8679020888729352
177.6166,127.917455,38.005367,7576.0274184,81.567,-12.15,324.749,0.8679020888729352
177.6333,127.917427,38.005391,7574.684774400001,82.146,-12.178,325.161,0.8679020888729352
177.65,127.917398,38.005414,7573.3415208,82.689,-12.21,325.568,0.8679020888729352
177.6666,127.91737,38.005438,7571.9976576,83.198,-12.247,325.968,0.8679020888729352
177.6833,127.917342,38.005462,7570.6531848,83.675,-12.289,326.362,0.8679020888729352
177.7,127.917314,38.005486,7569.307797600001,84.124,-12.337,326.751,0.8679020888729352
177.7166,127.917287,38.00551,7567.9611912,84.546,-12.39,327.134,0.8679020888729352
177.7333,127.917259,38.005534,7566.6139752,84.931,-12.446,327.512,0.8679020888729352
177.75,127.917231,38.005559,7565.2658448,85.283,-12.507,327.884,0.8679020888729352
177.7666,127.917204,38.005583,7563.9168,85.603,-12.571,328.251,0.8679020888729352
177.7833,127.917176,38.005607,7562.5662312,85.893,-12.638,328.613,0.8679020888729352
177.8,127.917149,38.005632,7561.214748,86.157,-12.709,328.969,0.8679020888729352
177.8166,127.917121,38.005656,7559.862045600001,86.396,-12.784,329.321,0.8679020888729352
177.8333,127.917094,38.005681,7558.507819200001,86.606,-12.861,329.669,0.8679020888729352
177.85,127.917067,38.005705,7557.152678400001,86.791,-12.941,330.012,0.8679020888729352
177.8666,127.91704,38.00573,7555.7957088,86.951,-13.023,330.351,0.8679020888729352
177.8833,127.917013,38.005755,7554.43752,87.088,-13.107,330.687,0.8679020888729352
177.9,127.916986,38.00578,7553.0778072,87.204,-13.194,331.018,0.8679020888729352
177.9166,127.916959,38.005805,7551.716570400001,87.3,-13.281,331.347,0.8679020888729352
177.9333,127.916932,38.005829,7550.354114400001,87.376,-13.371,331.672,0.8679020888729352
177.95,127.916906,38.005855,7548.9898296,87.434,-13.462,331.994,0.8679020888729352
177.9666,127.916879,38.00588,7547.623716,87.474,-13.554,332.313,0.8679020888729352
177.9833,127.916853,38.005905,7546.2563832000005,87.497,-13.648,332.629,0.8679020888729352
178.0,127.916826,38.00593,7544.8872216,87.505,-13.743,332.942,0.8679020888729352
178.0166,127.9168,38.005955,7543.5162312,87.497,-13.839,333.252,0.8679020888729352
178.0333,127.916774,38.005981,7542.1440216,87.475,-13.936,333.559,0.8679020888729352
178.05,127.916748,38.006006,7540.769678400001,87.438,-14.034,333.864,0.8679020888729352
178.0666,127.916722,38.006032,7539.3938112000005,87.388,-14.132,334.166,0.8679020888729352
178.0833,127.916696,38.006057,7538.016115200001,87.325,-14.23,334.465,0.8679020888729352
178.1,127.91667,38.006083,7536.6368952,87.25,-14.329,334.762,0.8679020888729352
178.1166,127.916645,38.006109,7535.2558464,87.164,-14.427,335.057,0.8679020888729352
178.1333,127.916619,38.006134,7533.8729688,87.065,-14.526,335.349,0.8679020888729352
178.15,127.916594,38.00616,7532.4882624,86.955,-14.623,335.638,0.8679020888729352
178.1666,127.916568,38.006186,7531.102032000001,86.834,-14.72,335.926,0.8679020888729352
178.1833,127.916543,38.006212,7529.7139728,86.703,-14.816,336.211,0.8679020888729352
178.2,127.916518,38.006238,7528.3240848,86.562,-14.911,336.493,0.8679020888729352
178.2166,127.916493,38.006264,7526.932368000001,86.413,-15.004,336.774,0.8679020888729352
178.2333,127.916468,38.00629,7525.539127200001,86.255,-15.095,337.052,0.8679020888729352
178.25,127.916443,38.006316,7524.1437528,86.088,-15.185,337.329,0.8679020888729352
178.2666,127.916419,38.006343,7522.7468544,85.915,-15.272,337.603,0.8679020888729352
178.2833,127.916394,38.006369,7521.348432000001,85.734,-15.357,337.875,0.8679020888729352
178.3,127.91637,38.006396,7519.9481808,85.547,-15.439,338.146,0.8679020888729352
178.3166,127.916345,38.006422,7518.5461008,85.354,-15.519,338.414,0.8679020888729352
178.3333,127.916321,38.006449,7517.142192,85.156,-15.595,338.68,0.8679020888729352
178.35,127.916297,38.006475,7515.7367592,84.953,-15.669,338.945,0.8679020888729352
178.3666,127.916273,38.006502,7514.329497600001,84.746,-15.739,339.207,0.8679020888729352
178.3833,127.916249,38.006529,7512.9210168,84.534,-15.807,339.468,0.8679020888729352
178.4,127.916225,38.006555,7511.5107072,84.317,-15.872,339.727,0.8679020888729352
178.4166,127.916201,38.006582,7510.098568800001,84.096,-15.934,339.984,0.8679020888729352
178.4333,127.916178,38.006609,7508.685211200001,83.872,-15.994,340.24,0.8679020888729352
178.45,127.916154,38.006636,7507.2703296,83.646,-16.052,340.494,0.8679020888729352
178.4666,127.916131,38.006663,7505.853924000001,83.416,-16.108,340.746,0.8679020888729352
178.4833,127.916107,38.00669,7504.4359944,83.184,-16.161,340.997,0.8679020888729352
178.5,127.916084,38.006717,7503.0165408,82.95,-16.213,341.246,0.8679020888729352
178.5166,127.916061,38.006745,7501.595868,82.714,-16.262,341.494,0.8679020888729352
178.5333,127.916038,38.006772,7500.1736712,82.477,-16.309,341.74,0.8679020888729352
178.55,127.916016,38.006799,7498.7502552000005,82.24,-16.354,341.985,0.8679020888729352
178.5666,127.915993,38.006827,7497.325315200001,82.004,-16.396,342.229,0.8679020888729352
178.5833,127.91597,38.006854,7495.899460800001,81.767,-16.437,342.471,0.8679020888729352
178.6,127.915948,38.006882,7494.4720824000005,81.531,-16.476,342.712,0.8679020888729352
178.6166,127.915926,38.006909,7493.0434848,81.295,-16.512,342.952,0.8679020888729352
178.6333,127.915903,38.006937,7491.613972800001,81.061,-16.547,343.19,0.8679020888729352
178.65,127.915881,38.006965,7490.182936800001,80.828,-16.579,343.427,0.8679020888729352
178.6666,127.915859,38.006992,7488.7512912,80.598,-16.61,343.663,0.8679020888729352
178.6833,127.915837,38.00702,7487.3181216,80.37,-16.638,343.898,0.8679020888729352
178.7,127.915816,38.007048,7485.884037600001,80.144,-16.665,344.131,0.8679020888729352
178.7166,127.915794,38.007076,7484.449344,79.92,-16.689,344.363,0.8679020888729352
178.7333,127.915773,38.007104,7483.0131264,79.699,-16.712,344.593,0.8679020888729352
178.75,127.915751,38.007132,7481.5762992,79.483,-16.733,344.823,0.8679020888729352
178.7666,127.91573,38.00716,7480.1385576,79.269,-16.752,345.051,0.8679020888729352
178.7833,127.915709,38.007188,7478.700206400001,79.059,-16.769,345.278,0.8679020888729352
178.8,127.915688,38.007217,7477.260940800001,78.852,-16.784,345.503,0.8679020888729352
178.8166,127.915667,38.007245,7475.820760800001,78.648,-16.798,345.728,0.8679020888729352
178.8333,127.915646,38.007273,7474.3799712,78.447,-16.809,345.951,0.8679020888729352
178.85,127.915626,38.007302,7472.9382672,78.251,-16.819,346.173,0.8679020888729352
178.8666,127.915605,38.00733,7471.4962584,78.058,-16.828,346.394,0.8679020888729352
178.8833,127.915585,38.007359,7470.05364,77.868,-16.834,346.614,0.8679020888729352
178.9,127.915565,38.007387,7468.6101072,77.682,-16.839,346.833,0.8679020888729352
178.9166,127.915545,38.007416,7467.1662696,77.499,-16.843,347.05,0.8679020888729352
178.9333,127.915525,38.007445,7465.722127200001,77.319,-16.845,347.267,0.8679020888729352
178.95,127.915505,38.007473,7464.2773752,77.142,-16.846,347.483,0.8679020888729352
178.9666,127.915485,38.007502,7462.8320136,76.969,-16.845,347.698,0.8679020888729352
178.9833,127.915466,38.007531,7461.386347200001,76.798,-16.843,347.912,0.8679020888729352
179.0,127.915446,38.00756,7459.9406808,76.63,-16.839,348.125,0.8679020888729352
179.0166,127.915427,38.007589,7458.494404800001,76.465,-16.834,348.337,0.8679020888729352
179.0333,127.915408,38.007618,7457.047824000001,76.303,-16.828,348.548,0.8679020888729352
179.05,127.915389,38.007647,7455.600938400001,76.143,-16.82,348.759,0.8679020888729352
179.0666,127.91537,38.007676,7454.1540528,75.985,-16.812,348.968,0.8679020888729352
179.0833,127.915351,38.007706,7452.7068624,75.83,-16.802,349.178,0.8679020888729352
179.1,127.915332,38.007735,7451.2593672,75.677,-16.791,349.386,0.8679020888729352
179.1166,127.915314,38.007764,7449.811872,75.526,-16.779,349.594,0.8679020888729352
179.1333,127.915295,38.007793,7448.3643768,75.377,-16.766,349.801,0.8679020888729352
179.15,127.915277,38.007823,7446.9168816,75.23,-16.751,350.007,0.8679020888729352
179.1666,127.915259,38.007852,7445.4690816,75.084,-16.736,350.213,0.8679020888729352
179.1833,127.915241,38.007882,7444.0215864,74.941,-16.72,350.418,0.8679020888729352
179.2,127.915223,38.007911,7442.5740912,74.799,-16.703,350.623,0.8679020888729352
179.2166,127.915206,38.007941,7441.126596,74.659,-16.684,350.827,0.8679020888729352
179.2333,127.915188,38.007971,7439.679100800001,74.521,-16.665,351.03,0.8679020888729352
179.25,127.91517,38.008,7438.231910400001,74.384,-16.645,351.234,0.8679020888729352
179.2666,127.915153,38.00803,7436.784720000001,74.249,-16.625,351.436,0.8679020888729352
179.2833,127.915136,38.00806,7435.3378344,74.115,-16.603,351.639,0.8679020888729352
179.3,127.915119,38.00809,7433.8912536,73.983,-16.581,351.84,0.8679020888729352
179.3166,127.915102,38.00812,7432.4449776,73.852,-16.558,352.042,0.8679020888729352
179.3333,127.915085,38.00815,7430.9987016000005,73.723,-16.534,352.243,0.8679020888729352
179.35,127.915069,38.00818,7429.5527304,73.595,-16.509,352.443,0.8679020888729352
179.3666,127.915052,38.00821,7428.107368800001,73.468,-16.483,352.644,0.8679020888729352
179.3833,127.915036,38.00824,7426.662312,73.343,-16.457,352.844,0.8679020888729352
179.4,127.91502,38.00827,7425.217560000001,73.218,-16.431,353.043,0.8679020888729352
179.4166,127.915004,38.0083,7423.7731128000005,73.095,-16.403,353.242,0.8679020888729352
179.4333,127.914988,38.008331,7422.3292752,72.974,-16.375,353.441,0.8679020888729352
179.45,127.914972,38.008361,7420.885742400001,72.853,-16.346,353.64,0.8679020888729352
179.4666,127.914956,38.008391,7419.4428192000005,72.734,-16.317,353.838,0.8679020888729352
179.4833,127.914941,38.008422,7418.000505600001,72.616,-16.287,354.036,0.8679020888729352
179.5,127.914925,38.008452,7416.558801600001,72.498,-16.256,354.234,0.8679020888729352
179.5166,127.91491,38.008483,7415.1174024,72.382,-16.225,354.431,0.8679020888729352
179.5333,127.914895,38.008513,7413.6769176,72.267,-16.193,354.629,0.8679020888729352
179.55,127.91488,38.008544,7412.236737600001,72.153,-16.161,354.825,0.8679020888729352
179.5666,127.914865,38.008575,7410.797472,72.041,-16.128,355.022,0.8679020888729352
179.5833,127.91485,38.008605,7409.358816,71.929,-16.094,355.219,0.8679020888729352
179.6,127.914836,38.008636,7407.9207696,71.818,-16.06,355.415,0.8679020888729352
179.6166,127.914821,38.008667,7406.4836376,71.708,-16.026,355.611,0.8679020888729352
179.6333,127.914807,38.008698,7405.047115200001,71.599,-15.991,355.806,0.8679020888729352
179.65,127.914793,38.008728,7403.6115072,71.491,-15.955,356.002,0.8679020888729352
179.6666,127.914779,38.008759,7402.1768136,71.385,-15.919,356.197,0.8679020888729352
179.6833,127.914765,38.00879,7400.7427296,71.279,-15.882,356.392,0.8679020888729352
179.7,127.914751,38.008821,7399.309560000001,71.174,-15.845,356.587,0.8679020888729352
179.7166,127.914738,38.008852,7397.8773048,71.07,-15.807,356.781,0.8679020888729352
179.7333,127.914724,38.008883,7396.4459640000005,70.967,-15.768,356.975,0.8679020888729352
179.75,127.914711,38.008914,7395.0155376,70.864,-15.73,357.169,0.8679020888729352
179.7666,127.914698,38.008946,7393.5863304,70.763,-15.69,357.363,0.8679020888729352
179.7833,127.914685,38.008977,7392.1577328,70.661,-15.65,357.557,0.8679020888729352
179.8,127.914672,38.009008,7390.730354400001,70.561,-15.61,357.75,0.8679020888729352
179.8166,127.914659,38.009039,7389.3038904000005,70.461,-15.569,357.943,0.8679020888729352
179.8333,127.914646,38.009071,7387.878645600001,70.362,-15.528,358.136,0.8679020888729352
179.85,127.914634,38.009102,7386.45462,70.263,-15.487,358.329,0.8679020888729352
179.8666,127.914622,38.009133,7385.031508800001,70.164,-15.445,358.522,0.8679020888729352
179.8833,127.914609,38.009165,7383.609312,70.066,-15.404,358.714,0.8679020888729352
179.9,127.914597,38.009196,7382.1886392,69.968,-15.361,358.907,0.8679020888729352
179.9166,127.914586,38.009228,7380.7688808,69.87,-15.319,359.099,0.8679020888729352
179.9333,127.914574,38.009259,7379.3506464,69.773,-15.276,359.291,0.8679020888729352
179.95,127.914562,38.009291,7377.9333264,69.676,-15.233,359.483,0.8679020888729352
179.9666,127.914551,38.009323,7376.5175304,69.58,-15.189,359.675,0.8679020888729352
179.9833,127.914539,38.009354,7375.102953600001,69.483,-15.146,359.867,0.8679020888729352
180.0,127.914528,38.009386,7373.689596,69.388,-15.102,0.059,0.8679020888729352
180.0166,127.914517,38.009418,7372.2777624,69.292,-15.058,0.25,0.8679020888729352
180.0333,127.914506,38.009449,7370.867148,69.197,-15.013,0.442,0.8679020888729352
180.05,127.914495,38.009481,7369.4577528,69.103,-14.968,0.633,0.8679020888729352
180.0666,127.914485,38.009513,7368.0498816,69.009,-14.923,0.824,0.8679020888729352
180.0833,127.914474,38.009545,7366.6432296,68.915,-14.878,1.015,0.8679020888729352
180.1,127.914464,38.009577,7365.238101600001,68.822,-14.832,1.206,0.8679020888729352
180.1166,127.914454,38.009609,7363.834497600001,68.73,-14.786,1.396,0.8679020888729352
180.1333,127.914444,38.009641,7362.4324176,68.638,-14.74,1.587,0.8679020888729352
180.15,127.914434,38.009673,7361.0315568000005,68.546,-14.694,1.777,0.8679020888729352
180.1666,127.914424,38.009705,7359.632524800001,68.455,-14.647,1.967,0.8679020888729352
180.1833,127.914414,38.009737,7358.234712,68.364,-14.6,2.157,0.8679020888729352
180.2,127.914405,38.009769,7356.838728000001,68.274,-14.553,2.346,0.8679020888729352
180.2166,127.914396,38.009801,7355.444268,68.184,-14.505,2.536,0.8679020888729352
180.2333,127.914386,38.009833,7354.0510272,68.095,-14.457,2.725,0.8679020888729352
180.25,127.914377,38.009865,7352.659920000001,68.006,-14.409,2.915,0.8679020888729352
180.2666,127.914368,38.009898,7351.270032,67.918,-14.361,3.104,0.8679020888729352
180.2833,127.91436,38.00993,7349.881972800001,67.83,-14.312,3.293,0.8679020888729352
180.3,127.914351,38.009962,7348.4954376000005,67.742,-14.263,3.482,0.8679020888729352
180.3166,127.914343,38.009995,7347.1107312,67.655,-14.214,3.67,0.8679020888729352
180.3333,127.914334,38.010027,7345.7278536,67.569,-14.164,3.859,0.8679020888729352
180.35,127.914326,38.010059,7344.346500000001,67.483,-14.115,4.047,0.8679020888729352
180.3666,127.914318,38.010092,7342.9669752,67.397,-14.065,4.235,0.8679020888729352
180.3833,127.91431,38.010124,7341.588974400001,67.312,-14.014,4.423,0.8679020888729352
180.4,127.914302,38.010157,7340.2131072,67.227,-13.964,4.611,0.8679020888729352
180.4166,127.914295,38.010189,7338.838764,67.143,-13.913,4.799,0.8679020888729352
180.4333,127.914287,38.010222,7337.4662496,67.059,-13.862,4.987,0.8679020888729352
180.45,127.91428,38.010254,7336.095868800001,66.975,-13.811,5.175,0.8679020888729352
180.4666,127.914273,38.010287,7334.727012,66.892,-13.759,5.362,0.8679020888729352
180.4833,127.914266,38.01032,7333.3602888,66.81,-13.707,5.549,0.8679020888729352
180.5,127.914259,38.010352,7331.9953944,66.728,-13.655,5.737,0.8679020888729352
180.5166,127.914252,38.010385,7330.632633600001,66.646,-13.603,5.924,0.8679020888729352
180.5333,127.914245,38.010418,7329.271396800001,66.565,-13.55,6.111,0.8679020888729352
180.55,127.914239,38.01045,7327.9122936,66.484,-13.498,6.298,0.8679020888729352
180.5666,127.914233,38.010483,7326.555324000001,66.404,-13.445,6.484,0.8679020888729352
180.5833,127.914227,38.010516,7325.2001832000005,66.324,-13.391,6.671,0.8679020888729352
180.6,127.914221,38.010549,7323.847176,66.245,-13.338,6.858,0.8679020888729352
180.6166,127.914215,38.010582,7322.495997600001,66.166,-13.284,7.044,0.8679020888729352
180.6333,127.914209,38.010615,7321.1472576,66.088,-13.23,7.23,0.8679020888729352
180.65,127.914203,38.010648,7319.8003464,66.01,-13.176,7.416,0.8679020888729352
180.6666,127.914198,38.010681,7318.455568800001,65.932,-13.122,7.603,0.8679020888729352
180.6833,127.914193,38.010713,7317.112924800001,65.855,-13.067,7.789,0.8679020888729352
180.7,127.914187,38.010746,7315.7724144,65.778,-13.012,7.975,0.8679020888729352
180.7166,127.914182,38.010779,7314.434037600001,65.702,-12.957,8.16,0.8679020888729352
180.7333,127.914178,38.010813,7313.0977944,65.626,-12.901,8.346,0.8679020888729352
180.75,127.914173,38.010846,7311.7639896,65.55,-12.846,8.532,0.8679020888729352
180.7666,127.914168,38.010879,7310.432013600001,65.475,-12.79,8.718,0.8679020888729352
180.7833,127.914164,38.010912,7309.1027808,65.4,-12.734,8.903,0.8679020888729352
180.8,127.91416,38.010945,7307.7753768,65.326,-12.677,9.089,0.8679020888729352
180.8166,127.914155,38.010978,7306.450716,65.252,-12.62,9.274,0.8679020888729352
180.8333,127.914151,38.011011,7305.128188799999,65.179,-12.564,9.459,0.8679020888729352
180.85,127.914148,38.011044,7303.8077952,65.106,-12.506,9.644,0.8679020888729352
180.8666,127.914144,38.011078,7302.48984,65.033,-12.449,9.83,0.8679020888729352
180.8833,127.91414,38.011111,7301.174628000001,64.961,-12.391,10.015,0.8679020888729352
180.9,127.914137,38.011144,7299.8615496,64.889,-12.334,10.2,0.8679020888729352
180.9166,127.914134,38.011177,7298.550604800001,64.818,-12.276,10.385,0.8679020888729352
180.9333,127.914131,38.011211,7297.2424032,64.747,-12.217,10.57,0.8679020888729352
180.95,127.914128,38.011244,7295.93664,64.676,-12.159,10.754,0.8679020888729352
180.9666,127.914125,38.011277,7294.6336200000005,64.606,-12.1,10.939,0.8679020888729352
180.9833,127.914122,38.011311,7293.332733600001,64.536,-12.041,11.124,0.8679020888729352
181.0,127.91412,38.011344,7292.0345904000005,64.466,-11.982,11.308,0.8679020888729352
181.0166,127.914117,38.011377,7290.7388856,64.397,-11.922,11.493,0.8679020888729352
181.0333,127.914115,38.011411,7289.445619200001,64.328,-11.863,11.677,0.8679020888729352
181.05,127.914113,38.011444,7288.155096,64.26,-11.803,11.861,0.8679020888729352
181.0666,127.914111,38.011478,7286.867316,64.192,-11.743,12.046,0.8679020888729352
181.0833,127.914109,38.011511,7285.581974400001,64.124,-11.682,12.23,0.8679020888729352
181.1,127.914108,38.011545,7284.299376,64.056,-11.622,12.414,0.8679020888729352
181.1166,127.914106,38.011578,7283.0195208,63.989,-11.561,12.598,0.8679020888729352
181.1333,127.914105,38.011612,7281.742104,63.922,-11.5,12.782,0.8679020888729352
181.15,127.914103,38.011645,7280.4677352,63.856,-11.439,12.965,0.8679020888729352
181.1666,127.914102,38.011679,7279.195804800001,63.789,-11.377,13.149,0.8679020888729352
181.1833,127.914101,38.011712,7277.9266176,63.723,-11.316,13.333,0.8679020888729352
181.2,127.914101,38.011746,7276.660478400001,63.658,-11.254,13.516,0.8679020888729352
181.2166,127.9141,38.011779,7275.397082400001,63.593,-11.192,13.7,0.8679020888729352
181.2333,127.9141,38.011813,7274.1364296,63.528,-11.13,13.883,0.8679020888729352
181.25,127.914099,38.011847,7272.878520000001,63.463,-11.067,14.066,0.8679020888729352
181.2666,127.914099,38.01188,7271.6233536,63.399,-11.005,14.249,0.8679020888729352
181.2833,127.914099,38.011914,7270.3712352,63.334,-10.942,14.433,0.8679020888729352
181.3,127.914099,38.011947,7269.122164800001,63.271,-10.879,14.615,0.8679020888729352
181.3166,127.914099,38.011981,7267.8758376000005,63.207,-10.815,14.798,0.8679020888729352
181.3333,127.9141,38.012015,7266.6322536,63.144,-10.752,14.981,0.8679020888729352
181.35,127.9141,38.012048,7265.3920224,63.081,-10.688,15.164,0.8679020888729352
181.3666,127.914101,38.012082,7264.1545344,63.018,-10.624,15.346,0.8679020888729352
181.3833,127.914102,38.012116,7262.9200944,62.956,-10.56,15.529,0.8679020888729352
181.4,127.914103,38.01215,7261.6887024,62.894,-10.496,15.711,0.8679020888729352
181.4166,127.914104,38.012183,7260.4600536,62.832,-10.431,15.894,0.8679020888729352
181.4333,127.914105,38.012217,7259.2347576,62.77,-10.367,16.076,0.8679020888729352
181.45,127.914107,38.012251,7258.0125096,62.709,-10.302,16.258,0.8679020888729352
181.4666,127.914108,38.012284,7256.793309600001,62.648,-10.237,16.44,0.8679020888729352
181.4833,127.91411,38.012318,7255.5771576,62.587,-10.172,16.622,0.8679020888729352
181.5,127.914112,38.012352,7254.3643584,62.526,-10.106,16.803,0.8679020888729352
181.5166,127.914114,38.012386,7253.1543024,62.466,-10.04,16.985,0.8679020888729352
181.5333,127.914116,38.012419,7251.9475992,62.406,-9.975,17.167,0.8679020888729352
181.55,127.914118,38.012453,7250.7442488,62.346,-9.909,17.348,0.8679020888729352
181.5666,127.914121,38.012487,7249.543946400001,62.286,-9.842,17.53,0.8679020888729352
181.5833,127.914123,38.012521,7248.346996800001,62.227,-9.776,17.711,0.8679020888729352
181.6,127.914126,38.012554,7247.1530952,62.168,-9.709,17.892,0.8679020888729352
181.6166,127.914129,38.012588,7245.962546400001,62.109,-9.643,18.073,0.8679020888729352
181.6333,127.914132,38.012622,7244.7753504,62.051,-9.576,18.254,0.8679020888729352
181.65,127.914135,38.012656,7243.5915072,61.992,-9.508,18.435,0.8679020888729352
181.6666,127.914139,38.01269,7242.410712,61.934,-9.441,18.616,0.8679020888729352
181.6833,127.914142,38.012723,7241.233574400001,61.876,-9.374,18.796,0.8679020888729352
181.7,127.914146,38.012757,7240.0594848,61.819,-9.306,18.977,0.8679020888729352
181.7166,127.91415,38.012791,7238.8890528,61.761,-9.238,19.158,0.8679020888729352
181.7333,127.914153,38.012825,7237.721973600001,61.704,-9.17,19.338,0.8679020888729352
181.75,127.914158,38.012859,7236.557942400001,61.647,-9.102,19.518,0.8679020888729352
181.7666,127.914162,38.012892,7235.397873600001,61.59,-9.033,19.698,0.8679020888729352
181.7833,127.914166,38.012926,7234.2408528,61.533,-8.965,19.878,0.8679020888729352
181.8,127.914171,38.01296,7233.0874896000005,61.477,-8.896,20.058,0.8679020888729352
181.8166,127.914175,38.012994,7231.937479200001,61.421,-8.827,20.238,0.8679020888729352
181.8333,127.91418,38.013028,7230.7911264,61.365,-8.758,20.418,0.8679020888729352
181.85,127.914185,38.013061,7229.6481264,61.31,-8.688,20.598,0.8679020888729352
181.8666,127.91419,38.013095,7228.508784000001,61.254,-8.619,20.777,0.8679020888729352
181.8833,127.914195,38.013129,7227.3730992,61.199,-8.549,20.956,0.8679020888729352
181.9,127.914201,38.013163,7226.241072,61.144,-8.479,21.136,0.8679020888729352
181.9166,127.914206,38.013197,7225.112397600001,61.089,-8.409,21.315,0.8679020888729352
181.9333,127.914212,38.01323,7223.9873808,61.035,-8.339,21.494,0.8679020888729352
181.95,127.914218,38.013264,7222.8660216,60.98,-8.269,21.673,0.8679020888729352
181.9666,127.914224,38.013298,7221.748320000001,60.926,-8.198,21.852,0.8679020888729352
181.9833,127.91423,38.013332,7220.634276,60.872,-8.127,22.031,0.8679020888729352
182.0,127.914236,38.013365,7219.5238896,60.818,-8.057,22.21,0.8679020888729352
182.0166,127.914242,38.013399,7218.417160800001,60.765,-7.986,22.388,0.8679020888729352
182.0333,127.914249,38.013433,7217.3143944,60.712,-7.914,22.567,0.8679020888729352
182.05,127.914256,38.013467,7216.2149808,60.659,-7.843,22.745,0.8679020888729352
182.0666,127.914262,38.0135,7215.1195296,60.606,-7.771,22.923,0.8679020888729352
182.0833,127.914269,38.013534,7214.028040800001,60.553,-7.7,23.102,0.8679020888729352
182.1,127.914277,38.013568,7212.9402096,60.501,-7.628,23.28,0.8679020888729352
182.1166,127.914284,38.013602,7211.856036,60.449,-7.556,23.458,0.8679020888729352
182.1333,127.914291,38.013635,7210.775824800001,60.397,-7.484,23.636,0.8679020888729352
182.15,127.914299,38.013669,7209.699576,60.345,-7.411,23.813,0.8679020888729352
182.1666,127.914306,38.013703,7208.6269848,60.294,-7.339,23.991,0.8679020888729352
182.1833,127.914314,38.013736,7207.5583560000005,60.242,-7.266,24.169,0.8679020888729352
182.2,127.914322,38.01377,7206.4933848,60.191,-7.193,24.346,0.8679020888729352
182.2166,127.91433,38.013804,7205.4326808000005,60.14,-7.12,24.523,0.8679020888729352
182.2333,127.914339,38.013837,7204.3759392,60.089,-7.047,24.701,0.8679020888729352
182.25,127.914347,38.013871,7203.322855200001,60.039,-6.973,24.878,0.8679020888729352
182.2666,127.914356,38.013905,7202.273733600001,59.989,-6.9,25.055,0.8679020888729352
182.2833,127.914364,38.013938,7201.228879200001,59.938,-6.826,25.232,0.8679020888729352
182.3,127.914373,38.013972,7200.187987200001,59.889,-6.752,25.409,0.8679020888729352
182.3166,127.914382,38.014006,7199.1507528,59.839,-6.678,25.585,0.8679020888729352
182.3333,127.914391,38.014039,7198.1177856,59.789,-6.604,25.762,0.8679020888729352
182.35,127.914401,38.014073,7197.0890856000005,59.74,-6.53,25.939,0.8679020888729352
182.3666,127.91441,38.014106,7196.0640432,59.691,-6.455,26.115,0.8679020888729352
182.3833,127.91442,38.01414,7195.0435728,59.642,-6.381,26.291,0.8679020888729352
182.4,127.914429,38.014173,7194.026760000001,59.593,-6.306,26.467,0.8679020888729352
182.4166,127.914439,38.014207,7193.0142144,59.544,-6.231,26.644,0.8679020888729352
182.4333,127.914449,38.01424,7192.0059360000005,59.496,-6.156,26.82,0.8679020888729352
182.45,127.914459,38.014274,7191.001620000001,59.448,-6.081,26.996,0.8679020888729352
182.4666,127.914469,38.014307,7190.0015712,59.4,-6.005,27.171,0.8679020888729352
182.4833,127.91448,38.014341,7189.0057896,59.352,-5.93,27.347,0.8679020888729352
182.5,127.91449,38.014374,7188.013970400001,59.305,-5.854,27.523,0.8679020888729352
182.5166,127.914501,38.014408,7187.026418400001,59.257,-5.778,27.698,0.8679020888729352
182.5333,127.914512,38.014441,7186.043133600001,59.21,-5.702,27.874,0.8679020888729352
182.55,127.914523,38.014474,7185.064116,59.163,-5.626,28.049,0.8679020888729352
182.5666,127.914534,38.014508,7184.089365600001,59.116,-5.549,28.224,0.8679020888729352
182.5833,127.914545,38.014541,7183.1188824,59.07,-5.473,28.399,0.8679020888729352
182.6,127.914557,38.014574,7182.1529712,59.023,-5.396,28.574,0.8679020888729352
182.6166,127.914568,38.014608,7181.1910224,58.977,-5.32,28.749,0.8679020888729352
182.6333,127.91458,38.014641,7180.2333408,58.931,-5.243,28.924,0.8679020888729352
182.65,127.914592,38.014674,7179.2802312,58.885,-5.166,29.099,0.8679020888729352
182.6666,127.914604,38.014708,7178.3313888,58.839,-5.088,29.273,0.8679020888729352
182.6833,127.914616,38.014741,7177.3871184,58.794,-5.011,29.448,0.8679020888729352
182.7,127.914628,38.014774,7176.446810400001,58.749,-4.933,29.622,0.8679020888729352
182.7166,127.91464,38.014807,7175.511379200001,58.704,-4.856,29.797,0.8679020888729352
182.7333,127.914653,38.01484,7174.580215200001,58.659,-4.778,29.971,0.8679020888729352
182.75,127.914666,38.014874,7173.6533184,58.614,-4.7,30.145,0.8679020888729352
182.7666,127.914678,38.014907,7172.7309936,58.57,-4.622,30.319,0.8679020888729352
182.7833,127.914691,38.01494,7171.812936,58.525,-4.544,30.493,0.8679020888729352
182.8,127.914704,38.014973,7170.8997552,58.481,-4.465,30.667,0.8679020888729352
182.8166,127.914718,38.015006,7169.990841600001,58.437,-4.387,30.84,0.8679020888729352
182.8333,127.914731,38.015039,7169.0865,58.393,-4.308,31.014,0.8679020888729352
182.85,127.914744,38.015072,7168.1867304,58.35,-4.229,31.187,0.8679020888729352
182.8666,127.914758,38.015105,7167.291228000001,58.306,-4.15,31.361,0.8679020888729352
182.8833,127.914772,38.015138,7166.4006024,58.263,-4.071,31.534,0.8679020888729352
182.9,127.914786,38.015171,7165.514244,58.22,-3.992,31.707,0.8679020888729352
182.9166,127.9148,38.015204,7164.6327624000005,58.177,-3.913,31.881,0.8679020888729352
182.9333,127.914814,38.015236,7163.7558528,58.135,-3.833,32.054,0.8679020888729352
182.95,127.914828,38.015269,7162.883515200001,58.093,-3.754,32.227,0.8679020888729352
182.9666,127.914843,38.015302,7162.0157496,58.051,-3.674,32.399,0.8679020888729352
182.9833,127.914857,38.015335,7161.152556000001,58.009,-3.594,32.572,0.8679020888729352
183.0,127.914872,38.015368,7160.2942391999995,57.967,-3.514,32.745,0.8679020888729352
183.0166,127.914887,38.0154,7159.4404944,57.926,-3.434,32.917,0.8679020888729352
183.0333,127.914902,38.015433,7158.5913216,57.885,-3.354,33.09,0.8679020888729352
183.05,127.914917,38.015466,7157.7470256,57.844,-3.273,33.262,0.8679020888729352
183.0666,127.914932,38.015498,7156.907301600001,57.804,-3.193,33.435,0.8679020888729352
183.0833,127.914948,38.015531,7156.0724544,57.764,-3.112,33.607,0.8679020888729352
183.1,127.914963,38.015564,7155.2421792000005,57.724,-3.031,33.779,0.8679020888729352
183.1166,127.914979,38.015596,7154.4167808,57.685,-2.95,33.951,0.8679020888729352
183.1333,127.914995,38.015629,7153.595954400001,57.646,-2.87,34.124,0.8679020888729352
183.15,127.915011,38.015661,7152.780309600001,57.608,-2.789,34.296,0.8679020888729352
183.1666,127.915027,38.015694,7151.968932000001,57.571,-2.707,34.468,0.8679020888729352
183.1833,127.915043,38.015726,7151.162736,57.534,-2.626,34.64,0.8679020888729352
183.2,127.915059,38.015758,7150.361112,57.497,-2.545,34.811,0.8679020888729352
183.2166,127.915076,38.015791,7149.5646696,57.461,-2.464,34.983,0.8679020888729352
183.2333,127.915093,38.015823,7148.7724944,57.427,-2.382,35.155,0.8679020888729352
183.25,127.915109,38.015855,7147.9855008,57.393,-2.301,35.327,0.8679020888729352
183.2666,127.915126,38.015888,7147.203384000001,57.36,-2.219,35.498,0.8679020888729352
183.2833,127.915143,38.01592,7146.4258392,57.328,-2.138,35.67,0.8679020888729352
183.3,127.91516,38.015952,7145.653476,57.298,-2.056,35.842,0.8679020888729352
183.3166,127.915178,38.015984,7144.8859896,57.268,-1.975,36.013,0.8679020888729352
183.3333,127.915195,38.016016,7144.1230752,57.24,-1.893,36.185,0.8679020888729352
183.35,127.915213,38.016048,7143.3650376000005,57.214,-1.812,36.357,0.8679020888729352
183.3666,127.91523,38.01608,7142.611876800001,57.19,-1.73,36.528,0.8679020888729352
183.3833,127.915248,38.016112,7141.863897600001,57.168,-1.649,36.7,0.8679020888729352
183.4,127.915266,38.016144,7141.120490400001,57.147,-1.568,36.872,0.8679020888729352
183.4166,127.915284,38.016176,7140.3822648000005,57.128,-1.486,37.044,0.8679020888729352
183.4333,127.915302,38.016208,7139.6483064,57.113,-1.405,37.215,0.8679020888729352
183.45,127.91532,38.01624,7138.9195296,57.102,-1.325,37.387,0.8679020888729352
183.4666,127.915339,38.016272,7138.1956296,57.094,-1.244,37.56,0.8679020888729352
183.4833,127.915357,38.016304,7137.4766064000005,57.089,-1.164,37.732,0.8679020888729352
183.5,127.915376,38.016335,7136.762155200001,57.088,-1.083,37.904,0.8679020888729352
183.5166,127.915395,38.016367,7136.0528856,57.09,-1.003,38.076,0.8679020888729352
183.5333,127.915414,38.016399,7135.348492800001,57.095,-0.923,38.249,0.8679020888729352
183.55,127.915433,38.01643,7134.648672,57.105,-0.844,38.421,0.8679020888729352
183.5666,127.915452,38.016462,7133.9540328,57.117,-0.764,38.594,0.8679020888729352
183.5833,127.915471,38.016494,7133.263965600001,57.133,-0.685,38.766,0.8679020888729352
183.6,127.915491,38.016525,7132.5790799999995,57.151,-0.606,38.939,0.8679020888729352
183.6166,127.91551,38.016557,7131.8990712,57.172,-0.527,39.111,0.8679020888729352
183.6333,127.91553,38.016588,7131.224244,57.194,-0.448,39.283,0.8679020888729352
183.65,127.91555,38.016619,7130.5539888,57.217,-0.369,39.455,0.8679020888729352
183.6666,127.91557,38.016651,7129.888915200001,57.241,-0.29,39.627,0.8679020888729352
183.6833,127.91559,38.016682,7129.2290232000005,57.265,-0.211,39.799,0.8679020888729352
183.7,127.91561,38.016713,7128.5737032,57.29,-0.132,39.971,0.8679020888729352
183.7166,127.91563,38.016744,7127.9235648,57.315,-0.054,40.143,0.8679020888729352
183.7333,127.915651,38.016775,7127.2789128,57.339,0.024,40.315,0.8679020888729352
183.75,127.915671,38.016807,7126.6388328,57.362,0.103,40.486,0.8679020888729352
183.7666,127.915692,38.016838,7126.0039344,57.383,0.181,40.658,0.8679020888729352
183.7833,127.915713,38.016869,7125.3742176000005,57.403,0.26,40.829,0.8679020888729352
183.8,127.915734,38.0169,7124.7493776,57.422,0.338,41.001,0.8679020888729352
183.8166,127.915755,38.016931,7124.1294144,57.44,0.416,41.172,0.8679020888729352
183.8333,127.915776,38.016961,7123.514937600001,57.455,0.494,41.343,0.8679020888729352
183.85,127.915797,38.016992,7122.905642400001,57.467,0.573,41.515,0.8679020888729352
183.8666,127.915819,38.017023,7122.301224000001,57.477,0.651,41.686,0.8679020888729352
183.8833,127.91584,38.017054,7121.701987200001,57.485,0.729,41.857,0.8679020888729352
183.9,127.915862,38.017084,7121.1076272,57.491,0.807,42.028,0.8679020888729352
183.9166,127.915884,38.017115,7120.5184488,57.495,0.886,42.2,0.8679020888729352
183.9333,127.915906,38.017146,7119.934756800001,57.495,0.964,42.371,0.8679020888729352
183.95,127.915928,38.017176,7119.355941600001,57.493,1.042,42.542,0.8679020888729352
183.9666,127.91595,38.017207,7118.782308,57.488,1.12,42.713,0.8679020888729352
183.9833,127.915972,38.017237,7118.213856,57.48,1.199,42.884,0.8679020888729352
184.0,127.915995,38.017267,7117.6502808000005,57.47,1.277,43.055,0.8679020888729352
184.0166,127.916017,38.017298,7117.092192000001,57.458,1.356,43.226,0.8679020888729352
184.0333,127.91604,38.017328,7116.53898,57.443,1.434,43.397,0.8679020888729352
184.05,127.916063,38.017358,7115.9912544,57.426,1.513,43.568,0.8679020888729352
184.0666,127.916086,38.017388,7115.448405600001,57.406,1.591,43.739,0.8679020888729352
184.0833,127.916109,38.017418,7114.9110432,57.384,1.67,43.91,0.8679020888729352
184.1,127.916132,38.017448,7114.3785576,57.36,1.749,44.081,0.8679020888729352
184.1166,127.916155,38.017478,7113.8512536,57.335,1.828,44.252,0.8679020888729352
184.1333,127.916179,38.017508,7113.3291312,57.308,1.907,44.423,0.8679020888729352
184.15,127.916202,38.017538,7112.8121904,57.28,1.986,44.594,0.8679020888729352
184.1666,127.916226,38.017568,7112.3004312,57.25,2.065,44.765,0.8679020888729352
184.1833,127.916249,38.017598,7111.7938536,57.22,2.144,44.936,0.8679020888729352
184.2,127.916273,38.017628,7111.2924576,57.188,2.224,45.107,0.8679020888729352
184.2166,127.916297,38.017657,7110.7962431999995,57.156,2.303,45.278,0.8679020888729352
184.2333,127.916321,38.017687,7110.305210400001,57.124,2.383,45.449,0.8679020888729352
184.25,127.916346,38.017717,7109.819664000001,57.091,2.462,45.62,0.8679020888729352
184.2666,127.91637,38.017746,7109.3389944,57.059,2.542,45.791,0.8679020888729352
184.2833,127.916394,38.017775,7108.863506400001,57.026,2.621,45.962,0.8679020888729352
184.3,127.916419,38.017805,7108.3932,56.994,2.701,46.133,0.8679020888729352
184.3166,127.916444,38.017834,7107.9280751999995,56.962,2.781,46.303,0.8679020888729352
184.3333,127.916468,38.017863,7107.468132,56.932,2.86,46.474,0.8679020888729352
184.35,127.916493,38.017893,7107.013370400001,56.902,2.94,46.645,0.8679020888729352
184.3666,127.916518,38.017922,7106.5637904000005,56.875,3.02,46.816,0.8679020888729352
184.3833,127.916543,38.017951,7106.1196968,56.849,3.099,46.987,0.8679020888729352
184.4,127.916569,38.01798,7105.68048,56.824,3.179,47.158,0.8679020888729352
184.4166,127.916594,38.018009,7105.2464448,56.8,3.259,47.329,0.8679020888729352
184.4333,127.91662,38.018038,7104.817591200001,56.781,3.338,47.5,0.8679020888729352
184.45,127.916645,38.018067,7104.393614400001,56.766,3.418,47.672,0.8679020888729352
184.4666,127.916671,38.018096,7103.974819200001,56.756,3.496,47.843,0.8679020888729352
184.4833,127.916697,38.018124,7103.561205600001,56.749,3.575,48.015,0.8679020888729352
184.5,127.916722,38.018153,7103.152773600001,56.746,3.654,48.187,0.8679020888729352
184.5166,127.916748,38.018182,7102.7495232,56.746,3.733,48.358,0.8679020888729352
184.5333,127.916775,38.01821,7102.351759200001,56.747,3.812,48.53,0.8679020888729352
184.55,127.916801,38.018239,7101.9591768,56.747,3.891,48.701,0.8679020888729352
184.5666,127.916827,38.018267,7101.572080800001,56.748,3.97,48.871,0.8679020888729352
184.5833,127.916854,38.018296,7101.1901664,56.749,4.05,49.041,0.8679020888729352
184.6,127.91688,38.018324,7100.813738400001,56.75,4.13,49.211,0.8679020888729352
184.6166,127.916907,38.018352,7100.442492000001,56.75,4.21,49.381,0.8679020888729352
184.6333,127.916934,38.018381,7100.076732,56.748,4.29,49.551,0.8679020888729352
184.65,127.916961,38.018409,7099.7164584,56.743,4.371,49.72,0.8679020888729352
184.6666,127.916988,38.018437,7099.3616712,56.735,4.453,49.888,0.8679020888729352
184.6833,127.917015,38.018465,7099.012370400001,56.725,4.534,50.056,0.8679020888729352
184.7,127.917042,38.018493,7098.668251200001,56.712,4.616,50.224,0.8679020888729352
184.7166,127.917069,38.018521,7098.329923200001,56.697,4.699,50.392,0.8679020888729352
184.7333,127.917097,38.018548,7097.9970816000005,56.68,4.784,50.558,0.8679020888729352
184.75,127.917124,38.018576,7097.6697264,56.661,4.871,50.722,0.8679020888729352
184.7666,127.917152,38.018604,7097.3478576,56.64,4.96,50.885,0.8679020888729352
184.7833,127.91718,38.018631,7097.0314751999995,56.616,5.051,51.047,0.8679020888729352
184.8,127.917208,38.018659,7096.7205792,56.588,5.143,51.209,0.8679020888729352
184.8166,127.917236,38.018686,7096.415474400001,56.556,5.235,51.369,0.8679020888729352
184.8333,127.917264,38.018714,7096.116465600001,56.516,5.33,51.529,0.8679020888729352
184.85,127.917292,38.018741,7095.8229432,56.468,5.426,51.688,0.8679020888729352
184.8666,127.91732,38.018768,7095.5355168,56.412,5.523,51.846,0.8679020888729352
184.8833,127.917349,38.018796,7095.2535768,56.349,5.621,52.003,0.8679020888729352
184.9,127.917377,38.018823,7094.977428,56.278,5.72,52.16,0.8679020888729352
184.9166,127.917406,38.01885,7094.707070400001,56.2,5.819,52.317,0.8679020888729352
184.9333,127.917435,38.018877,7094.4431136,56.111,5.919,52.474,0.8679020888729352
184.95,127.917463,38.018904,7094.184948,56.011,6.021,52.63,0.8679020888729352
184.9666,127.917492,38.018931,7093.932573600001,55.902,6.122,52.786,0.8679020888729352
184.9833,127.917522,38.018957,7093.6862952,55.784,6.225,52.941,0.8679020888729352
185.0,127.917551,38.018984,7093.445808,55.658,6.328,53.096,0.8679020888729352
185.0166,127.91758,38.019011,7093.2114168,55.523,6.431,53.251,0.8679020888729352
185.0333,127.917609,38.019037,7092.9837312,55.378,6.536,53.406,0.8679020888729352
185.05,127.917639,38.019064,7092.761532,55.222,6.641,53.56,0.8679020888729352
185.0666,127.917668,38.01909,7092.546038400001,55.056,6.747,53.714,0.8679020888729352
185.0833,127.917698,38.019116,7092.336336,54.882,6.854,53.868,0.8679020888729352
185.1,127.917728,38.019143,7092.1330344,54.699,6.962,54.021,0.8679020888729352
185.1166,127.917758,38.019169,7091.936133600001,54.509,7.07,54.174,0.8679020888729352
185.1333,127.917788,38.019195,7091.7456336000005,54.308,7.18,54.327,0.8679020888729352
185.15,127.917818,38.019221,7091.5615344,54.097,7.29,54.478,0.8679020888729352
185.1666,127.917848,38.019247,7091.384140800001,53.876,7.402,54.629,0.8679020888729352
185.1833,127.917878,38.019273,7091.2128432,53.647,7.514,54.78,0.8679020888729352
185.2,127.917909,38.019299,7091.048251200001,53.41,7.628,54.93,0.8679020888729352
185.2166,127.917939,38.019324,7090.890060000001,53.166,7.742,55.08,0.8679020888729352
185.2333,127.91797,38.01935,7090.739184000001,52.911,7.858,55.229,0.8679020888729352
185.25,127.918,38.019376,7090.5950136,52.645,7.975,55.376,0.8679020888729352
185.2666,127.918031,38.019401,7090.4575488,52.37,8.093,55.523,0.8679020888729352
185.2833,127.918062,38.019426,7090.3270944000005,52.085,8.213,55.669,0.8679020888729352
185.3,127.918093,38.019452,7090.203650400001,51.792,8.334,55.814,0.8679020888729352
185.3166,127.918124,38.019477,7090.086912,51.493,8.456,55.959,0.8679020888729352
185.3333,127.918155,38.019502,7089.9777936,51.18,8.58,56.102,0.8679020888729352
185.35,127.918187,38.019527,7089.8759904,50.856,8.705,56.244,0.8679020888729352
185.3666,127.918218,38.019552,7089.7815024,50.521,8.832,56.384,0.8679020888729352
185.3833,127.918249,38.019577,7089.6943296,50.177,8.961,56.524,0.8679020888729352
185.4,127.918281,38.019602,7089.614472,49.823,9.091,56.662,0.8679020888729352
185.4166,127.918312,38.019627,7089.5419296,49.462,9.222,56.8,0.8679020888729352
185.4333,127.918344,38.019652,7089.4779216,49.08,9.356,56.935,0.8679020888729352
185.45,127.918376,38.019676,7089.4221431999995,48.677,9.493,57.068,0.8679020888729352
185.4666,127.918408,38.019701,7089.3745944,48.255,9.632,57.199,0.8679020888729352
185.4833,127.91844,38.019725,7089.3352752,47.816,9.773,57.329,0.8679020888729352
185.5,127.918472,38.01975,7089.3041856,47.361,9.915,57.456,0.8679020888729352
185.5166,127.918504,38.019774,7089.2813256,46.892,10.06,57.582,0.8679020888729352
185.5333,127.918536,38.019798,7089.2657808,46.427,10.199,57.702,0.8679020888729352
185.55,127.918569,38.019822,7089.2575512,45.968,10.331,57.812,0.8679020888729352
185.5666,127.918601,38.019846,7089.256332000001,45.514,10.454,57.914,0.8679020888729352
185.5833,127.918633,38.01987,7089.262732800001,45.066,10.572,58.008,0.8679020888729352
185.6,127.918666,38.019894,7089.2764488,44.625,10.686,58.095,0.8679020888729352
185.6166,127.918698,38.019918,7089.2977848,44.19,10.797,58.177,0.8679020888729352
185.6333,127.918731,38.019942,7089.3270456,43.713,10.902,58.244,0.8679020888729352
185.65,127.918764,38.019966,7089.364536,43.194,10.995,58.292,0.8679020888729352
185.6666,127.918797,38.019989,7089.410560800001,42.631,11.071,58.315,0.8679020888729352
185.6833,127.91883,38.020013,7089.465424800001,42.025,11.129,58.315,0.8679020888729352
185.7,127.918863,38.020037,7089.529737600001,41.377,11.17,58.294,0.8679020888729352
185.7166,127.918896,38.02006,7089.6034992,40.687,11.198,58.257,0.8679020888729352
185.7333,127.918929,38.020083,7089.6870144,39.956,11.211,58.204,0.8679020888729352
185.75,127.918962,38.020107,7089.7805880000005,39.186,11.213,58.137,0.8679020888729352
185.7666,127.918995,38.02013,7089.883610400001,38.376,11.204,58.059,0.8679020888729352
185.7833,127.919028,38.020153,7089.9963864,37.529,11.187,57.972,0.8679020888729352
185.8,127.919062,38.020176,7090.118915999999,36.645,11.163,57.878,0.8679020888729352
185.8166,127.919095,38.020199,7090.2508944,35.725,11.133,57.777,0.8679020888729352
185.8333,127.919129,38.020222,7090.3914072,34.775,11.097,57.672,0.8679020888729352
185.85,127.919162,38.020245,7090.541064,33.798,11.057,57.564,0.8679020888729352
185.8666,127.919196,38.020267,7090.6992552,32.796,11.012,57.453,0.8679020888729352
185.8833,127.919229,38.02029,7090.8662856,31.772,10.964,57.341,0.8679020888729352
185.9,127.919263,38.020313,7091.0415456,30.726,10.914,57.227,0.8679020888729352
185.9166,127.919297,38.020336,7091.2247304,29.66,10.86,57.113,0.8679020888729352
185.9333,127.919331,38.020358,7091.417668800001,28.561,10.805,56.996,0.8679020888729352
185.95,127.919364,38.020381,7091.619751200001,27.429,10.748,56.879,0.8679020888729352
185.9666,127.919398,38.020403,7091.830368,26.263,10.69,56.759,0.8679020888729352
185.9833,127.919432,38.020426,7092.049824000001,25.063,10.63,56.639,0.8679020888729352
186.0,127.919466,38.020448,7092.2778144,23.832,10.569,56.518,0.8679020888729352
186.0166,127.9195,38.02047,7092.5140344,22.57,10.506,56.398,0.8679020888729352
186.0333,127.919534,38.020493,7092.7590936,21.274,10.443,56.277,0.8679020888729352
186.05,127.919568,38.020515,7093.0123824,19.945,10.38,56.157,0.8679020888729352
186.0666,127.919602,38.020537,7093.273900800001,18.583,10.316,56.038,0.8679020888729352
186.0833,127.919636,38.020559,7093.5436488000005,17.186,10.252,55.919,0.8679020888729352
186.1,127.91967,38.020582,7093.8213216,15.756,10.187,55.802,0.8679020888729352
186.1166,127.919704,38.020604,7094.1069192,14.293,10.123,55.685,0.8679020888729352
186.1333,127.919739,38.020626,7094.400136800001,12.796,10.058,55.57,0.8679020888729352
186.15,127.919773,38.020648,7094.700974400001,11.265,9.994,55.455,0.8679020888729352
186.1666,127.919807,38.02067,7095.0091272,9.701,9.929,55.342,0.8679020888729352
186.1833,127.919841,38.020692,7095.324595200001,8.104,9.864,55.231,0.8679020888729352
186.2,127.919875,38.020714,7095.647378400001,6.474,9.799,55.12,0.8679020888729352
186.2166,127.919909,38.020736,7095.9768672,4.81,9.734,55.012,0.8679020888729352
186.2333,127.919944,38.020758,7096.3133664,3.113,9.669,54.904,0.8679020888729352
186.25,127.919978,38.02078,7096.6562664,1.383,9.603,54.798,0.8679020888729352
186.2666,127.920012,38.020802,7097.005872,-0.378,9.537,54.694,0.8679020888729352
186.2833,127.920046,38.020824,7097.3612688,-2.173,9.471,54.591,0.8679020888729352
186.3,127.920081,38.020846,7097.7230664,-4.0,9.404,54.489,0.8679020888729352
186.3166,127.920115,38.020868,7098.090350400001,-5.857,9.337,54.389,0.8679020888729352
186.3333,127.920149,38.020891,7098.4634256,-7.746,9.269,54.29,0.8679020888729352
186.35,127.920183,38.020913,7098.8419872,-9.665,9.2,54.194,0.8679020888729352
186.3666,127.920217,38.020935,7099.2257304,-11.615,9.13,54.099,0.8679020888729352
186.3833,127.920252,38.020957,7099.6143504,-13.593,9.059,54.006,0.8679020888729352
186.4,127.920286,38.020979,7100.007542400001,-15.601,8.988,53.915,0.8679020888729352
186.4166,127.92032,38.021001,7100.405611200001,-17.638,8.916,53.827,0.8679020888729352
186.4333,127.920354,38.021023,7100.807642400001,-19.703,8.843,53.742,0.8679020888729352
186.45,127.920388,38.021045,7101.2139408,-21.796,8.769,53.659,0.8679020888729352
186.4666,127.920422,38.021067,7101.623896800001,-23.916,8.694,53.579,0.8679020888729352
186.4833,127.920457,38.021089,7102.0375104,-26.064,8.619,53.503,0.8679020888729352
186.5,127.920491,38.021111,7102.4544768000005,-28.237,8.544,53.43,0.8679020888729352
186.5166,127.920525,38.021133,7102.8741864,-30.437,8.468,53.361,0.8679020888729352
186.5333,127.920559,38.021155,7103.2972488000005,-32.662,8.392,53.295,0.8679020888729352
186.55,127.920593,38.021178,7103.7227496000005,-34.91,8.316,53.233,0.8679020888729352
186.5666,127.920627,38.0212,7104.1503840000005,-37.182,8.24,53.175,0.8679020888729352
186.5833,127.920661,38.021222,7104.580456800001,-39.476,8.164,53.12,0.8679020888729352
186.6,127.920695,38.021244,7105.0123584,-41.792,8.087,53.069,0.8679020888729352
186.6166,127.920729,38.021266,7105.4457840000005,-44.128,8.011,53.021,0.8679020888729352
186.6333,127.920763,38.021289,7105.880733600001,-46.487,7.941,52.972,0.8679020888729352
186.65,127.920797,38.021311,7106.3169024,-48.867,7.878,52.917,0.8679020888729352
186.6666,127.920831,38.021333,7106.7539856,-51.27,7.822,52.857,0.8679020888729352
186.6833,127.920865,38.021356,7107.1919832,-53.693,7.77,52.793,0.8679020888729352
186.7,127.920899,38.021378,7107.6305904,-56.138,7.722,52.727,0.8679020888729352
186.7166,127.920932,38.021401,7108.0695024,-58.602,7.677,52.66,0.8679020888729352
186.7333,127.920966,38.021423,7108.5084144,-61.085,7.637,52.583,0.8679020888729352
186.75,127.921,38.021445,7108.947631200001,-63.589,7.607,52.492,0.8679020888729352
186.7666,127.921034,38.021468,7109.3865432,-66.111,7.584,52.384,0.8679020888729352
186.7833,127.921068,38.02149,7109.8248456,-68.648,7.566,52.261,0.8679020888729352
186.8,127.921101,38.021513,7110.262538400001,-71.198,7.552,52.128,0.8679020888729352
186.8166,127.921135,38.021536,7110.6996216,-73.759,7.539,51.985,0.8679020888729352
186.8333,127.921169,38.021558,7111.134876,-76.276,7.533,51.827,0.8679020888729352
186.85,127.921203,38.021581,7111.568911200001,-78.748,7.536,51.646,0.8679020888729352
186.8666,127.921236,38.021603,7112.001422400001,-81.177,7.542,51.442,0.8679020888729352
186.8833,127.92127,38.021626,7112.4318,-83.564,7.549,51.221,0.8679020888729352
186.9,127.921304,38.021649,7112.8606536,-85.908,7.554,50.983,0.8679020888729352
186.9166,127.921337,38.021671,7113.287678400001,-88.213,7.554,50.732,0.8679020888729352
186.9333,127.921371,38.021694,7113.7122648,-90.401,7.556,50.46,0.8679020888729352
186.95,127.921405,38.021717,7114.1347176,-92.479,7.558,50.16,0.8679020888729352
186.9666,127.921438,38.02174,7114.555646400001,-94.451,7.554,49.829,0.8679020888729352
186.9833,127.921472,38.021763,7114.9744416,-96.326,7.542,49.471,0.8679020888729352
187.0,127.921506,38.021785,7115.3911032,-98.11,7.519,49.088,0.8679020888729352
187.0166,127.921539,38.021808,7115.8062408000005,-99.809,7.483,48.685,0.8679020888729352
187.0333,127.921573,38.021831,7116.2192448000005,-101.387,7.435,48.253,0.8679020888729352
187.05,127.921607,38.021854,7116.63042,-102.845,7.373,47.796,0.8679020888729352
187.0666,127.921641,38.021877,7117.0397664,-104.19,7.298,47.32,0.8679020888729352
187.0833,127.921674,38.0219,7117.4475888,-105.432,7.208,46.83,0.8679020888729352
187.1,127.921708,38.021923,7117.8532776,-106.58,7.103,46.332,0.8679020888729352
187.1166,127.921742,38.021946,7118.2562232,-107.643,6.983,45.83,0.8679020888729352
187.1333,127.921776,38.021969,7118.6567304,-108.633,6.848,45.327,0.8679020888729352
187.15,127.921809,38.021992,7119.0541896,-109.558,6.699,44.827,0.8679020888729352
187.1666,127.921843,38.022015,7119.4482960000005,-110.425,6.538,44.332,0.8679020888729352
187.1833,127.921877,38.022038,7119.8390496,-111.242,6.365,43.844,0.8679020888729352
187.2,127.92191,38.022061,7120.225840800001,-112.014,6.181,43.364,0.8679020888729352
187.2166,127.921944,38.022084,7120.608669600001,-112.747,5.987,42.893,0.8679020888729352
187.2333,127.921978,38.022107,7120.9878408,-113.419,5.788,42.431,0.8679020888729352
187.25,127.922011,38.022131,7121.3633544,-114.035,5.584,41.979,0.8679020888729352
187.2666,127.922045,38.022154,7121.7346008,-114.602,5.376,41.537,0.8679020888729352
187.2833,127.922078,38.022177,7122.10158,-115.123,5.163,41.105,0.8679020888729352
187.3,127.922112,38.022201,7122.463682400001,-115.605,4.947,40.685,0.8679020888729352
187.3166,127.922145,38.022224,7122.8212128000005,-116.05,4.728,40.275,0.8679020888729352
187.3333,127.922179,38.022248,7123.1741712,-116.446,4.508,39.876,0.8679020888729352
187.35,127.922212,38.022272,7123.5228624,-116.797,4.288,39.488,0.8679020888729352
187.3666,127.922246,38.022295,7123.8660672000005,-117.107,4.067,39.11,0.8679020888729352
187.3833,127.922279,38.022319,7124.2040904000005,-117.38,3.847,38.742,0.8679020888729352
187.4,127.922312,38.022343,7124.536932,-117.619,3.627,38.384,0.8679020888729352
187.4166,127.922345,38.022367,7124.8639824,-117.829,3.406,38.036,0.8679020888729352
187.4333,127.922379,38.022391,7125.184632,-118.016,3.187,37.699,0.8679020888729352
187.45,127.922412,38.022415,7125.4994904000005,-118.183,2.967,37.371,0.8679020888729352
187.4666,127.922445,38.022439,7125.8082527999995,-118.334,2.748,37.053,0.8679020888729352
187.4833,127.922478,38.022463,7126.110309600001,-118.47,2.53,36.743,0.8679020888729352
187.5,127.922511,38.022487,7126.405965600001,-118.592,2.313,36.442,0.8679020888729352
187.5166,127.922544,38.022511,7126.6946112000005,-118.703,2.098,36.149,0.8679020888729352
187.5333,127.922576,38.022536,7126.976856000001,-118.803,1.884,35.864,0.8679020888729352
187.55,127.922609,38.02256,7127.2520904,-118.892,1.671,35.585,0.8679020888729352
187.5666,127.922642,38.022585,7127.520314400001,-118.972,1.461,35.313,0.8679020888729352
187.5833,127.922674,38.022609,7127.781528,-119.044,1.251,35.046,0.8679020888729352
187.6,127.922707,38.022634,7128.0354264,-119.108,1.044,34.785,0.8679020888729352
187.6166,127.922739,38.022658,7128.2820096000005,-119.165,0.838,34.529,0.8679020888729352
187.6333,127.922772,38.022683,7128.521277600001,-119.215,0.633,34.277,0.8679020888729352
187.65,127.922804,38.022708,7128.7529256,-119.258,0.43,34.029,0.8679020888729352
187.6666,127.922836,38.022733,7128.9769536,-119.296,0.229,33.785,0.8679020888729352
187.6833,127.922869,38.022758,7129.1936663999995,-119.328,0.029,33.545,0.8679020888729352
187.7,127.922901,38.022783,7129.4024544,-119.355,-0.169,33.309,0.8679020888729352
187.7166,127.922933,38.022808,7129.6033176,-119.378,-0.366,33.075,0.8679020888729352
187.7333,127.922965,38.022833,7129.7965608,-119.396,-0.561,32.845,0.8679020888729352
187.75,127.922996,38.022859,7129.981574400001,-119.411,-0.755,32.617,0.8679020888729352
187.7666,127.923028,38.022884,7130.158968000001,-119.422,-0.948,32.392,0.8679020888729352
187.7833,127.92306,38.022909,7130.328132000001,-119.43,-1.139,32.17,0.8679020888729352
187.8,127.923091,38.022935,7130.4890663999995,-119.436,-1.329,31.95,0.8679020888729352
187.8166,127.923123,38.02296,7130.6417712,-119.438,-1.518,31.732,0.8679020888729352
187.8333,127.923154,38.022986,7130.786246400001,-119.439,-1.705,31.517,0.8679020888729352
187.85,127.923186,38.023012,7130.922492000001,-119.44,-1.891,31.303,0.8679020888729352
187.8666,127.923217,38.023037,7131.0502032,-119.441,-2.076,31.092,0.8679020888729352
187.8833,127.923248,38.023063,7131.1696848,-119.44,-2.26,30.882,0.8679020888729352
187.9,127.923279,38.023089,7131.280632,-119.44,-2.443,30.674,0.8679020888729352
187.9166,127.92331,38.023115,7131.3830448,-119.438,-2.624,30.467,0.8679020888729352
187.9333,127.923341,38.023141,7131.4763136,-119.44,-2.805,30.262,0.8679020888729352
187.95,127.923372,38.023167,7131.5613528,-119.445,-2.985,30.059,0.8679020888729352
187.9666,127.923402,38.023193,7131.6375528,-119.454,-3.164,29.858,0.8679020888729352
187.9833,127.923433,38.02322,7131.7049136000005,-119.465,-3.342,29.657,0.8679020888729352
188.0,127.923463,38.023246,7131.76374,-119.478,-3.52,29.458,0.8679020888729352
188.0166,127.923494,38.023273,7131.8134224000005,-119.494,-3.696,29.261,0.8679020888729352
188.0333,127.923524,38.023299,7131.853960800001,-119.519,-3.872,29.064,0.8679020888729352
188.05,127.923554,38.023326,7131.885355200001,-119.552,-4.048,28.869,0.8679020888729352
188.0666,127.923584,38.023352,7131.9076056,-119.593,-4.223,28.676,0.8679020888729352
188.0833,127.923614,38.023379,7131.9210168,-119.641,-4.398,28.483,0.8679020888729352
188.1,127.923644,38.023406,7131.924979200001,-119.695,-4.572,28.291,0.8679020888729352
188.1166,127.923674,38.023433,7131.920102399999,-119.756,-4.746,28.101,0.8679020888729352
188.1333,127.923703,38.023459,7131.9057768,-119.823,-4.919,27.911,0.8679020888729352
188.15,127.923733,38.023486,7131.8820024,-119.897,-5.092,27.722,0.8679020888729352
188.1666,127.923762,38.023514,7131.8493888,-119.977,-5.265,27.534,0.8679020888729352
188.1833,127.923791,38.023541,7131.8073264,-120.061,-5.437,27.346,0.8679020888729352
188.2,127.923821,38.023568,7131.755815200001,-120.15,-5.609,27.159,0.8679020888729352
188.2166,127.92385,38.023595,7131.69516,-120.243,-5.78,26.973,0.8679020888729352
188.2333,127.923879,38.023622,7131.625360800001,-120.336,-5.951,26.787,0.8679020888729352
188.25,127.923907,38.02365,7131.5464176000005,-120.428,-6.122,26.602,0.8679020888729352
188.2666,127.923936,38.023677,7131.4580256,-120.519,-6.292,26.417,0.8679020888729352
188.2833,127.923965,38.023705,7131.3604896,-120.609,-6.462,26.232,0.8679020888729352
188.3,127.923993,38.023733,7131.2535048,-120.698,-6.631,26.047,0.8679020888729352
188.3166,127.924022,38.02376,7131.1370712,-120.785,-6.801,25.864,0.8679020888729352
188.3333,127.92405,38.023788,7131.0121032,-120.865,-6.969,25.68,0.8679020888729352
188.35,127.924078,38.023816,7130.8773816,-120.937,-7.137,25.496,0.8679020888729352
188.3666,127.924106,38.023844,7130.7338208,-121.001,-7.305,25.313,0.8679020888729352
188.3833,127.924134,38.023871,7130.5808112,-121.059,-7.472,25.129,0.8679020888729352
188.4,127.924162,38.023899,7130.4183528,-121.11,-7.639,24.947,0.8679020888729352
188.4166,127.92419,38.023927,7130.246445600001,-121.155,-7.806,24.764,0.8679020888729352
188.4333,127.924218,38.023956,7130.0656992,-121.19,-7.973,24.582,0.8679020888729352
188.45,127.924245,38.023984,7129.8751992,-121.216,-8.139,24.4,0.8679020888729352
188.4666,127.924273,38.024012,7129.6755552,-121.234,-8.304,24.218,0.8679020888729352
188.4833,127.9243,38.02404,7129.4667672000005,-121.244,-8.47,24.037,0.8679020888729352
188.5,127.924328,38.024069,7129.2482256,-121.247,-8.635,23.856,0.8679020888729352
188.5166,127.924355,38.024097,7129.0202352,-121.243,-8.799,23.675,0.8679020888729352
188.5333,127.924382,38.024125,7128.7831008,-121.231,-8.964,23.495,0.8679020888729352
188.55,127.924409,38.024154,7128.5362128,-121.213,-9.128,23.315,0.8679020888729352
188.5666,127.924436,38.024183,7128.279876,-121.187,-9.291,23.135,0.8679020888729352
188.5833,127.924462,38.024211,7128.0140904,-121.156,-9.454,22.955,0.8679020888729352
188.6,127.924489,38.02424,7127.738856000001,-121.119,-9.616,22.775,0.8679020888729352
188.6166,127.924515,38.024269,7127.4538680000005,-121.077,-9.778,22.596,0.8679020888729352
188.6333,127.924542,38.024297,7127.1591264,-121.033,-9.94,22.417,0.8679020888729352
188.65,127.924568,38.024326,7126.854936000001,-120.987,-10.101,22.238,0.8679020888729352
188.6666,127.924594,38.024355,7126.540992,-120.94,-10.262,22.06,0.8679020888729352
188.6833,127.92462,38.024384,7126.2172944,-120.891,-10.422,21.881,0.8679020888729352
188.7,127.924646,38.024413,7125.8838432,-120.842,-10.582,21.703,0.8679020888729352
188.7166,127.924672,38.024442,7125.540638400001,-120.792,-10.741,21.525,0.8679020888729352
188.7333,127.924698,38.024471,7125.1873752,-120.745,-10.901,21.347,0.8679020888729352
188.75,127.924723,38.024501,7124.8246632,-120.702,-11.06,21.17,0.8679020888729352
188.7666,127.924749,38.02453,7124.451588000001,-120.662,-11.218,20.992,0.8679020888729352
188.7833,127.924774,38.024559,7124.069064,-120.625,-11.377,20.815,0.8679020888729352
188.8,127.924799,38.024589,7123.6764816,-120.591,-11.535,20.637,0.8679020888729352
188.8166,127.924824,38.024618,7123.2741456,-120.56,-11.692,20.46,0.8679020888729352
188.8333,127.924849,38.024647,7122.861751200001,-120.534,-11.849,20.282,0.8679020888729352
188.85,127.924874,38.024677,7122.4392984,-120.512,-12.006,20.105,0.8679020888729352
188.8666,127.924899,38.024707,7122.007092000001,-120.494,-12.163,19.927,0.8679020888729352
188.8833,127.924923,38.024736,7121.564827200001,-120.48,-12.319,19.749,0.8679020888729352
188.9,127.924948,38.024766,7121.1128088000005,-120.47,-12.474,19.571,0.8679020888729352
188.9166,127.924972,38.024796,7120.651036800001,-120.462,-12.63,19.393,0.8679020888729352
188.9333,127.924996,38.024825,7120.179511200001,-120.456,-12.784,19.214,0.8679020888729352
188.95,127.92502,38.024855,7119.697927200001,-120.449,-12.938,19.035,0.8679020888729352
188.9666,127.925044,38.024885,7119.2065896,-120.442,-13.092,18.855,0.8679020888729352
188.9833,127.925068,38.024915,7118.7058032,-120.435,-13.245,18.675,0.8679020888729352
189.0,127.925092,38.024945,7118.1946536000005,-120.427,-13.397,18.495,0.8679020888729352
189.0166,127.925115,38.024975,7117.6740552,-120.419,-13.549,18.314,0.8679020888729352
189.0333,127.925139,38.025005,7117.1437032,-120.408,-13.701,18.133,0.8679020888729352
189.05,127.925162,38.025035,7116.603597600001,-120.395,-13.851,17.951,0.8679020888729352
189.0666,127.925186,38.025065,7116.053738400001,-120.379,-14.002,17.769,0.8679020888729352
189.0833,127.925209,38.025096,7115.4938208,-120.361,-14.152,17.586,0.8679020888729352
189.1,127.925232,38.025126,7114.9244544,-120.34,-14.302,17.404,0.8679020888729352
189.1166,127.925254,38.025156,7114.3450296,-120.317,-14.451,17.221,0.8679020888729352
189.1333,127.925277,38.025186,7113.756156,-120.29,-14.6,17.038,0.8679020888729352
189.15,127.9253,38.025217,7113.1575288,-120.26,-14.749,16.854,0.8679020888729352
189.1666,127.925322,38.025247,7112.5488432,-120.227,-14.897,16.67,0.8679020888729352
189.1833,127.925345,38.025278,7111.9307088000005,-120.191,-15.045,16.486,0.8679020888729352
189.2,127.925367,38.025308,7111.302516,-120.152,-15.192,16.302,0.8679020888729352
189.2166,127.925389,38.025339,7110.6648744,-120.11,-15.34,16.118,0.8679020888729352
189.2333,127.925411,38.025369,7110.017174400001,-120.065,-15.486,15.933,0.8679020888729352
189.25,127.925433,38.0254,7109.3600256,-120.017,-15.633,15.748,0.8679020888729352
189.2666,127.925455,38.025431,7108.692818400001,-119.967,-15.779,15.563,0.8679020888729352
189.2833,127.925476,38.025461,7108.0158576,-119.913,-15.925,15.377,0.8679020888729352
189.3,127.925498,38.025492,7107.3294479999995,-119.857,-16.07,15.192,0.8679020888729352
189.3166,127.925519,38.025523,7106.63298,-119.799,-16.215,15.006,0.8679020888729352
189.3333,127.92554,38.025554,7105.9267584,-119.739,-16.36,14.82,0.8679020888729352
189.35,127.925561,38.025585,7105.210783200001,-119.676,-16.505,14.634,0.8679020888729352
189.3666,127.925582,38.025616,7104.4850544,-119.612,-16.649,14.447,0.8679020888729352
189.3833,127.925603,38.025647,7103.749572000001,-119.546,-16.793,14.26,0.8679020888729352
189.4,127.925624,38.025678,7103.004336,-119.478,-16.936,14.073,0.8679020888729352
189.4166,127.925645,38.025709,7102.249346400001,-119.409,-17.08,13.886,0.8679020888729352
189.4333,127.925665,38.02574,7101.4846032,-119.339,-17.222,13.699,0.8679020888729352
189.45,127.925685,38.025771,7100.710106400001,-119.267,-17.365,13.511,0.8679020888729352
189.4666,127.925706,38.025802,7099.925856000001,-119.195,-17.507,13.323,0.8679020888729352
189.4833,127.925726,38.025833,7099.131852,-119.121,-17.649,13.134,0.8679020888729352
189.5,127.925746,38.025864,7098.328399200001,-119.046,-17.79,12.946,0.8679020888729352
189.5166,127.925765,38.025896,7097.514888000001,-118.971,-17.931,12.757,0.8679020888729352
189.5333,127.925785,38.025927,7096.6916232,-118.895,-18.072,12.567,0.8679020888729352
189.55,127.925805,38.025958,7095.8589096000005,-118.819,-18.213,12.378,0.8679020888729352
189.5666,127.925824,38.025989,7095.016137600001,-118.742,-18.353,12.188,0.8679020888729352
189.5833,127.925843,38.026021,7094.1639168,-118.665,-18.492,11.998,0.8679020888729352
189.6,127.925862,38.026052,7093.3019424,-118.587,-18.631,11.807,0.8679020888729352
189.6166,127.925881,38.026084,7092.4302144,-118.509,-18.77,11.616,0.8679020888729352
189.6333,127.9259,38.026115,7091.548732800001,-118.43,-18.909,11.425,0.8679020888729352
189.65,127.925919,38.026147,7090.6578024,-118.352,-19.047,11.233,0.8679020888729352
189.6666,127.925938,38.026178,7089.757118400001,-118.273,-19.184,11.041,0.8679020888729352
189.6833,127.925956,38.02621,7088.8466808,-118.194,-19.322,10.848,0.8679020888729352
189.7,127.925974,38.026241,7087.9267944,-118.115,-19.459,10.656,0.8679020888729352
189.7166,127.925993,38.026273,7086.9971544,-118.036,-19.595,10.462,0.8679020888729352
189.7333,127.926011,38.026305,7086.058065600001,-117.957,-19.732,10.269,0.8679020888729352
189.75,127.926029,38.026336,7085.1089184,-117.878,-19.867,10.075,0.8679020888729352
189.7666,127.926046,38.026368,7084.150627200001,-117.799,-20.003,9.88,0.8679020888729352
189.7833,127.926064,38.0264,7083.182582400001,-117.72,-20.138,9.686,0.8679020888729352
189.8,127.926082,38.026432,7082.2047840000005,-117.641,-20.273,9.49,0.8679020888729352
189.8166,127.926099,38.026463,7081.217536800001,-117.562,-20.407,9.295,0.8679020888729352
189.8333,127.926116,38.026495,7080.220840800001,-117.483,-20.541,9.099,0.8679020888729352
189.85,127.926133,38.026527,7079.2143912,-117.404,-20.675,8.902,0.8679020888729352
189.8666,127.92615,38.026559,7078.198492800001,-117.325,-20.808,8.706,0.8679020888729352
189.8833,127.926167,38.026591,7077.173145600001,-117.246,-20.941,8.509,0.8679020888729352
189.9,127.926184,38.026623,7076.1380448,-117.167,-21.074,8.311,0.8679020888729352
189.9166,127.9262,38.026655,7075.093495200001,-117.088,-21.206,8.113,0.8679020888729352
189.9333,127.926217,38.026687,7074.039496800001,-117.009,-21.338,7.914,0.8679020888729352
189.95,127.926233,38.026719,7072.9760496,-116.93,-21.469,7.716,0.8679020888729352
189.9666,127.926249,38.026751,7071.9031536,-116.85,-21.601,7.516,0.8679020888729352
189.9833,127.926265,38.026783,7070.8208088,-116.771,-21.731,7.317,0.8679020888729352
190.0,127.926281,38.026815,7069.7290152000005,-116.692,-21.862,7.117,0.8679020888729352
190.0166,127.926297,38.026847,7068.627468000001,-116.612,-21.992,6.916,0.8679020888729352
190.0333,127.926312,38.026879,7067.5167768,-116.532,-22.122,6.715,0.8679020888729352
190.05,127.926328,38.026911,7066.3966368,-116.452,-22.251,6.514,0.8679020888729352
190.0666,127.926343,38.026943,7065.267048,-116.372,-22.38,6.312,0.8679020888729352
190.0833,127.926358,38.026975,7064.128010400001,-116.291,-22.509,6.11,0.8679020888729352
190.1,127.926373,38.027007,7062.979524,-116.211,-22.637,5.907,0.8679020888729352
190.1166,127.926388,38.02704,7061.8218936,-116.13,-22.765,5.704,0.8679020888729352
190.1333,127.926403,38.027072,7060.654814400001,-116.049,-22.893,5.5,0.8679020888729352
190.15,127.926417,38.027104,7059.478286400001,-115.967,-23.02,5.296,0.8679020888729352
190.1666,127.926432,38.027136,7058.2923096,-115.885,-23.147,5.092,0.8679020888729352
190.1833,127.926446,38.027168,7057.0971887999995,-115.803,-23.274,4.887,0.8679020888729352
190.2,127.92646,38.027201,7055.892924000001,-115.72,-23.4,4.682,0.8679020888729352
190.2166,127.926474,38.027233,7054.679210400001,-115.637,-23.526,4.476,0.8679020888729352
190.2333,127.926488,38.027265,7053.456048,-115.553,-23.652,4.27,0.8679020888729352
190.25,127.926502,38.027298,7052.223741600001,-115.469,-23.777,4.063,0.8679020888729352
190.2666,127.926516,38.02733,7050.9819864,-115.385,-23.902,3.856,0.8679020888729352
190.2833,127.926529,38.027362,7049.731392000001,-115.3,-24.026,3.649,0.8679020888729352
190.3,127.926542,38.027395,7048.471044,-115.214,-24.15,3.441,0.8679020888729352
190.3166,127.926555,38.027427,7047.201856800001,-115.128,-24.274,3.233,0.8679020888729352
190.3333,127.926568,38.027459,7045.9232208,-115.042,-24.398,3.024,0.8679020888729352
190.35,127.926581,38.027492,7044.6357456000005,-114.955,-24.521,2.815,0.8679020888729352
190.3666,127.926594,38.027524,7043.3388216,-114.868,-24.644,2.605,0.8679020888729352
190.3833,127.926607,38.027557,7042.0327536,-114.78,-24.766,2.395,0.8679020888729352
190.4,127.926619,38.027589,7040.7172368,-114.691,-24.889,2.185,0.8679020888729352
190.4166,127.926631,38.027622,7039.3928808,-114.603,-25.01,1.974,0.8679020888729352
190.4333,127.926643,38.027654,7038.0593808,-114.513,-25.132,1.762,0.8679020888729352
190.45,127.926655,38.027687,7036.7167368,-114.424,-25.253,1.551,0.8679020888729352
190.4666,127.926667,38.027719,7035.3649488,-114.334,-25.374,1.338,0.8679020888729352
190.4833,127.926679,38.027751,7034.0040168,-114.243,-25.495,1.126,0.8679020888729352
190.5,127.926691,38.027784,7032.6342456,-114.152,-25.615,0.913,0.8679020888729352
190.5166,127.926702,38.027816,7031.2550255999995,-114.061,-25.735,0.699,0.8679020888729352
190.5333,127.926713,38.027849,7029.8669664,-113.969,-25.855,0.485,0.8679020888729352
190.55,127.926724,38.027881,7028.4700680000005,-113.878,-25.974,0.271,0.8679020888729352
190.5666,127.926735,38.027914,7027.0637208,-113.785,-26.093,0.056,0.8679020888729352
190.5833,127.926746,38.027947,7025.6485344,-113.693,-26.212,359.841,0.8679020888729352
190.6,127.926757,38.027979,7024.2245088,-113.6,-26.33,359.625,0.8679020888729352
190.6166,127.926767,38.028012,7022.7913392,-113.506,-26.448,359.409,0.8679020888729352
190.6333,127.926778,38.028044,7021.3493304,-113.413,-26.566,359.192,0.8679020888729352
190.65,127.926788,38.028077,7019.8981776,-113.319,-26.683,358.975,0.8679020888729352
190.6666,127.926798,38.028109,7018.4381856,-113.225,-26.8,358.758,0.8679020888729352
190.6833,127.926808,38.028142,7016.9690496,-113.13,-26.917,358.54,0.8679020888729352
190.7,127.926818,38.028174,7015.491379200001,-113.035,-27.033,358.321,0.8679020888729352
190.7166,127.926827,38.028207,7014.0045648000005,-112.939,-27.149,358.102,0.8679020888729352
190.7333,127.926837,38.028239,7012.5089112000005,-112.843,-27.265,357.883,0.8679020888729352
190.75,127.926846,38.028272,7011.004418400001,-112.747,-27.38,357.663,0.8679020888729352
190.7666,127.926855,38.028304,7009.4910864,-112.65,-27.495,357.443,0.8679020888729352
190.7833,127.926864,38.028337,7007.968915200001,-112.553,-27.61,357.222,0.8679020888729352
190.8,127.926873,38.02837,7006.4379048,-112.456,-27.724,357.0,0.8679020888729352
190.8166,127.926882,38.028402,7004.8980552,-112.358,-27.838,356.779,0.8679020888729352
190.8333,127.926891,38.028435,7003.3496712,-112.259,-27.952,356.556,0.8679020888729352
190.85,127.926899,38.028467,7001.792143199999,-112.16,-28.065,356.334,0.8679020888729352
190.8666,127.926907,38.0285,7000.2260808,-112.061,-28.178,356.11,0.8679020888729352
190.8833,127.926916,38.028532,6998.651179200001,-111.96,-28.291,355.887,0.8679020888729352
190.9,127.926924,38.028565,6997.0677432,-111.86,-28.403,355.663,0.8679020888729352
190.9166,127.926931,38.028597,6995.475468000001,-111.759,-28.515,355.438,0.8679020888729352
190.9333,127.926939,38.02863,6993.8746584,-111.657,-28.626,355.213,0.8679020888729352
190.95,127.926947,38.028662,6992.265009600001,-111.555,-28.737,354.987,0.8679020888729352
190.9666,127.926954,38.028695,6990.6465216,-111.452,-28.848,354.761,0.8679020888729352
190.9833,127.926961,38.028727,6989.0198040000005,-111.349,-28.958,354.534,0.8679020888729352
191.0,127.926968,38.02876,6987.384247200001,-111.245,-29.068,354.307,0.8679020888729352
191.0166,127.926975,38.028792,6985.740156000001,-111.14,-29.178,354.079,0.8679020888729352
191.0333,127.926982,38.028825,6984.0872256,-111.035,-29.287,353.851,0.8679020888729352
191.05,127.926989,38.028857,6982.426065600001,-110.929,-29.396,353.622,0.8679020888729352
191.0666,127.926995,38.02889,6980.7563712,-110.822,-29.504,353.393,0.8679020888729352
191.0833,127.927001,38.028922,6979.077837600001,-110.715,-29.612,353.164,0.8679020888729352
191.1,127.927008,38.028955,6977.3910744,-110.607,-29.72,352.933,0.8679020888729352
191.1166,127.927014,38.028987,6975.695472,-110.498,-29.827,352.703,0.8679020888729352
191.1333,127.927019,38.02902,6973.99164,-110.389,-29.934,352.472,0.8679020888729352
191.15,127.927025,38.029052,6972.279578400001,-110.279,-30.041,352.24,0.8679020888729352
191.1666,127.927031,38.029084,6970.5586776,-110.169,-30.147,352.008,0.8679020888729352
191.1833,127.927036,38.029117,6968.829547200001,-110.057,-30.252,351.775,0.8679020888729352
191.2,127.927041,38.029149,6967.091882400001,-109.945,-30.358,351.542,0.8679020888729352
191.2166,127.927046,38.029182,6965.345988000001,-109.833,-30.463,351.308,0.8679020888729352
191.2333,127.927051,38.029214,6963.5915592,-109.72,-30.567,351.074,0.8679020888729352
191.25,127.927056,38.029246,6961.8289008,-109.606,-30.671,350.839,0.8679020888729352
191.2666,127.927061,38.029279,6960.057708,-109.492,-30.775,350.604,0.8679020888729352
191.2833,127.927065,38.029311,6958.2785904,-109.377,-30.878,350.368,0.8679020888729352
191.3,127.92707,38.029343,6956.490938400001,-109.261,-30.981,350.132,0.8679020888729352
191.3166,127.927074,38.029375,6954.695056800001,-109.145,-31.084,349.895,0.8679020888729352
191.3333,127.927078,38.029408,6952.8906408,-109.03,-31.186,349.658,0.8679020888729352
191.35,127.927082,38.02944,6951.0783,-108.915,-31.288,349.42,0.8679020888729352
191.3666,127.927085,38.029472,6949.257424800001,-108.801,-31.39,349.182,0.8679020888729352
191.3833,127.927089,38.029504,6947.428624800001,-108.688,-31.492,348.944,0.8679020888729352
191.4,127.927092,38.029537,6945.591290400001,-108.574,-31.593,348.705,0.8679020888729352
191.4166,127.927095,38.029569,6943.7460312,-108.462,-31.694,348.465,0.8679020888729352
191.4333,127.927099,38.029601,6941.892542400001,-108.352,-31.794,348.226,0.8679020888729352
191.45,127.927101,38.029633,6940.030824,-108.245,-31.895,347.985,0.8679020888729352
191.4666,127.927104,38.029665,6938.160876,-108.141,-31.996,347.745,0.8679020888729352
191.4833,127.927107,38.029697,6936.2826984,-108.04,-32.097,347.504,0.8679020888729352
191.5,127.927109,38.029729,6934.3965960000005,-107.941,-32.197,347.263,0.8679020888729352
191.5166,127.927112,38.029761,6932.502264000001,-107.844,-32.297,347.021,0.8679020888729352
191.5333,127.927114,38.029793,6930.599397600001,-107.754,-32.397,346.779,0.8679020888729352
191.55,127.927116,38.029825,6928.688911200001,-107.67,-32.498,346.537,0.8679020888729352
191.5666,127.927117,38.029857,6926.7698904,-107.592,-32.599,346.294,0.8679020888729352
191.5833,127.927119,38.029889,6924.842944800001,-107.52,-32.7,346.051,0.8679020888729352
191.6,127.927121,38.029921,6922.908074400001,-107.453,-32.801,345.808,0.8679020888729352
191.6166,127.927122,38.029953,6920.964974400001,-107.39,-32.902,345.564,0.8679020888729352
191.6333,127.927123,38.029985,6919.0136448,-107.33,-33.002,345.319,0.8679020888729352
191.65,127.927124,38.030017,6917.0546952,-107.271,-33.102,345.074,0.8679020888729352
191.6666,127.927125,38.030049,6915.087516,-107.213,-33.202,344.828,0.8679020888729352
191.6833,127.927126,38.03008,6913.1124119999995,-107.156,-33.301,344.581,0.8679020888729352
191.7,127.927126,38.030112,6911.129688000001,-107.1,-33.4,344.334,0.8679020888729352
191.7166,127.927127,38.030144,6909.1387343999995,-107.044,-33.499,344.086,0.8679020888729352
191.7333,127.927127,38.030176,6907.139856000001,-106.986,-33.598,343.837,0.8679020888729352
191.75,127.927127,38.030207,6905.1333576,-106.925,-33.696,343.588,0.8679020888729352
191.7666,127.927127,38.030239,6903.1186296,-106.861,-33.794,343.338,0.8679020888729352
191.7833,127.927127,38.03027,6901.0962816,-106.794,-33.891,343.087,0.8679020888729352
191.8,127.927126,38.030302,6899.0663136,-106.725,-33.988,342.835,0.8679020888729352
191.8166,127.927126,38.030334,6897.0281159999995,-106.654,-34.085,342.583,0.8679020888729352
191.8333,127.927125,38.030365,6894.9826032,-106.577,-34.181,342.331,0.8679020888729352
191.85,127.927124,38.030397,6892.928860800001,-106.496,-34.277,342.078,0.8679020888729352
191.8666,127.927123,38.030428,6890.8678032,-106.411,-34.373,341.824,0.8679020888729352
191.8833,127.927122,38.030459,6888.7988208,-106.321,-34.468,341.569,0.8679020888729352
191.9,127.927121,38.030491,6886.7219136,-106.228,-34.563,341.314,0.8679020888729352
191.9166,127.927119,38.030522,6884.637386400001,-106.131,-34.658,341.059,0.8679020888729352
191.9333,127.927118,38.030553,6882.5452392,-105.979,-34.738,340.809,0.8679020888729352
191.95,127.927116,38.030585,6880.4457768,-105.779,-34.802,340.575,0.8679020888729352
191.9666,127.927114,38.030616,6878.3396088,-105.535,-34.849,340.366,0.8679020888729352
191.9833,127.927112,38.030647,6876.2267352,-105.25,-34.879,340.195,0.8679020888729352
192.0,127.92711,38.030678,6874.107765600001,-104.927,-34.894,340.066,0.8679020888729352
192.0166,127.927108,38.03071,6871.9827000000005,-104.566,-34.895,339.98,0.8679020888729352
192.0333,127.927105,38.030741,6869.8512336,-104.234,-34.898,339.933,0.8679020888729352
192.05,127.927103,38.030772,6867.7136712,-103.931,-34.907,339.915,0.8679020888729352
192.0666,127.9271,38.030803,6865.5690984,-103.655,-34.921,339.916,0.8679020888729352
192.0833,127.927098,38.030834,6863.4181248,-103.403,-34.941,339.923,0.8679020888729352
192.1,127.927095,38.030865,6861.2601408,-103.17,-34.966,339.926,0.8679020888729352
192.1166,127.927092,38.030896,6859.095451200001,-102.951,-34.998,339.914,0.8679020888729352
192.1333,127.927088,38.030927,6856.924056000001,-102.741,-35.038,339.874,0.8679020888729352
192.15,127.927085,38.030958,6854.7453456,-102.534,-35.086,339.797,0.8679020888729352
192.1666,127.927082,38.030989,6852.5602344,-102.323,-35.143,339.672,0.8679020888729352
192.1833,127.927078,38.03102,6850.3681128,-102.111,-35.208,339.507,0.8679020888729352
192.2,127.927074,38.03105,6848.1692856,-101.901,-35.278,339.309,0.8679020888729352
192.2166,127.92707,38.031081,6845.9637528,-101.695,-35.352,339.086,0.8679020888729352
192.2333,127.927066,38.031112,6843.751819200001,-101.495,-35.427,338.842,0.8679020888729352
192.25,127.927062,38.031143,6841.5328752,-101.304,-35.505,338.582,0.8679020888729352
192.2666,127.927057,38.031173,6839.3075304,-101.12,-35.583,338.31,0.8679020888729352
192.2833,127.927053,38.031204,6837.0757848,-100.945,-35.661,338.027,0.8679020888729352
192.3,127.927048,38.031234,6834.8373336,-100.777,-35.739,337.736,0.8679020888729352
192.3166,127.927043,38.031265,6832.5921768,-100.616,-35.816,337.44,0.8679020888729352
192.3333,127.927038,38.031296,6830.340924000001,-100.462,-35.892,337.138,0.8679020888729352
192.35,127.927033,38.031326,6828.0829656000005,-100.313,-35.967,336.833,0.8679020888729352
192.3666,127.927028,38.031356,6825.818606400001,-100.169,-36.042,336.526,0.8679020888729352
192.3833,127.927022,38.031387,6823.547846400001,-100.03,-36.115,336.216,0.8679020888729352
192.4,127.927017,38.031417,6821.2706856,-99.895,-36.187,335.905,0.8679020888729352
192.4166,127.927011,38.031448,6818.987124,-99.764,-36.259,335.594,0.8679020888729352
192.4333,127.927005,38.031478,6816.6974664,-99.634,-36.329,335.281,0.8679020888729352
192.45,127.926999,38.031508,6814.4011032,-99.507,-36.398,334.969,0.8679020888729352
192.4666,127.926993,38.031538,6812.098644,-99.38,-36.466,334.656,0.8679020888729352
192.4833,127.926987,38.031568,6809.7897840000005,-99.255,-36.534,334.344,0.8679020888729352
192.5,127.92698,38.031598,6807.474828,-99.13,-36.6,334.032,0.8679020888729352
192.5166,127.926973,38.031628,6805.1534712,-99.006,-36.666,333.72,0.8679020888729352
192.5333,127.926967,38.031659,6802.8257136,-98.884,-36.732,333.409,0.8679020888729352
192.55,127.92696,38.031688,6800.491860000001,-98.763,-36.797,333.098,0.8679020888729352
192.5666,127.926953,38.031718,6798.151910400001,-98.642,-36.862,332.788,0.8679020888729352
192.5833,127.926945,38.031748,6795.805560000001,-98.523,-36.926,332.479,0.8679020888729352
192.6,127.926938,38.031778,6793.4531136000005,-98.404,-36.989,332.17,0.8679020888729352
192.6166,127.92693,38.031808,6791.0942663999995,-98.287,-37.053,331.862,0.8679020888729352
192.6333,127.926923,38.031838,6788.729628000001,-98.171,-37.116,331.554,0.8679020888729352
192.65,127.926915,38.031867,6786.3585888,-98.058,-37.179,331.248,0.8679020888729352
192.6666,127.926907,38.031897,6783.9814536,-97.947,-37.241,330.942,0.8679020888729352
192.6833,127.926899,38.031926,6781.5979176,-97.837,-37.304,330.636,0.8679020888729352
192.7,127.92689,38.031956,6779.2085904000005,-97.73,-37.366,330.331,0.8679020888729352
192.7166,127.926882,38.031985,6776.8131672,-97.624,-37.428,330.027,0.8679020888729352
192.7333,127.926873,38.032015,6774.4113431999995,-97.521,-37.49,329.723,0.8679020888729352
192.75,127.926864,38.032044,6772.003728000001,-97.421,-37.552,329.419,0.8679020888729352
192.7666,127.926855,38.032074,6769.5900168,-97.324,-37.614,329.117,0.8679020888729352
192.7833,127.926846,38.032103,6767.170209600001,-97.229,-37.675,328.814,0.8679020888729352
192.8,127.926837,38.032132,6764.744306400001,-97.137,-37.737,328.512,0.8679020888729352
192.8166,127.926828,38.032161,6762.3123072,-97.046,-37.798,328.21,0.8679020888729352
192.8333,127.926818,38.03219,6759.874212,-96.96,-37.859,327.909,0.8679020888729352
192.85,127.926808,38.032219,6757.4303256,-96.876,-37.92,327.607,0.8679020888729352
192.8666,127.926798,38.032248,6754.9803432,-96.795,-37.982,327.307,0.8679020888729352
192.8833,127.926788,38.032277,6752.524569600001,-96.717,-38.043,327.006,0.8679020888729352
192.9,127.926778,38.032306,6750.0627,-96.642,-38.104,326.705,0.8679020888729352
192.9166,127.926768,38.032335,6747.5947344,-96.568,-38.165,326.405,0.8679020888729352
192.9333,127.926757,38.032363,6745.1209776000005,-96.498,-38.226,326.105,0.8679020888729352
192.95,127.926746,38.032392,6742.6411248,-96.431,-38.287,325.805,0.8679020888729352
192.9666,127.926736,38.032421,6740.1554808,-96.367,-38.348,325.505,0.8679020888729352
192.9833,127.926725,38.032449,6737.6640456000005,-96.305,-38.409,325.205,0.8679020888729352
193.0,127.926714,38.032477,6735.166514400001,-96.246,-38.471,324.906,0.8679020888729352
193.0166,127.926702,38.032506,6732.6628872,-96.189,-38.532,324.606,0.8679020888729352
193.0333,127.926691,38.032534,6730.153773600001,-96.134,-38.593,324.306,0.8679020888729352
193.05,127.926679,38.032562,6727.638564000001,-96.083,-38.655,324.006,0.8679020888729352
193.0666,127.926667,38.032591,6725.1175632,-96.034,-38.717,323.707,0.8679020888729352
193.0833,127.926655,38.032619,6722.5904664,-95.987,-38.778,323.407,0.8679020888729352
193.1,127.926643,38.032647,6720.057883200001,-95.942,-38.84,323.107,0.8679020888729352
193.1166,127.926631,38.032675,6717.519204,-95.899,-38.902,322.807,0.8679020888729352
193.1333,127.926619,38.032703,6714.974733600001,-95.858,-38.965,322.507,0.8679020888729352
193.15,127.926606,38.03273,6712.424472000001,-95.82,-39.027,322.207,0.8679020888729352
193.1666,127.926594,38.032758,6709.868419200001,-95.783,-39.09,321.907,0.8679020888729352
193.1833,127.926581,38.032786,6707.3065752,-95.749,-39.152,321.606,0.8679020888729352
193.2,127.926568,38.032813,6704.7386352,-95.715,-39.215,321.306,0.8679020888729352
193.2166,127.926555,38.032841,6702.1652088,-95.684,-39.278,321.005,0.8679020888729352
193.2333,127.926541,38.032868,6699.5859912000005,-95.653,-39.342,320.704,0.8679020888729352
193.25,127.926528,38.032896,6697.0006776,-95.624,-39.405,320.403,0.8679020888729352
193.2666,127.926514,38.032923,6694.4098776,-95.597,-39.469,320.102,0.8679020888729352
193.2833,127.9265,38.03295,6691.8129816,-95.57,-39.533,319.8,0.8679020888729352
193.3,127.926486,38.032978,6689.2105992,-95.544,-39.597,319.499,0.8679020888729352
193.3166,127.926472,38.033005,6686.6024256,-95.519,-39.662,319.196,0.8679020888729352
193.3333,127.926458,38.033032,6683.988156,-95.495,-39.726,318.894,0.8679020888729352
193.35,127.926444,38.033058,6681.3684,-95.472,-39.791,318.592,0.8679020888729352
193.3666,127.926429,38.033085,6678.7428528,-95.45,-39.856,318.289,0.8679020888729352
193.3833,127.926415,38.033112,6676.1115144000005,-95.429,-39.922,317.986,0.8679020888729352
193.4,127.9264,38.033139,6673.4746896,-95.409,-39.988,317.683,0.8679020888729352
193.4166,127.926385,38.033165,6670.831768800001,-95.389,-40.054,317.379,0.8679020888729352
193.4333,127.92637,38.033192,6668.1830568000005,-95.374,-40.12,317.075,0.8679020888729352
193.45,127.926354,38.033218,6665.5288584,-95.362,-40.188,316.772,0.8679020888729352
193.4666,127.926339,38.033245,6662.868564,-95.353,-40.256,316.469,0.8679020888729352
193.4833,127.926323,38.033271,6660.2027832,-95.348,-40.324,316.166,0.8679020888729352
193.5,127.926308,38.033297,6657.531211200001,-95.346,-40.393,315.863,0.8679020888729352
193.5166,127.926292,38.033323,6654.853848,-95.346,-40.462,315.56,0.8679020888729352
193.5333,127.926276,38.033349,6652.1706936,-95.362,-40.533,315.257,0.8679020888729352
193.55,127.92626,38.033375,6649.481443199999,-95.392,-40.606,314.956,0.8679020888729352
193.5666,127.926243,38.033401,6646.786706400001,-95.437,-40.681,314.654,0.8679020888729352
193.5833,127.926227,38.033426,6644.086178400001,-95.495,-40.757,314.354,0.8679020888729352
193.6,127.92621,38.033452,6641.3795544,-95.564,-40.834,314.053,0.8679020888729352
193.6166,127.926194,38.033477,6638.6671392,-95.645,-40.911,313.752,0.8679020888729352
193.6333,127.926177,38.033503,6635.948932800001,-95.733,-40.989,313.452,0.8679020888729352
193.65,127.92616,38.033528,6633.2249352,-95.826,-41.067,313.151,0.8679020888729352
193.6666,127.926142,38.033553,6630.4951464000005,-95.923,-41.145,312.85,0.8679020888729352
193.6833,127.926125,38.033578,6627.7592616,-96.025,-41.224,312.548,0.8679020888729352
193.7,127.926108,38.033603,6625.0175856000005,-96.13,-41.303,312.247,0.8679020888729352
193.7166,127.92609,38.033628,6622.270118400001,-96.238,-41.383,311.945,0.8679020888729352
193.7333,127.926072,38.033653,6619.516860000001,-96.37,-41.463,311.656,0.8679020888729352
193.75,127.926054,38.033678,6616.7578104,-96.534,-41.544,311.393,0.8679020888729352
193.7666,127.926036,38.033703,6613.992664800001,-96.731,-41.624,311.159,0.8679020888729352
193.7833,127.926018,38.033727,6611.221728,-96.956,-41.704,310.947,0.8679020888729352
193.8,127.926,38.033751,6608.445000000001,-97.205,-41.784,310.753,0.8679020888729352
193.8166,127.925981,38.033776,6605.662176,-97.474,-41.864,310.573,0.8679020888729352
193.8333,127.925963,38.0338,6602.873560800001,-97.82,-41.948,310.42,0.8679020888729352
193.85,127.925944,38.033824,6600.0788496000005,-98.251,-42.034,310.308,0.8679020888729352
193.8666,127.925925,38.033848,6597.278652000001,-98.776,-42.12,310.251,0.8679020888729352
193.8833,127.925906,38.033872,6594.4717488,-99.394,-42.204,310.245,0.8679020888729352
193.9,127.925887,38.033896,6591.6587496,-100.1,-42.287,310.283,0.8679020888729352
193.9166,127.925868,38.033919,6588.8393496,-100.888,-42.368,310.354,0.8679020888729352
193.9333,127.925848,38.033943,6586.0129392,-101.614,-42.432,310.447,0.8679020888729352
193.95,127.925829,38.033966,6583.180128000001,-102.276,-42.48,310.557,0.8679020888729352
193.9666,127.925809,38.03399,6580.340916,-102.87,-42.516,310.679,0.8679020888729352
193.9833,127.92579,38.034013,6577.4953032,-103.392,-42.542,310.81,0.8679020888729352
194.0,127.92577,38.034036,6574.6435944,-103.842,-42.561,310.948,0.8679020888729352
194.0166,127.92575,38.034059,6571.7854848,-104.219,-42.576,311.091,0.8679020888729352
194.0333,127.92573,38.034082,6568.9218888,-104.522,-42.588,311.237,0.8679020888729352
194.05,127.92571,38.034105,6566.051892,-104.754,-42.598,311.385,0.8679020888729352
194.0666,127.92569,38.034128,6563.1764088,-104.916,-42.606,311.535,0.8679020888729352
194.0833,127.92567,38.034151,6560.2951344,-105.008,-42.614,311.685,0.8679020888729352
194.1,127.925649,38.034174,6557.4083736,-105.033,-42.621,311.833,0.8679020888729352
194.1166,127.925629,38.034196,6554.516431200001,-104.992,-42.628,311.981,0.8679020888729352
194.1333,127.925609,38.034219,6551.6190024,-105.022,-42.648,312.132,0.8679020888729352
194.15,127.925588,38.034242,6548.7160872,-105.128,-42.684,312.287,0.8679020888729352
194.1666,127.925567,38.034264,6545.8073808,-105.312,-42.731,312.444,0.8679020888729352
194.1833,127.925547,38.034287,6542.893188000001,-105.569,-42.784,312.603,0.8679020888729352
194.2,127.925526,38.034309,6539.9728992,-105.897,-42.841,312.762,0.8679020888729352
194.2166,127.925505,38.034332,6537.046819200001,-106.291,-42.9,312.92,0.8679020888729352
194.2333,127.925484,38.034354,6534.1149479999995,-106.746,-42.96,313.078,0.8679020888729352
194.25,127.925463,38.034376,6531.176676,-107.258,-43.018,313.234,0.8679020888729352
194.2666,127.925442,38.034398,6528.2329176,-107.82,-43.075,313.389,0.8679020888729352
194.2833,127.925421,38.03442,6525.2830632000005,-108.428,-43.131,313.541,0.8679020888729352
194.3,127.9254,38.034442,6522.3274176,-109.074,-43.184,313.691,0.8679020888729352
194.3166,127.925379,38.034464,6519.3659808,-109.755,-43.234,313.838,0.8679020888729352
194.3333,127.925357,38.034486,6516.398448,-110.48,-43.284,313.983,0.8679020888729352
194.35,127.925336,38.034508,6513.425428800001,-111.245,-43.333,314.126,0.8679020888729352
194.3666,127.925315,38.03453,6510.4463136,-112.045,-43.381,314.267,0.8679020888729352
194.3833,127.925293,38.034552,6507.4614071999995,-112.876,-43.427,314.406,0.8679020888729352
194.4,127.925272,38.034574,6504.4707096,-113.734,-43.472,314.542,0.8679020888729352
194.4166,127.92525,38.034595,6501.4742208,-114.617,-43.515,314.675,0.8679020888729352
194.4333,127.925228,38.034617,6498.471636,-115.548,-43.558,314.808,0.8679020888729352
194.45,127.925207,38.034639,6495.46326,-116.525,-43.602,314.94,0.8679020888729352
194.4666,127.925185,38.03466,6492.4490928000005,-117.543,-43.646,315.071,0.8679020888729352
194.4833,127.925163,38.034682,6489.4288295999995,-118.598,-43.689,315.201,0.8679020888729352
194.5,127.925141,38.034703,6486.4027752,-119.685,-43.73,315.329,0.8679020888729352
194.5166,127.925119,38.034725,6483.3712344,-120.801,-43.77,315.455,0.8679020888729352
194.5333,127.925097,38.034746,6480.333292800001,-121.977,-43.811,315.581,0.8679020888729352
194.55,127.925075,38.034767,6477.28956,-123.211,-43.852,315.707,0.8679020888729352
194.5666,127.925053,38.034789,6474.2394264,-124.495,-43.894,315.833,0.8679020888729352
194.5833,127.925031,38.03481,6471.183196800001,-125.824,-43.934,315.958,0.8679020888729352
194.6,127.925009,38.034831,6468.1214808,-127.193,-43.972,316.081,0.8679020888729352
194.6166,127.924987,38.034852,6465.0536688,-128.595,-44.008,316.202,0.8679020888729352
194.6333,127.924965,38.034873,6461.979456000001,-130.07,-44.045,316.324,0.8679020888729352
194.65,127.924943,38.034894,6458.899147200001,-131.611,-44.083,316.446,0.8679020888729352
194.6666,127.924921,38.034915,6455.812132800001,-133.211,-44.12,316.568,0.8679020888729352
194.6833,127.924898,38.034936,6452.7193272,-134.862,-44.156,316.689,0.8679020888729352
194.7,127.924876,38.034957,6449.6204256,-136.557,-44.189,316.807,0.8679020888729352
194.7166,127.924854,38.034978,6446.5157328000005,-138.29,-44.22,316.922,0.8679020888729352
194.7333,127.924832,38.034999,6443.404029599999,-140.09,-44.25,317.037,0.8679020888729352
194.75,127.924809,38.03502,6440.2862304,-141.955,-44.28,317.153,0.8679020888729352
194.7666,127.924787,38.035041,6437.1614208,-143.882,-44.309,317.268,0.8679020888729352
194.7833,127.924765,38.035062,6434.030515200001,-145.867,-44.336,317.383,0.8679020888729352
194.8,127.924742,38.035082,6430.8932088,-147.904,-44.362,317.495,0.8679020888729352
194.8166,127.92472,38.035103,6427.750111200001,-149.984,-44.384,317.604,0.8679020888729352
194.8333,127.924697,38.035124,6424.600308,-152.119,-44.405,317.712,0.8679020888729352
194.85,127.924675,38.035144,6421.444104,-154.308,-44.424,317.819,0.8679020888729352
194.8666,127.924653,38.035165,6418.281804,-156.548,-44.441,317.924,0.8679020888729352
194.8833,127.92463,38.035185,6415.1131032,-158.837,-44.456,318.027,0.8679020888729352
194.9,127.924608,38.035206,6411.938611200001,-161.173,-44.468,318.128,0.8679020888729352
194.9166,127.924586,38.035226,6408.7577184,-163.553,-44.479,318.227,0.8679020888729352
194.9333,127.924563,38.035247,6405.5710344,-165.975,-44.487,318.323,0.8679020888729352
194.95,127.924541,38.035267,6402.3785592,-168.437,-44.493,318.416,0.8679020888729352
194.9666,127.924519,38.035288,6399.180292800001,-170.935,-44.496,318.505,0.8679020888729352
194.9833,127.924496,38.035308,6395.9762352,-173.466,-44.498,318.592,0.8679020888729352
195.0,127.924474,38.035329,6392.766386400001,-176.029,-44.498,318.674,0.8679020888729352
195.0166,127.924452,38.035349,6389.551051200001,-178.62,-44.495,318.753,0.8679020888729352
195.0333,127.924429,38.035369,6386.3302296,178.762,-44.491,318.828,0.8679020888729352
195.05,127.924407,38.03539,6383.1039216,176.124,-44.486,318.899,0.8679020888729352
195.0666,127.924385,38.03541,6379.8721272,173.466,-44.479,318.966,0.8679020888729352
195.0833,127.924363,38.03543,6376.635151200001,170.791,-44.471,319.029,0.8679020888729352
195.1,127.92434,38.035451,6373.3929935999995,168.104,-44.461,319.087,0.8679020888729352
195.1166,127.924318,38.035471,6370.1456544,165.406,-44.451,319.142,0.8679020888729352
195.1333,127.924296,38.035491,6366.8931336000005,162.698,-44.449,319.195,0.8679020888729352
195.15,127.924274,38.035511,6363.6351264,159.979,-44.467,319.254,0.8679020888729352
195.1666,127.924252,38.035532,6360.372242400001,157.251,-44.501,319.319,0.8679020888729352
195.1833,127.92423,38.035552,6357.1041768000005,154.518,-44.547,319.389,0.8679020888729352
195.2,127.924208,38.035572,6353.8309296,151.784,-44.603,319.463,0.8679020888729352
195.2166,127.924186,38.035593,6350.5528056,149.053,-44.665,319.542,0.8679020888729352
195.2333,127.924164,38.035613,6347.2698048,146.382,-44.745,319.627,0.8679020888729352
195.25,127.924142,38.035633,6343.982232,143.765,-44.85,319.729,0.8679020888729352
195.2666,127.92412,38.035653,6340.690087200001,141.195,-44.982,319.856,0.8679020888729352
195.2833,127.924098,38.035674,6337.393370400001,138.669,-45.132,320.008,0.8679020888729352
195.3,127.924076,38.035694,6334.091472,136.184,-45.294,320.185,0.8679020888729352
195.3166,127.924054,38.035714,6330.7843920000005,133.736,-45.463,320.384,0.8679020888729352
195.3333,127.924032,38.035735,6327.47274,131.412,-45.652,320.61,0.8679020888729352
195.35,127.92401,38.035755,6324.156211200001,129.194,-45.866,320.877,0.8679020888729352
195.3666,127.923988,38.035775,6320.8348056,127.068,-46.099,321.189,0.8679020888729352
195.3833,127.923967,38.035796,6317.5082184,125.023,-46.341,321.544,0.8679020888729352
195.4,127.923945,38.035816,6314.1764496000005,123.049,-46.586,321.938,0.8679020888729352
195.4166,127.923923,38.035836,6310.8388896,121.135,-46.829,322.366,0.8679020888729352
195.4333,127.923902,38.035857,6307.4964528,119.333,-47.08,322.839,0.8679020888729352
195.45,127.92388,38.035877,6304.1485296,117.62,-47.34,323.369,0.8679020888729352
195.4666,127.923858,38.035898,6300.795120000001,115.985,-47.603,323.948,0.8679020888729352
195.4833,127.923837,38.035918,6297.4359192,114.419,-47.859,324.562,0.8679020888729352
195.5,127.923815,38.035939,6294.0709272,112.914,-48.103,325.204,0.8679020888729352
195.5166,127.923794,38.035959,6290.700144,111.462,-48.331,325.862,0.8679020888729352
195.5333,127.923773,38.03598,6287.323569600001,110.092,-48.549,326.54,0.8679020888729352
195.55,127.923751,38.036,6283.9415088000005,108.794,-48.757,327.232,0.8679020888729352
195.5666,127.92373,38.036021,6280.553352000001,107.561,-48.95,327.93,0.8679020888729352
195.5833,127.923709,38.036042,6277.1590992,106.384,-49.129,328.631,0.8679020888729352
195.6,127.923688,38.036062,6273.7590552,105.256,-49.291,329.329,0.8679020888729352
195.6166,127.923667,38.036083,6270.352915200001,104.17,-49.437,330.021,0.8679020888729352
195.6333,127.923646,38.036104,6266.9412888,103.144,-49.57,330.702,0.8679020888729352
195.65,127.923626,38.036125,6263.5235664,102.173,-49.691,331.372,0.8679020888729352
195.6666,127.923605,38.036145,6260.1003576,101.249,-49.8,332.027,0.8679020888729352
195.6833,127.923584,38.036166,6256.6710528,100.366,-49.897,332.668,0.8679020888729352
195.7,127.923564,38.036187,6253.2362616,99.519,-49.983,333.294,0.8679020888729352
195.7166,127.923544,38.036208,6249.795984000001,98.704,-50.059,333.905,0.8679020888729352
195.7333,127.923523,38.036229,6246.3499152,97.875,-50.121,334.501,0.8679020888729352
195.75,127.923503,38.03625,6242.89836,97.029,-50.17,335.082,0.8679020888729352
195.7666,127.923484,38.036271,6239.4416232,96.168,-50.207,335.647,0.8679020888729352
195.7833,127.923464,38.036293,6235.9794,95.291,-50.237,336.199,0.8679020888729352
195.8,127.923444,38.036314,6232.5123,94.4,-50.258,336.735,0.8679020888729352
195.8166,127.923425,38.036335,6229.0400184,93.496,-50.273,337.258,0.8679020888729352
195.8333,127.923406,38.036357,6225.563164800001,92.622,-50.287,337.768,0.8679020888729352
195.85,127.923386,38.036378,6222.0814344,91.779,-50.299,338.266,0.8679020888729352
195.8666,127.923367,38.0364,6218.595132,90.965,-50.308,338.752,0.8679020888729352
195.8833,127.923349,38.036421,6215.1039528,90.178,-50.314,339.228,0.8679020888729352
195.9,127.92333,38.036443,6211.608201600001,89.418,-50.316,339.694,0.8679020888729352
195.9166,127.923311,38.036464,6208.108183200001,88.68,-50.313,340.151,0.8679020888729352
195.9333,127.923293,38.036486,6204.603592800001,87.995,-50.308,340.598,0.8679020888729352
195.95,127.923274,38.036508,6201.0947352,87.359,-50.302,341.036,0.8679020888729352
195.9666,127.923256,38.03653,6197.581305600001,86.767,-50.294,341.466,0.8679020888729352
195.9833,127.923238,38.036552,6194.0639136,86.216,-50.282,341.887,0.8679020888729352
196.0,127.92322,38.036573,6190.5419496,85.7,-50.268,342.299,0.8679020888729352
196.0166,127.923202,38.036595,6187.016328000001,85.216,-50.249,342.703,0.8679020888729352
196.0333,127.923185,38.036618,6183.4864392,84.769,-50.229,343.099,0.8679020888729352
196.05,127.923167,38.03664,6179.952588000001,84.355,-50.206,343.487,0.8679020888729352
196.0666,127.92315,38.036662,6176.415079200001,83.97,-50.181,343.868,0.8679020888729352
196.0833,127.923133,38.036684,6172.873608,83.611,-50.154,344.242,0.8679020888729352
196.1,127.923115,38.036706,6169.3284792,83.273,-50.125,344.608,0.8679020888729352
196.1166,127.923099,38.036729,6165.779388000001,82.955,-50.095,344.969,0.8679020888729352
196.1333,127.923082,38.036751,6162.226944,82.654,-50.063,345.323,0.8679020888729352
196.15,127.923065,38.036774,6158.671147200001,82.366,-50.029,345.671,0.8679020888729352
196.1666,127.923049,38.036796,6155.111692800001,82.091,-49.994,346.014,0.8679020888729352
196.1833,127.923032,38.036819,6151.5488856,81.826,-49.959,346.352,0.8679020888729352
196.2,127.923016,38.036841,6147.9827256,81.571,-49.922,346.685,0.8679020888729352
196.2166,127.923,38.036864,6144.4132128,81.323,-49.885,347.015,0.8679020888729352
196.2333,127.922984,38.036887,6140.840652000001,81.081,-49.847,347.341,0.8679020888729352
196.25,127.922968,38.03691,6137.264738400001,80.844,-49.809,347.664,0.8679020888729352
196.2666,127.922953,38.036933,6133.6857768,80.611,-49.77,347.984,0.8679020888729352
196.2833,127.922938,38.036956,6130.1037672,80.383,-49.731,348.301,0.8679020888729352
196.3,127.922922,38.036979,6126.518709600001,80.158,-49.692,348.616,0.8679020888729352
196.3166,127.922907,38.037002,6122.930604,79.936,-49.652,348.928,0.8679020888729352
196.3333,127.922892,38.037025,6119.339755200001,79.716,-49.612,349.238,0.8679020888729352
196.35,127.922878,38.037048,6115.7458584000005,79.497,-49.572,349.546,0.8679020888729352
196.3666,127.922863,38.037072,6112.149218400001,79.279,-49.531,349.852,0.8679020888729352
196.3833,127.922849,38.037095,6108.5498352,79.062,-49.49,350.156,0.8679020888729352
196.4,127.922834,38.037118,6104.9480136,78.846,-49.449,350.459,0.8679020888729352
196.4166,127.92282,38.037142,6101.343144,78.631,-49.408,350.759,0.8679020888729352
196.4333,127.922806,38.037165,6097.735836,78.413,-49.366,351.058,0.8679020888729352
196.45,127.922793,38.037189,6094.1260896,78.192,-49.323,351.356,0.8679020888729352
196.4666,127.922779,38.037213,6090.5136,77.969,-49.281,351.652,0.8679020888729352
196.4833,127.922766,38.037236,6086.8989768,77.744,-49.237,351.946,0.8679020888729352
196.5,127.922752,38.03726,6083.281915200001,77.517,-49.194,352.239,0.8679020888729352
196.5166,127.922739,38.037284,6079.6621104000005,77.289,-49.15,352.531,0.8679020888729352
196.5333,127.922726,38.037308,6076.0404768,77.054,-49.106,352.822,0.8679020888729352
196.55,127.922714,38.037332,6072.4167096,76.81,-49.06,353.111,0.8679020888729352
196.5666,127.922701,38.037356,6068.7908088,76.561,-49.014,353.399,0.8679020888729352
196.5833,127.922689,38.03738,6065.162469600001,76.305,-48.968,353.686,0.8679020888729352
196.6,127.922676,38.037404,6061.532301600001,76.044,-48.921,353.971,0.8679020888729352
196.6166,127.922664,38.037428,6057.9003048,75.779,-48.873,354.256,0.8679020888729352
196.6333,127.922653,38.037453,6054.2664792000005,75.503,-48.825,354.54,0.8679020888729352
196.65,127.922641,38.037477,6050.6308248000005,75.215,-48.775,354.822,0.8679020888729352
196.6666,127.922629,38.037501,6046.9933416,74.917,-48.724,355.103,0.8679020888729352
196.6833,127.922618,38.037526,6043.3543344,74.611,-48.673,355.383,0.8679020888729352
196.7,127.922607,38.03755,6039.7138032,74.297,-48.621,355.662,0.8679020888729352
196.7166,127.922596,38.037575,6036.0714431999995,73.976,-48.568,355.941,0.8679020888729352
196.7333,127.922585,38.037599,6032.4275592,73.655,-48.515,356.218,0.8679020888729352
196.75,127.922574,38.037624,6028.782151200001,73.334,-48.461,356.496,0.8679020888729352
196.7666,127.922564,38.037649,6025.1352192,73.014,-48.408,356.772,0.8679020888729352
196.7833,127.922554,38.037674,6021.487068,72.694,-48.353,357.048,0.8679020888729352
196.8,127.922544,38.037698,6017.837392800001,72.377,-48.298,357.323,0.8679020888729352
196.8166,127.922534,38.037723,6014.1868032,72.061,-48.242,357.597,0.8679020888729352
196.8333,127.922524,38.037748,6010.5343848,71.757,-48.186,357.87,0.8679020888729352
196.85,127.922514,38.037773,6006.880747200001,71.463,-48.13,358.143,0.8679020888729352
196.8666,127.922505,38.037798,6003.2261952,71.18,-48.073,358.414,0.8679020888729352
196.8833,127.922495,38.037824,5999.5704240000005,70.907,-48.016,358.685,0.8679020888729352
196.9,127.922486,38.037849,5995.9137384000005,70.643,-47.958,358.954,0.8679020888729352
196.9166,127.922477,38.037874,5992.255833600001,70.387,-47.899,359.222,0.8679020888729352
196.9333,127.922469,38.037899,5988.5970144,70.142,-47.839,359.489,0.8679020888729352
196.95,127.92246,38.037925,5984.9372808,69.907,-47.779,359.755,0.8679020888729352
196.9666,127.922452,38.03795,5981.276632800001,69.68,-47.718,0.019,0.8679020888729352
196.9833,127.922443,38.037975,5977.6153752,69.461,-47.657,0.282,0.8679020888729352
197.0,127.922435,38.038001,5973.953508,69.249,-47.595,0.544,0.8679020888729352
197.0166,127.922427,38.038027,5970.2907264000005,69.043,-47.533,0.804,0.8679020888729352
197.0333,127.922419,38.038052,5966.6273352,68.844,-47.47,1.063,0.8679020888729352
197.05,127.922412,38.038078,5962.9636392,68.65,-47.407,1.322,0.8679020888729352
197.0666,127.922404,38.038104,5959.299028800001,68.462,-47.343,1.579,0.8679020888729352
197.0833,127.922397,38.038129,5955.6344184,68.278,-47.279,1.836,0.8679020888729352
197.1,127.92239,38.038155,5951.9688936,68.099,-47.215,2.091,0.8679020888729352
197.1166,127.922383,38.038181,5948.3033688000005,67.923,-47.15,2.346,0.8679020888729352
197.1333,127.922377,38.038207,5944.6375392,67.751,-47.086,2.601,0.8679020888729352
197.15,127.92237,38.038233,5940.9714048000005,67.581,-47.021,2.855,0.8679020888729352
197.1666,127.922364,38.038259,5937.304965600001,67.414,-46.957,3.108,0.8679020888729352
197.1833,127.922357,38.038285,5933.6385264,67.249,-46.892,3.361,0.8679020888729352
197.2,127.922351,38.038311,5929.971782400001,67.088,-46.827,3.614,0.8679020888729352
197.2166,127.922345,38.038338,5926.305038400001,66.928,-46.761,3.866,0.8679020888729352
197.2333,127.92234,38.038364,5922.6379896,66.771,-46.696,4.117,0.8679020888729352
197.25,127.922334,38.03839,5918.971245600001,66.615,-46.631,4.369,0.8679020888729352
197.2666,127.922329,38.038416,5915.304501600001,66.461,-46.566,4.62,0.8679020888729352
197.2833,127.922324,38.038443,5911.6377575999995,66.31,-46.501,4.87,0.8679020888729352
197.3,127.922319,38.038469,5907.9713184,66.16,-46.435,5.12,0.8679020888729352
197.3166,127.922314,38.038496,5904.304879200001,66.012,-46.369,5.37,0.8679020888729352
197.3333,127.922309,38.038522,5900.63844,65.865,-46.303,5.62,0.8679020888729352
197.35,127.922305,38.038549,5896.972610400001,65.72,-46.238,5.869,0.8679020888729352
197.3666,127.922301,38.038576,5893.3067808,65.577,-46.172,6.118,0.8679020888729352
197.3833,127.922296,38.038602,5889.641560800001,65.435,-46.106,6.366,0.8679020888729352
197.4,127.922292,38.038629,5885.9763408,65.295,-46.039,6.615,0.8679020888729352
197.4166,127.922289,38.038656,5882.3117304,65.156,-45.973,6.862,0.8679020888729352
197.4333,127.922285,38.038683,5878.6474248,65.018,-45.906,7.11,0.8679020888729352
197.45,127.922282,38.03871,5874.983728800001,64.881,-45.84,7.357,0.8679020888729352
197.4666,127.922278,38.038737,5871.320337600001,64.745,-45.773,7.604,0.8679020888729352
197.4833,127.922275,38.038764,5867.657556000001,64.61,-45.706,7.85,0.8679020888729352
197.5,127.922273,38.038791,5863.995384000001,64.475,-45.638,8.096,0.8679020888729352
197.5166,127.92227,38.038818,5860.3338216,64.342,-45.571,8.342,0.8679020888729352
197.5333,127.922267,38.038845,5856.6728688,64.209,-45.503,8.587,0.8679020888729352
197.55,127.922265,38.038872,5853.0125256,64.076,-45.435,8.832,0.8679020888729352
197.5666,127.922263,38.038899,5849.3530968000005,63.943,-45.366,9.076,0.8679020888729352
197.5833,127.922261,38.038926,5845.6942776000005,63.81,-45.298,9.32,0.8679020888729352
197.6,127.922259,38.038954,5842.0363728,63.678,-45.229,9.563,0.8679020888729352
197.6166,127.922257,38.038981,5838.3793824,63.547,-45.16,9.805,0.8679020888729352
197.6333,127.922256,38.039008,5834.7230016,63.415,-45.091,10.047,0.8679020888729352
197.65,127.922255,38.039036,5831.06784,63.282,-45.022,10.289,0.8679020888729352
197.6666,127.922254,38.039063,5827.4135928000005,63.149,-44.952,10.529,0.8679020888729352
197.6833,127.922253,38.039091,5823.760260000001,63.016,-44.882,10.769,0.8679020888729352
197.7,127.922252,38.039118,5820.108146400001,62.882,-44.812,11.008,0.8679020888729352
197.7166,127.922251,38.039146,5816.4569472,62.749,-44.742,11.247,0.8679020888729352
197.7333,127.922251,38.039174,5812.807272,62.615,-44.672,11.485,0.8679020888729352
197.75,127.922251,38.039201,5809.158511200001,62.48,-44.601,11.723,0.8679020888729352
197.7666,127.922251,38.039229,5805.510969600001,62.345,-44.53,11.96,0.8679020888729352
197.7833,127.922251,38.039257,5801.864647200001,62.21,-44.458,12.196,0.8679020888729352
197.8,127.922251,38.039285,5798.219544,62.075,-44.387,12.432,0.8679020888729352
197.8166,127.922252,38.039312,5794.5759648,61.94,-44.315,12.668,0.8679020888729352
197.8333,127.922253,38.03934,5790.9336048000005,61.805,-44.243,12.902,0.8679020888729352
197.85,127.922253,38.039368,5787.292768800001,61.67,-44.171,13.136,0.8679020888729352
197.8666,127.922255,38.039396,5783.653152000001,61.534,-44.098,13.37,0.8679020888729352
197.8833,127.922256,38.039424,5780.015364000001,61.399,-44.025,13.603,0.8679020888729352
197.9,127.922257,38.039452,5776.3787952,61.264,-43.952,13.835,0.8679020888729352
197.9166,127.922259,38.03948,5772.744055200001,61.129,-43.878,14.067,0.8679020888729352
197.9333,127.922261,38.039508,5769.1108392,60.995,-43.805,14.299,0.8679020888729352
197.95,127.922263,38.039536,5765.479147200001,60.861,-43.73,14.529,0.8679020888729352
197.9666,127.922265,38.039565,5761.848979200001,60.727,-43.656,14.759,0.8679020888729352
197.9833,127.922267,38.039593,5758.2209448,60.594,-43.581,14.989,0.8679020888729352
198.0,127.92227,38.039621,5754.5944344,60.461,-43.506,15.218,0.8679020888729352
198.0166,127.922272,38.039649,5750.9697528,60.329,-43.431,15.446,0.8679020888729352
198.0333,127.922275,38.039678,5747.346595200001,60.197,-43.355,15.674,0.8679020888729352
198.05,127.922278,38.039706,5743.7255712,60.068,-43.279,15.901,0.8679020888729352
198.0666,127.922281,38.039734,5740.106376,59.939,-43.203,16.128,0.8679020888729352
198.0833,127.922285,38.039763,5736.489314400001,59.812,-43.126,16.354,0.8679020888729352
198.1,127.922288,38.039791,5732.8740816,59.686,-43.05,16.579,0.8679020888729352
198.1166,127.922292,38.03982,5729.2606776,59.561,-42.973,16.804,0.8679020888729352
198.1333,127.922296,38.039848,5725.6494072,59.438,-42.895,17.029,0.8679020888729352
198.15,127.9223,38.039877,5722.040270400001,59.316,-42.818,17.252,0.8679020888729352
198.1666,127.922305,38.039905,5718.4332672,59.195,-42.74,17.475,0.8679020888729352
198.1833,127.922309,38.039934,5714.828397600001,59.076,-42.661,17.698,0.8679020888729352
198.2,127.922314,38.039962,5711.2256615999995,58.957,-42.583,17.92,0.8679020888729352
198.2166,127.922319,38.039991,5707.625364,58.84,-42.504,18.141,0.8679020888729352
198.2333,127.922324,38.04002,5704.0272,58.723,-42.425,18.362,0.8679020888729352
198.25,127.922329,38.040048,5700.4314744,58.606,-42.345,18.582,0.8679020888729352
198.2666,127.922334,38.040077,5696.8378824,58.489,-42.265,18.801,0.8679020888729352
198.2833,127.92234,38.040106,5693.247033600001,58.371,-42.185,19.02,0.8679020888729352
198.3,127.922346,38.040135,5689.6583184,58.254,-42.104,19.238,0.8679020888729352
198.3166,127.922352,38.040163,5686.0720416,58.137,-42.023,19.456,0.8679020888729352
198.3333,127.922358,38.040192,5682.4888128,58.017,-41.942,19.673,0.8679020888729352
198.35,127.922364,38.040221,5678.9080224,57.894,-41.859,19.889,0.8679020888729352
198.3666,127.922371,38.04025,5675.329975199999,57.77,-41.777,20.105,0.8679020888729352
198.3833,127.922377,38.040279,5671.7546712,57.643,-41.694,20.32,0.8679020888729352
198.4,127.922384,38.040308,5668.182415200001,57.515,-41.61,20.535,0.8679020888729352
198.4166,127.922391,38.040337,5664.612597600001,57.385,-41.526,20.749,0.8679020888729352
198.4333,127.922399,38.040366,5661.0461328,57.251,-41.442,20.962,0.8679020888729352
198.45,127.922406,38.040395,5657.482411200001,57.113,-41.357,21.175,0.8679020888729352
198.4666,127.922414,38.040424,5653.921737600001,56.972,-41.271,21.388,0.8679020888729352
198.4833,127.922421,38.040453,5650.364112,56.828,-41.185,21.599,0.8679020888729352
198.5,127.922429,38.040482,5646.809534399999,56.682,-41.098,21.811,0.8679020888729352
198.5166,127.922437,38.040511,5643.258309600001,56.533,-41.011,22.022,0.8679020888729352
198.5333,127.922446,38.04054,5639.710437600001,56.38,-40.924,22.232,0.8679020888729352
198.55,127.922454,38.040569,5636.1656136,56.222,-40.835,22.441,0.8679020888729352
198.5666,127.922463,38.040598,5632.624447200001,56.061,-40.746,22.65,0.8679020888729352
198.5833,127.922472,38.040627,5629.086633600001,55.896,-40.657,22.858,0.8679020888729352
198.6,127.922481,38.040657,5625.5521728,55.729,-40.567,23.066,0.8679020888729352
198.6166,127.92249,38.040686,5622.021369600001,55.56,-40.476,23.273,0.8679020888729352
198.6333,127.9225,38.040715,5618.4939192,55.386,-40.385,23.48,0.8679020888729352
198.65,127.922509,38.040744,5614.9704312,55.209,-40.293,23.685,0.8679020888729352
198.6666,127.922519,38.040774,5611.450296,55.029,-40.201,23.89,0.8679020888729352
198.6833,127.922529,38.040803,5607.934123200001,54.847,-40.108,24.095,0.8679020888729352
198.7,127.922539,38.040832,5604.421608,54.662,-40.014,24.298,0.8679020888729352
198.7166,127.922549,38.040861,5600.912750400001,54.476,-39.92,24.501,0.8679020888729352
198.7333,127.92256,38.040891,5597.408160000001,54.287,-39.825,24.703,0.8679020888729352
198.75,127.922571,38.04092,5593.9072272,54.097,-39.73,24.904,0.8679020888729352
198.7666,127.922581,38.040949,5590.409952000001,53.905,-39.634,25.105,0.8679020888729352
198.7833,127.922592,38.040979,5586.916944,53.711,-39.537,25.304,0.8679020888729352
198.8,127.922604,38.041008,5583.4282032,53.517,-39.44,25.503,0.8679020888729352
198.8166,127.922615,38.041038,5579.943120000001,53.322,-39.343,25.701,0.8679020888729352
198.8333,127.922627,38.041067,5576.462304000001,53.128,-39.245,25.898,0.8679020888729352
198.85,127.922638,38.041096,5572.9857552,52.935,-39.146,26.094,0.8679020888729352
198.8666,127.92265,38.041126,5569.513473600001,52.743,-39.047,26.29,0.8679020888729352
198.8833,127.922662,38.041155,5566.045154400001,52.552,-38.948,26.485,0.8679020888729352
198.9,127.922675,38.041185,5562.581407199999,52.363,-38.848,26.678,0.8679020888729352
198.9166,127.922687,38.041214,5559.1216224,52.174,-38.747,26.871,0.8679020888729352
198.9333,127.9227,38.041244,5555.6664096,51.99,-38.646,27.063,0.8679020888729352
198.95,127.922713,38.041273,5552.215464000001,51.81,-38.545,27.255,0.8679020888729352
198.9666,127.922726,38.041303,5548.7690904,51.633,-38.443,27.445,0.8679020888729352
198.9833,127.922739,38.041332,5545.3272888,51.46,-38.341,27.635,0.8679020888729352
199.0,127.922752,38.041362,5541.8897544,51.29,-38.239,27.824,0.8679020888729352
199.0166,127.922766,38.041391,5538.457096800001,51.123,-38.136,28.012,0.8679020888729352
199.0333,127.922779,38.041421,5535.029011200001,50.96,-38.033,28.199,0.8679020888729352
199.05,127.922793,38.041451,5531.6054976000005,50.802,-37.929,28.385,0.8679020888729352
199.0666,127.922807,38.04148,5528.186556000001,50.648,-37.826,28.571,0.8679020888729352
199.0833,127.922822,38.04151,5524.7724912,50.497,-37.722,28.755,0.8679020888729352
199.1,127.922836,38.041539,5521.3633032,50.349,-37.617,28.939,0.8679020888729352
199.1166,127.922851,38.041569,5517.958992000001,50.204,-37.512,29.122,0.8679020888729352
199.1333,127.922865,38.041599,5514.5595576,50.063,-37.407,29.304,0.8679020888729352
199.15,127.92288,38.041628,5511.165,49.925,-37.301,29.485,0.8679020888729352
199.1666,127.922895,38.041658,5507.775319200001,49.79,-37.195,29.666,0.8679020888729352
199.1833,127.922911,38.041688,5504.3908200000005,49.658,-37.089,29.846,0.8679020888729352
199.2,127.922926,38.041717,5501.0115024,49.528,-36.983,30.025,0.8679020888729352
199.2166,127.922942,38.041747,5497.6370615999995,49.4,-36.876,30.204,0.8679020888729352
199.2333,127.922957,38.041777,5494.2681072,49.274,-36.769,30.382,0.8679020888729352
199.25,127.922973,38.041807,5490.904029599999,49.149,-36.662,30.559,0.8679020888729352
199.2666,127.922989,38.041836,5487.5454384,49.027,-36.554,30.736,0.8679020888729352
199.2833,127.923006,38.041866,5484.192028800001,48.906,-36.446,30.912,0.8679020888729352
199.3,127.923022,38.041896,5480.8441056,48.786,-36.338,31.087,0.8679020888729352
199.3166,127.923039,38.041926,5477.5016688000005,48.668,-36.229,31.262,0.8679020888729352
199.3333,127.923056,38.041955,5474.1644136,48.55,-36.12,31.436,0.8679020888729352
199.35,127.923073,38.041985,5470.8326448,48.434,-36.011,31.609,0.8679020888729352
199.3666,127.92309,38.042015,5467.5066672,48.319,-35.902,31.782,0.8679020888729352
199.3833,127.923107,38.042045,5464.1858712,48.205,-35.792,31.955,0.8679020888729352
199.4,127.923125,38.042074,5460.8708664,48.092,-35.682,32.127,0.8679020888729352
199.4166,127.923142,38.042104,5457.5616528,47.98,-35.572,32.298,0.8679020888729352
199.4333,127.92316,38.042134,5454.2579256,47.869,-35.461,32.469,0.8679020888729352
199.45,127.923178,38.042164,5450.9599896,47.759,-35.35,32.639,0.8679020888729352
199.4666,127.923196,38.042193,5447.6678448,47.649,-35.239,32.809,0.8679020888729352
199.4833,127.923215,38.042223,5444.381491200001,47.541,-35.128,32.979,0.8679020888729352
199.5,127.923233,38.042253,5441.1009288000005,47.433,-35.016,33.147,0.8679020888729352
199.5166,127.923252,38.042283,5437.8261575999995,47.325,-34.905,33.316,0.8679020888729352
199.5333,127.923271,38.042313,5434.5574824000005,47.219,-34.793,33.484,0.8679020888729352
199.55,127.92329,38.042342,5431.2949032,47.113,-34.68,33.651,0.8679020888729352
199.5666,127.923309,38.042372,5428.038115200001,47.008,-34.568,33.818,0.8679020888729352
199.5833,127.923329,38.042402,5424.7874232,46.904,-34.455,33.984,0.8679020888729352
199.6,127.923348,38.042432,5421.5425224,46.8,-34.342,34.15,0.8679020888729352
199.6166,127.923368,38.042462,5418.304022400001,46.697,-34.229,34.315,0.8679020888729352
199.6333,127.923388,38.042492,5415.0716184,46.595,-34.115,34.48,0.8679020888729352
199.65,127.923408,38.042521,5411.845615200001,46.494,-34.002,34.645,0.8679020888729352
199.6666,127.923428,38.042551,5408.625708,46.394,-33.888,34.809,0.8679020888729352
199.6833,127.923448,38.042581,5405.4118968,46.295,-33.774,34.973,0.8679020888729352
199.7,127.923469,38.042611,5402.2044864,46.196,-33.659,35.136,0.8679020888729352
199.7166,127.92349,38.042641,5399.0034768000005,46.099,-33.545,35.298,0.8679020888729352
199.7333,127.923511,38.04267,5395.8091728,46.002,-33.43,35.46,0.8679020888729352
199.75,127.923532,38.0427,5392.6209648,45.905,-33.315,35.622,0.8679020888729352
199.7666,127.923553,38.04273,5389.4391576,45.809,-33.2,35.783,0.8679020888729352
199.7833,127.923574,38.04276,5386.264056000001,45.714,-33.084,35.944,0.8679020888729352
199.8,127.923596,38.04279,5383.0953552,45.619,-32.969,36.104,0.8679020888729352
199.8166,127.923618,38.042819,5379.933360000001,45.525,-32.853,36.264,0.8679020888729352
199.8333,127.923639,38.042849,5376.777765600001,45.43,-32.737,36.424,0.8679020888729352
199.85,127.923662,38.042879,5373.6291816,45.336,-32.62,36.583,0.8679020888729352
199.8666,127.923684,38.042909,5370.4869984,45.241,-32.504,36.741,0.8679020888729352
199.8833,127.923706,38.042939,5367.3518256,45.147,-32.387,36.899,0.8679020888729352
199.9,127.923729,38.042968,5364.2233584000005,45.052,-32.27,37.056,0.8679020888729352
199.9166,127.923751,38.042998,5361.1015968,44.958,-32.152,37.214,0.8679020888729352
199.9333,127.923774,38.043028,5357.9868456,44.863,-32.035,37.37,0.8679020888729352
199.95,127.923797,38.043058,5354.8791048,44.769,-31.917,37.527,0.8679020888729352
199.9666,127.923821,38.043088,5351.778069600001,44.675,-31.799,37.682,0.8679020888729352
